36
28
63
8
71
23
51
44
27
64
23
59
28
56
28
47
51
23
67
15
72
31
40
63
15
75
24
59
35
47
55
36
59
28
64
23
63
44
31
72
16
76
28
52
56
27
72
28
63
36
59
43
51
60
32
71
23
76
39
44
72
19
80
31
63
47
47
64
39
68
36
71
35
64
56
35
76
24
83
36
55
64
31
80
32
67
40
60
52
48
68
36
75
28
75
47
44
76
23
84
36
64
56
43
75
40
72
40
72
40
64
63
36
79
28
83
39
55
72
31
87
35
72
48
60
64
47
72
39
76
36
76
55
44
80
27
87
40
67
64
40
79
39
75
44
72
51
60
68
39
80
31
87
48
52
79
28
88
39
72
52
56
72
47
76
44
79
40
72
63
44
84
27
88
44
64
71
36
87
39
76
48
68
59
56
72
43
80
36
83
56
48
84
28
92
39
68
60
47
83
44
75
44
76
47
67
68
40
83
31
87
47
56
79
31
92
40
76
56
59
72
48
76
44
80
43
76
64
48
88
32
92
44
67
71
43
91
44
79
51
72
63
64
76
48
88
39
88
60
55
88
35
99
48
80
68
56
87
52
87
56
88
56
83
80
55
100
47
104
64
79
96
56
112
63
99
79
92
96
83
108
79
120
79
123
103
91
132
79
144
95
124
119
104
143
104
139
107
139
115
132
136
108
155
103
159
119
135
155
111
171
119
155
132
148
147
136
160
127
168
120
167
140
132
171
115
179
123
159
144
135
164
127
160
127
160
123
152
144
123
164
107
167
119
140
143
115
160
115
151
119
144
127
135
143
116
159
107
163
127
136
160
112
176
124
160
136
152
156
139
164
132
175
128
176
148
143
179
124
188
136
172
156
151
179
143
180
144
180
144
175
168
148
191
135
196
148
176
179
152
199
151
192
159
187
163
179
184
155
200
144
203
163
175
191
147
208
155
191
168
184
180
175
195
160
204
156
207
175
175
207
156
219
168
204
184
188
204
180
211
175
216
175
216
196
183
224
167
236
183
215
204
195
228
191
228
191
227
191
224
215
196
239
184
247
200
227
227
207
248
207
243
208
244
211
240
236
212
259
200
267
215
243
244
219
264
220
259
228
260
232
252
255
228
276
216
283
232
259
263
236
283
236
276
240
275
243
272
268
244
291
232
295
243
275
268
248
288
247
287
251
288
248
280
267
243
287
227
292
239
271
264
255
288
251
288
251
291
248
288
267
256
296
240
308
251
287
271
272
287
263
295
259
300
256
304
275
272
308
252
320
263
303
280
292
295
283
307
271
316
267
323
284
291
315
267
328
276
315
288
312
299
300
315
283
331
276
335
291
307
323
284
339
287
331
296
328
303
320
324
296
343
288
351
299
328
328
304
348
303
344
308
344
308
339
332
311
359
295
364
307
343
331
323
351
316
351
316
356
312
355
331
323
363
304
371
312
351
328
339
343
328
352
315
360
308
364
324
336
359
311
371
315
356
327
352
336
339
355
320
368
311
375
323
348
356
324
376
323
367
331
367
331
360
356
332
379
320
388
331
367
352
344
375
336
376
335
379
332
380
352
347
384
324
395
335
375
352
364
367
356
379
343
391
335
395
351
367
384
339
400
347
391
356
387
360
376
384
351
404
343
407
355
387
383
363
403
360
400
360
400
359
400
383
367
412
348
419
360
400
376
388
396
375
403
367
415
360
416
376
388
408
363
423
368
411
379
411
388
400
407
376
428
368
436
380
412
404
388
428
384
424
384
427
383
424
403
392
435
372
444
383
427
400
412
412
403
428
388
439
380
444
396
416
427
388
443
391
436
399
435
400
428
424
400
447
387
455
396
435
420
419
440
411
444
407
452
399
455
419
428
451
403
467
411
452
420
451
428
439
447
416
467
404
471
416
452
444
431
463
424
463
424
468
420
471
439
439
471
416
483
424
467
435
459
448
451
463
428
480
420
487
431
464
456
440
480
436
475
435
479
432
480
452
447
483
423
496
435
479
447
471
455
459
476
440
491
428
499
444
475
467
455
488
448
488
448
492
444
495
464
468
500
444
512
452
499
463
496
471
487
492
459
512
447
520
459
499
480
483
500
472
508
463
515
459
519
475
492
507
468
523
467
516
476
516
476
512
492
483
524
463
535
472
520
488
511
495
500
515
476
531
468
536
483
515
504
499
524
488
527
484
532
479
539
496
512
531
483
547
487
536
495
535
495
531
516
503
547
484
556
495
539
507
528
519
519
539
500
552
492
559
503
540
528
519
548
512
552
508
559
504
564
519
535
555
512
571
512
559
519
559
520
559
540
528
571
508
579
519
564
532
556
540
548
560
523
580
512
587
528
567
548
548
567
540
576
532
588
528
592
543
568
576
543
595
540
587
544
591
540
592
560
560
595
536
607
544
591
552
587
556
583
579
551
603
536
612
547
595
563
583
576
572
592
551
608
544
615
555
592
580
575
600
567
603
559
612
552
615
568
592
600
567
619
567
611
568
615
567
616
584
587
619
563
632
571
619
579
619
583
615
603
583
631
568
640
579
624
591
619
604
608
619
584
640
572
648
588
632
607
616
624
604
635
592
648
583
652
599
632
624
611
644
603
644
600
651
595
656
607
632
640
607
660
604
652
608
656
604
659
623
631
655
607
672
611
664
620
664
624
667
643
639
676
615
688
624
676
635
672
639
667
660
640
688
623
699
632
683
647
676
656
668
675
643
699
628
704
639
688
656
676
671
668
684
647
704
636
711
647
691
668
680
684
668
695
652
708
644
716
656
699
679
679
700
672
707
660
719
655
723
668
704
692
683
712
676
715
668
723
664
731
676
708
704
683
727
680
724
676
731
671
735
688
712
716
687
736
684
731
687
735
680
740
695
716
727
692
747
691
739
691
744
688
748
703
720
736
696
751
695
743
699
748
696
752
708
723
743
700
760
699
751
703
751
699
759
716
732
752
708
771
712
763
716
767
716
771
731
743
763
715
779
716
768
723
771
720
775
735
748
767
720
780
720
771
724
771
720
776
736
747
767
723
783
723
775
724
775
723
780
735
751
767
724
787
727
776
731
780
728
787
743
759
776
736
791
735
784
736
787
732
795
747
767
779
743
799
743
792
743
795
739
800
755
775
784
751
803
748
799
751
803
744
808
756
787
787
760
808
756
807
755
811
752
819
763
795
792
771
811
767
812
763
820
755
827
768
804
796
784
819
775
819
768
828
764
835
775
812
799
796
820
787
824
779
840
772
848
788
832
808
815
827
808
840
792
852
783
860
792
840
811
827
824
815
839
795
859
784
863
795
848
811
836
823
828
839
800
860
787
868
799
851
812
843
819
836
835
808
863
791
872
804
856
816
852
819
851
836
823
867
803
879
812
868
820
868
820
868
840
839
872
816
887
820
876
828
879
824
884
839
856
872
831
888
832
883
831
887
828
896
840
872
867
852
888
843
891
836
899
832
904
843
887
864
871
883
863
891
844
907
836
916
848
900
863
891
875
880
892
859
915
844
923
851
908
864
904
871
904
887
875
919
855
931
859
916
868
919
867
923
884
899
920
879
940
879
936
884
940
880
951
892
928
916
907
936
899
940
888
952
879
956
891
940
908
927
916
915
932
892
952
876
956
884
939
896
935
896
927
912
900
940
875
952
880
935
887
936
883
939
895
915
924
891
940
888
940
884
947
880
952
891
935
916
920
935
912
944
896
960
888
967
899
952
916
944
923
939
944
915
971
899
979
908
967
920
964
920
967
936
939
968
915
984
919
976
924
980
919
987
928
964
956
943
976
936
979
928
991
919
999
932
983
951
972
960
964
976
940
1000
927
1008
935
996
948
991
951
992
968
968
1000
944
1011
947
1003
952
1007
947
1015
959
991
984
971
1004
967
1008
956
1020
947
1027
960
1012
976
1004
987
996
1008
976
1036
963
1048
976
1039
991
1039
991
1044
1008
1020
1043
996
1056
996
1052
995
1056
988
1064
1000
1044
1024
1028
1039
1020
1052
1003
1067
992
1075
1004
1060
1016
1055
1020
1055
1036
1031
1068
1008
1083
1011
1072
1015
1071
1012
1079
1023
1060
1047
1039
1068
1031
1072
1020
1087
1015
1095
1023
1080
1039
1075
1048
1071
1064
1048
1096
1028
1108
1035
1095
1040
1096
1040
1104
1051
1084
1079
1064
1095
1059
1103
1048
1116
1040
1123
1052
1107
1068
1104
1071
1100
1091
1075
1119
1056
1131
1060
1120
1064
1124
1060
1131
1071
1111
1096
1091
1115
1083
1124
1071
1140
1060
1147
1071
1131
1084
1127
1083
1127
1100
1103
1131
1079
1144
1080
1139
1079
1144
1076
1152
1083
1135
1103
1123
1115
1119
1131
1099
1156
1080
1167
1088
1152
1099
1152
1096
1159
1108
1139
1132
1123
1148
1115
1156
1104
1172
1092
1180
1104
1164
1115
1160
1119
1160
1131
1140
1163
1116
1179
1115
1172
1112
1180
1108
1188
1119
1171
1135
1163
1147
1156
1159
1135
1187
1115
1199
1124
1187
1132
1196
1136
1208
1151
1196
1179
1183
1196
1176
1208
1164
1231
1152
1243
1164
1228
1175
1228
1175
1232
1184
1211
1212
1191
1227
1184
1232
1175
1247
1167
1252
1176
1240
1187
1235
1188
1239
1203
1215
1232
1192
1244
1188
1243
1183
1252
1172
1260
1184
1243
1195
1236
1199
1235
1212
1212
1239
1191
1256
1191
1251
1191
1259
1184
1268
1195
1251
1212
1247
1215
1243
1232
1223
1259
1200
1272
1203
1264
1204
1272
1200
1279
1207
1264
1224
1256
1232
1252
1248
1232
1275
1211
1288
1215
1280
1216
1284
1211
1291
1219
1275
1239
1267
1247
1259
1260
1239
1287
1219
1296
1219
1287
1224
1292
1219
1299
1228
1283
1247
1272
1252
1264
1268
1244
1295
1224
1308
1228
1295
1232
1299
1228
1304
1235
1292
1255
1279
1263
1276
1276
1256
1304
1235
1315
1239
1307
1244
1311
1240
1320
1248
1304
1267
1295
1276
1291
1291
1271
1320
1252
1332
1255
1320
1259
1327
1256
1339
1272
1331
1295
1327
1304
1328
1324
1311
1356
1292
1368
1299
1363
1300
1371
1299
1384
1307
1368
1324
1363
1324
1363
1339
1344
1364
1324
1380
1320
1375
1315
1388
1307
1396
1312
1380
1324
1379
1323
1384
1331
1364
1352
1343
1364
1339
1372
1323
1391
1307
1396
1312
1384
1319
1384
1315
1392
1323
1376
1344
1368
1352
1363
1364
1344
1392
1327
1404
1331
1396
1331
1404
1324
1411
1332
1400
1347
1396
1351
1396
1360
1379
1388
1360
1404
1355
1403
1348
1423
1335
1427
1344
1415
1356
1415
1352
1424
1360
1408
1380
1396
1392
1392
1404
1372
1427
1355
1439
1360
1427
1360
1432
1356
1439
1363
1428
1379
1420
1380
1420
1391
1403
1419
1383
1431
1380
1431
1371
1448
1363
1456
1372
1443
1380
1443
1380
1448
1387
1432
1411
1420
1420
1416
1431
1400
1455
1384
1468
1388
1456
1391
1464
1387
1472
1396
1459
1412
1456
1416
1459
1428
1443
1459
1432
1479
1435
1484
1427
1508
1424
1516
1435
1507
1447
1512
1444
1523
1456
1511
1475
1504
1484
1503
1496
1483
1523
1468
1531
1467
1527
1460
1539
1452
1547
1460
1535
1468
1531
1467
1539
1472
1523
1491
1515
1496
1507
1503
1492
1527
1471
1536
1471
1531
1464
1543
1455
1548
1460
1536
1467
1531
1467
1539
1472
1527
1491
1516
1500
1515
1508
1499
1531
1484
1547
1484
1543
1475
1555
1467
1563
1476
1551
1488
1555
1483
1564
1492
1548
1512
1540
1515
1543
1527
1523
1552
1508
1563
1508
1564
1500
1580
1491
1588
1500
1576
1508
1579
1504
1587
1511
1576
1528
1568
1531
1572
1540
1556
1563
1540
1579
1536
1579
1527
1599
1516
1608
1523
1596
1527
1603
1523
1611
1531
1600
1544
1596
1544
1600
1555
1584
1576
1572
1587
1572
1591
1559
1615
1544
1624
1548
1615
1543
1627
1539
1635
1547
1623
1556
1620
1555
1627
1560
1616
1579
1607
1588
1612
1600
1600
1627
1587
1644
1591
1651
1591
1668
1584
1680
1591
1672
1596
1675
1596
1687
1604
1679
1619
1676
1623
1684
1631
1671
1651
1659
1659
1659
1667
1648
1688
1631
1696
1632
1692
1624
1707
1616
1711
1619
1700
1624
1700
1619
1707
1620
1691
1631
1688
1628
1691
1631
1671
1648
1659
1655
1656
1660
1644
1679
1624
1687
1624
1683
1619
1699
1611
1707
1615
1696
1620
1699
1619
1708
1624
1696
1636
1692
1636
1699
1643
1688
1664
1676
1668
1676
1679
1664
1699
1651
1712
1652
1711
1644
1723
1635
1731
1643
1720
1648
1727
1644
1736
1651
1723
1664
1724
1664
1731
1671
1715
1687
1708
1696
1707
1704
1696
1724
1680
1736
1679
1732
1671
1752
1664
1760
1668
1747
1671
1752
1668
1764
1676
1751
1688
1747
1684
1759
1691
1744
1708
1739
1715
1740
1723
1723
1744
1711
1755
1712
1755
1704
1776
1692
1784
1699
1775
1699
1784
1692
1791
1700
1779
1711
1780
1707
1791
1715
1780
1731
1776
1732
1779
1739
1768
1760
1759
1771
1764
1780
1759
1804
1751
1819
1756
1819
1756
1836
1748
1847
1755
1835
1760
1847
1756
1856
1764
1844
1772
1847
1768
1859
1776
1847
1787
1847
1788
1856
1795
1844
1811
1835
1811
1839
1819
1824
1836
1816
1843
1815
1843
1807
1859
1792
1864
1792
1860
1787
1868
1775
1875
1780
1860
1780
1868
1776
1875
1780
1860
1788
1863
1784
1871
1791
1863
1804
1860
1807
1864
1812
1852
1828
1844
1832
1848
1839
1836
1859
1824
1867
1828
1867
1823
1888
1812
1895
1816
1887
1815
1900
1808
1908
1815
1896
1819
1903
1816
1915
1823
1903
1832
1903
1832
1915
1835
1903
1851
1900
1851
1908
1855
1895
1871
1887
1876
1891
1879
1880
1895
1867
1904
1871
1907
1864
1924
1852
1931
1852
1924
1852
1936
1844
1944
1848
1931
1852
1939
1848
1951
1852
1939
1860
1940
1859
1947
1864
1939
1876
1935
1872
1943
1879
1931
1892
1928
1892
1931
1900
1920
1916
1911
1923
1912
1927
1903
1940
1892
1952
1896
1947
1892
1964
1879
1972
1884
1963
1883
1976
1879
1983
1883
1972
1887
1975
1884
1987
1891
1975
1899
1975
1899
1987
1904
1979
1919
1976
1916
1987
1924
1984
1943
1980
1948
1988
1956
1984
1979
1980
1987
1987
1995
1984
2011
1975
2019
1979
2019
1979
2035
1967
2044
1971
2039
1971
2052
1963
2059
1967
2048
1968
2060
1963
2068
1968
2056
1971
2060
1964
2068
1967
2056
1972
2055
1964
2063
1968
2051
1975
2047
1967
2055
1972
2047
1980
2043
1979
2052
1983
2043
1995
2039
1995
2044
1995
2035
2008
2032
2008
2036
2015
2028
2028
2019
2032
2024
2032
2016
2047
2008
2052
2012
2051
2007
2064
2000
2072
2004
2068
2004
2079
1995
2088
1999
2080
1999
2091
1996
2099
2000
2091
2003
2099
1999
2107
2007
2095
2011
2100
2007
2112
2015
2100
2019
2103
2016
2115
2023
2104
2031
2104
2031
2116
2036
2107
2047
2107
2044
2115
2048
2108
2059
2103
2059
2111
2060
2103
2076
2103
2076
2104
2080
2100
2091
2096
2096
2100
2099
2092
2111
2087
2116
2091
2116
2088
2127
2080
2135
2084
2131
2083
2144
2075
2148
2080
2144
2079
2159
2072
2163
2076
2156
2076
2168
2071
2172
2079
2164
2076
2175
2075
2179
2079
2168
2083
2180
2076
2187
2084
2175
2087
2180
2084
2191
2092
2183
2095
2188
2095
2199
2103
2195
2115
2199
2112
2211
2120
2204
2131
2204
2127
2216
2132
2211
2140
2208
2136
2219
2139
2211
2147
2207
2144
2215
2144
2208
2151
2204
2147
2211
2148
2204
2159
2204
2160
2212
2159
2203
2172
2204
2168
2212
2171
2203
2180
2204
2180
2212
2184
2204
2195
2203
2195
2211
2196
2207
2207
2208
2212
2215
2211
2211
2220
2207
2223
2215
2224
2211
2235
2208
2239
2215
2235
2216
2247
2211
2251
2220
2252
2220
2260
2216
2264
2224
2263
2223
2275
2219
2276
2224
2275
2228
2283
2223
2288
2227
2283
2228
2291
2224
2296
2227
2288
2232
2299
2224
2303
2232
2295
2231
2308
2228
2308
2232
2303
2236
2311
2227
2315
2235
2304
2235
2316
2231
2319
2235
2311
2235
2319
2231
2324
2236
2315
2235
2323
2232
2328
2236
2319
2239
2328
2232
2332
2240
2323
2239
2331
2236
2335
2240
2327
2244
2336
2239
2343
2243
2332
2248
2343
2243
2348
2248
2336
2251
2348
2247
2352
2252
2343
2255
2352
2248
2359
2256
2348
2259
2359
2255
2364
2263
2356
2267
2368
2263
2376
2271
2364
2275
2376
2272
2383
2279
2372
2284
2383
2280
2388
2284
2379
2284
2384
2279
2391
2284
2376
2283
2387
2279
2391
2287
2379
2287
2391
2287
2396
2291
2384
2291
2396
2291
2400
2296
2391
2300
2400
2296
2404
2304
2395
2304
2408
2303
2412
2307
2404
2311
2416
2312
2419
2316
2411
2320
2424
2319
2428
2327
2419
2328
2428
2324
2432
2331
2424
2335
2436
2331
2439
2340
2428
2340
2440
2339
2443
2344
2431
2347
2443
2343
2444
2351
2435
2352
2444
2347
2447
2355
2440
2359
2451
2356
2451
2363
2443
2364
2451
2363
2456
2368
2443
2372
2455
2368
2455
2375
2448
2380
2456
2379
2459
2387
2448
2391
2459
2388
2459
2396
2452
2399
2460
2399
2459
2408
2451
2412
2460
2411
2459
2420
2452
2424
2459
2423
2459
2435
2451
2436
2460
2436
2455
2448
2455
2452
2463
2460
2464
2475
2468
2484
2480
2491
2479
2508
2480
2515
2491
2523
2491
2536
2492
2536
2499
2543
2495
2556
2491
2559
2503
2564
2495
2576
2496
2575
2504
2583
2500
2596
2504
2592
2508
2595
2503
2607
2504
2604
2507
2608
2504
2615
2507
2608
2507
2612
2503
2619
2504
2608
2504
2615
2503
2620
2508
2608
2511
2615
2508
2616
2512
2608
2519
2616
2515
2615
2524
2604
2532
2611
2532
2608
2540
2599
2547
2607
2551
2607
2563
2599
2572
2603
2575
2600
2588
2592
2592
2596
2600
2595
2612
2588
2616
2596
2623
2592
2639
2587
2639
2596
2647
2591
2663
2591
2667
2600
2672
2596
2687
2600
2688
2607
2695
2604
2712
2607
2708
2612
2715
2608
2728
2615
2723
2620
2731
2620
2739
2624
2731
2632
2743
2631
2743
2643
2736
2651
2743
2651
2743
2664
2735
2675
2736
2680
2732
2692
2723
2700
2720
2708
2715
2723
2707
2727
2707
2735
2699
2751
2695
2752
2696
2756
2687
2771
2684
2767
2684
2771
2679
2783
2676
2779
2676
2783
2676
2795
2676
2784
2679
2795
2679
2800
2687
2787
2692
2796
2692
2792
2703
2783
2712
2784
2715
2779
2727
2768
2739
2764
2743
2759
2760
2748
2767
2752
2776
2743
2792
2735
2796
2739
2800
2731
2812
2724
2812
2727
2816
2719
2828
2716
2819
2715
2824
2712
2835
2716
2824
2720
2832
2719
2836
2727
2824
2735
2831
2735
2827
2748
2815
2755
2816
2763
2803
2776
2792
2783
2791
2788
2780
2803
2772
2804
2768
2812
2756
2824
2751
2823
2752
2828
2739
2839
2736
2831
2732
2836
2727
2844
2724
2831
2723
2836
2720
2840
2723
2824
2727
2832
2724
2828
2732
2816
2743
2815
2744
2807
2756
2795
2763
2792
2771
2784
2784
2771
2788
2772
2795
2763
2808
2756
2811
2756
2819
2747
2832
2744
2832
2743
2836
2736
2848
2735
2844
2739
2851
2736
2859
2740
2848
2743
2859
2744
2860
2755
2848
2763
2855
2768
2851
2779
2839
2792
2840
2796
2832
2811
2823
2820
2823
2828
2811
2844
2804
2851
2804
2860
2795
2872
2791
2876
2796
2880
2787
2895
2788
2891
2788
2899
2787
2908
2792
2903
2795
2911
2796
2916
2807
2907
2816
2912
2819
2911
2832
2899
2847
2899
2855
2892
2872
2884
2883
2884
2891
2872
2907
2864
2915
2864
2920
2856
2935
2848
2936
2851
2943
2840
2952
2840
2948
2843
2955
2840
2963
2844
2956
2852
2963
2852
2964
2863
2952
2876
2956
2883
2948
2900
2935
2907
2931
2920
2923
2935
2911
2943
2911
2956
2899
2971
2895
2975
2896
2979
2887
2996
2884
2992
2884
3000
2883
3008
2887
3000
2892
3008
2895
3011
2907
2999
2920
2999
2924
2991
2940
2979
2951
2975
2964
2964
2979
2952
2988
2951
2996
2939
3015
2932
3019
2932
3023
2927
3036
2923
3035
2923
3044
2924
3051
2931
3040
2940
3048
2943
3047
2956
3035
2971
3032
2975
3020
2991
3008
3004
3004
3016
2991
3035
2979
3039
2979
3048
2967
3063
2963
3063
2963
3072
2959
3083
2960
3075
2963
3083
2967
3084
2975
3072
2988
3075
2995
3068
3011
3051
3023
3044
3035
3031
3056
3019
3064
3020
3075
3007
3092
2999
3096
3000
3103
2996
3115
2995
3112
2999
3120
3000
3123
3008
3112
3020
3115
3024
3104
3040
3092
3052
3083
3063
3071
3083
3056
3091
3052
3104
3039
3120
3031
3123
3032
3128
3024
3143
3024
3139
3024
3148
3023
3151
3032
3140
3047
3143
3051
3132
3067
3120
3080
3111
3095
3100
3115
3083
3123
3083
3135
3067
3152
3059
3156
3060
3160
3052
3172
3051
3168
3056
3179
3056
3179
3068
3167
3080
3167
3087
3159
3104
3140
3120
3136
3135
3120
3152
3108
3160
3104
3168
3092
3187
3083
3187
3084
3196
3079
3207
3083
3200
3088
3208
3091
3204
3104
3192
3120
3187
3132
3172
3152
3155
3164
3152
3176
3136
3195
3124
3204
3123
3207
3111
3223
3108
3223
3108
3231
3108
3236
3115
3228
3127
3228
3136
3220
3152
3207
3168
3195
3183
3184
3200
3167
3211
3163
3220
3151
3240
3143
3243
3139
3251
3135
3263
3135
3255
3139
3263
3147
3263
3159
3251
3175
3248
3188
3236
3208
3220
3224
3211
3236
3196
3255
3184
3263
3184
3271
3171
3284
3168
3284
3168
3292
3167
3296
3172
3287
3188
3287
3196
3279
3212
3259
3228
3252
3244
3236
3263
3223
3275
3219
3287
3203
3303
3199
3303
3196
3312
3192
3319
3195
3312
3203
3319
3207
3311
3224
3295
3239
3288
3251
3272
3272
3256
3287
3248
3296
3231
3316
3220
3316
3216
3327
3208
3335
3211
3332
3215
3339
3220
3335
3232
3320
3247
3308
3259
3295
3279
3276
3292
3271
3307
3252
3327
3243
3332
3235
3340
3227
3352
3228
3348
3228
3356
3235
3352
3244
3340
3259
3332
3271
3320
3295
3299
3308
3292
3324
3276
3343
3264
3347
3259
3359
3248
3372
3247
3368
0
0
0
0
0
0
0
1
1
1
1
1
2
2
2
2
1
1
1
1
0
0
1
1
1
0
0
1
1
2
2
2
3
3
3
2
2
2
2
2
1
1
2
2
2
2
2
2
2
2
2
2
3
3
3
2
2
2
2
2
2
2
2
2
2
1
1
1
1
1
1
-1
-1
0
-1
-1
-1
-1
-1
-1
-1
-1
-1
-2
-1
-1
-2
-1
-2
-2
-1
-2
-2
-2
-2
-2
-1
-1
-1
-1
-1
0
0
-1
0
0
0
0
0
0
0
0
0
0
0
0
0
0
0
0
0
0
0
0
-1
-1
-1
0
0
0
0
0
-1
-1
-1
0
0
1
1
1
0
0
0
0
0
1
1
1
0
0
0
1
1
1
1
1
1
1
1
1
1
1
1
1
0
0
0
0
0
1
1
1
1
1
1
1
1
1
1
1
2
2
1
1
1
1
1
1
1
1
1
1
2
1
1
1
1
1
1
1
1
1
1
1
1
0
1
1
1
1
1
1
1
1
1
1
1
1
1
0
0
1
1
1
1
1
1
1
1
1
1
1
1
1
0
0
0
0
0
0
0
0
0
0
0
0
1
1
1
1
1
2
2
2
2
3
3
3
3
2
2
2
2
2
1
0
0
0
-1
-1
-1
-2
-2
-2
-2
-2
-2
-2
-1
-1
-2
-2
-2
-2
-1
-1
-1
-1
-1
-1
-1
-1
-1
0
0
0
0
0
0
-1
-1
0
0
0
0
0
0
0
0
0
0
0
1
1
0
0
0
1
1
1
1
1
1
1
1
1
1
1
1
1
0
0
0
0
0
0
0
0
0
0
0
0
0
0
0
0
1
1
1
1
0
0
1
1
1
1
1
1
1
0
0
0
0
1
1
0
0
0
0
0
0
0
0
0
0
0
0
0
0
-1
-1
-1
-1
-1
-1
-1
-1
-1
-1
-1
-1
-1
0
0
0
0
0
-1
-1
-1
-1
-1
-1
-1
-1
-1
-1
-1
-1
-1
0
0
-1
-1
-1
-1
-1
-1
-1
-1
-1
-1
-1
-1
-1
0
0
1
1
1
1
1
1
1
2
2
2
3
3
3
2
2
2
2
3
3
3
2
2
2
1
1
1
1
1
1
1
-1
-1
0
0
0
0
-1
-1
-1
-1
-1
-1
-1
0
0
-1
-1
-1
-1
0
0
0
0
0
0
0
0
0
0
0
0
0
0
0
0
0
0
0
-1
0
0
0
0
0
0
0
0
0
0
-1
-1
0
-1
-1
-1
-1
-1
-1
-1
-1
-1
-1
0
-1
-1
-1
-1
-1
-1
-1
-1
-1
-1
-1
-1
-1
0
0
1
1
1
1
0
0
0
1
1
1
1
0
0
0
-1
-1
-1
0
0
1
0
0
0
0
1
1
0
1
1
1
1
1
0
0
1
1
1
1
1
1
1
1
1
1
1
1
1
0
0
0
0
0
1
1
1
1
1
1
1
1
1
1
1
1
1
0
0
0
0
0
0
0
0
0
1
1
1
1
1
1
1
2
2
2
3
3
3
3
3
3
3
3
3
4
3
3
3
2
2
1
0
0
0
0
0
0
-1
-1
-1
-1
-2
-2
-1
-1
-1
-1
-1
-2
-2
-2
-2
-2
-2
-1
-1
-1
-1
-1
-2
-2
-1
-1
-1
-1
-1
-1
-1
-2
-2
-2
-2
-1
-1
-1
-1
-1
-1
-1
-1
-1
0
0
0
0
0
0
0
0
0
0
0
0
0
-1
-1
-1
-1
-1
-1
-1
-1
-1
-1
-1
-1
0
1
1
1
0
0
0
0
0
0
0
0
0
-1
-1
-1
-1
0
0
0
0
0
0
0
0
0
0
0
0
0
0
0
0
1
1
1
1
1
1
1
1
1
1
1
1
1
0
0
0
0
0
0
1
1
1
1
1
1
1
1
1
1
1
1
1
0
0
0
0
0
0
0
0
0
0
0
0
1
1
1
1
0
1
1
1
1
1
1
2
2
2
2
3
3
4
3
4
4
4
4
4
3
3
3
3
2
2
2
2
1
0
0
0
0
0
0
-1
-1
-1
-1
-1
-1
-1
0
0
0
0
-1
-1
-1
-1
-1
-1
-1
-1
-2
-2
-2
-2
-2
0
0
0
0
-1
-1
-1
-1
0
0
0
0
0
-1
-1
-1
-1
0
0
0
0
0
0
-1
-1
-1
-1
-1
-1
-1
-1
-1
-1
-1
-1
-1
0
0
0
0
0
0
0
0
0
0
0
0
0
0
0
0
0
0
0
0
0
0
0
0
0
0
0
0
0
0
0
0
0
0
0
0
0
0
0
0
0
0
0
0
0
0
0
0
0
0
0
0
0
0
0
0
0
0
1
1
1
1
1
1
1
1
1
1
1
1
1
0
-1
-1
-1
-1
-1
-1
-1
-1
-1
-1
-1
0
0
1
1
1
1
1
1
2
2
2
3
3
3
3
3
3
4
4
4
4
3
4
4
3
3
2
2
2
2
1
1
0
0
0
-1
-1
-1
-1
-2
-2
-2
-2
-2
-2
-1
-2
-2
-2
-2
-2
-2
-1
-1
-1
-1
-2
-2
-2
-1
-1
-1
-1
-1
-1
-1
-1
-2
-2
-1
-1
-1
-1
-1
-1
-1
-1
-1
-1
-1
0
0
0
-1
-1
-1
-1
-1
-1
-1
-1
-1
-1
-1
-1
-1
0
-1
-1
-1
0
0
0
0
0
0
0
0
0
0
1
1
1
0
0
0
0
0
0
0
0
0
0
0
1
1
1
1
0
0
0
0
0
0
0
0
0
0
0
0
0
1
1
0
0
0
0
1
1
1
0
-1
-1
-1
0
0
1
1
0
0
-1
-1
0
0
1
1
1
0
0
0
0
1
1
1
1
0
0
0
1
1
1
2
2
2
2
3
3
4
4
5
5
4
4
5
4
4
5
5
4
4
3
3
2
2
1
1
0
0
0
-2
-2
-2
-2
-2
-3
-3
-3
-2
-2
-3
-3
-3
-2
-2
-3
-3
-3
-2
-2
-2
-2
-3
-2
-2
-2
-2
-2
-1
-1
-1
-2
-2
-2
-2
-1
-1
-1
-1
-1
-1
-1
-2
-2
-1
-1
-1
-1
-1
-1
-1
-1
-1
-1
-1
0
0
0
0
-1
-1
-1
-1
-1
0
0
0
0
0
0
0
0
1
1
1
1
1
0
0
0
0
0
1
1
1
1
1
1
1
1
1
1
1
1
1
0
0
0
0
0
0
0
0
1
1
1
1
1
1
1
1
1
1
1
1
2
1
1
1
1
1
1
1
1
1
1
1
1
0
0
0
0
0
0
1
1
1
1
1
1
0
0
0
0
0
0
0
-1
-1
-1
-1
-1
-1
0
0
0
0
0
1
1
1
1
1
2
3
3
4
4
5
5
5
5
5
5
6
6
5
4
4
3
3
2
2
2
1
1
1
-1
-1
-1
-2
-2
-2
-2
-3
-3
-3
-3
-4
-4
-3
-3
-4
-3
-3
-3
-3
-2
-2
-3
-3
-2
-2
-2
-3
-2
-2
-2
-2
-2
-3
-3
-2
-2
-2
-2
-2
-1
-1
-1
-1
-1
-1
0
0
-1
-1
-1
-1
-1
-1
-1
-1
-1
-1
-1
-1
-1
0
0
0
0
0
0
0
0
1
1
1
1
0
0
0
0
1
1
1
1
1
0
0
0
0
1
1
1
1
0
0
0
0
0
0
0
0
0
0
0
0
0
0
0
0
0
0
0
0
0
0
0
0
0
0
0
0
0
0
0
0
0
0
0
-1
-1
-1
-1
-1
-1
-1
-1
-1
-1
-1
-2
-2
-1
-1
-1
-1
-1
-1
-1
-1
-1
0
0
1
1
0
0
0
0
1
1
1
1
1
0
0
0
0
1
1
1
1
0
0
0
0
0
0
0
0
0
1
1
1
1
1
2
2
3
4
5
5
6
6
6
6
7
8
8
8
8
7
7
6
6
5
5
4
4
3
1
1
0
0
-1
-2
-2
-3
-3
-3
-4
-4
-4
-4
-4
-4
-5
-4
-4
-4
-4
-4
-4
-3
-3
-4
-3
-3
-3
-2
-3
-3
-3
-2
-2
-2
-2
-2
-1
-1
-1
-1
-1
-1
-1
-1
-1
-1
-1
-2
-1
-1
-1
-1
-2
-2
-1
-1
-1
-1
-1
-1
0
-1
-1
-1
-1
0
0
0
0
0
0
0
0
0
0
0
0
0
0
0
0
0
0
0
0
0
0
0
1
1
1
1
0
0
0
0
0
0
1
1
1
0
-1
-1
-1
0
0
0
0
0
1
0
0
0
0
1
1
1
1
1
1
1
2
1
1
1
1
1
1
1
1
1
1
1
1
0
0
0
0
0
0
0
0
0
0
0
0
0
0
0
0
0
1
1
1
1
0
0
0
0
0
0
0
1
1
0
0
0
0
1
1
1
1
2
2
3
2
2
3
3
4
4
5
5
6
6
6
6
6
7
7
6
7
6
6
5
4
3
3
2
2
0
-1
-2
-2
-3
-3
-4
-4
-3
-4
-4
-4
-4
-3
-4
-3
-3
-4
-4
-3
-4
-4
-3
-4
-4
-4
-4
-3
-4
-4
-3
-3
-3
-2
-2
-2
-1
-1
-1
-1
-1
0
0
0
0
0
0
0
0
0
0
0
0
0
-1
-1
-1
-1
-1
-1
-1
-1
-2
-2
-2
-2
-1
0
0
0
-1
-1
-1
-1
0
1
1
1
0
-1
-1
-1
-1
1
1
1
1
0
0
0
0
1
1
1
1
1
0
0
0
-1
-1
-1
0
0
0
0
-1
-1
-1
-1
-1
0
1
1
1
0
0
0
0
1
1
1
1
1
0
0
0
0
0
0
0
0
0
0
0
0
0
0
0
1
1
1
1
1
1
1
1
1
1
1
1
1
0
0
0
0
0
0
0
0
0
0
0
0
0
0
0
0
0
1
1
2
2
2
3
3
4
5
5
6
6
7
7
7
7
7
8
8
8
7
7
7
6
6
5
4
4
3
3
2
0
0
0
-2
-2
-3
-3
-3
-4
-4
-5
-5
-5
-5
-5
-5
-5
-5
-4
-4
-5
-4
-4
-4
-4
-4
-3
-4
-4
-3
-3
-3
-3
-2
-2
-2
-2
-2
-2
-2
-1
-1
-1
-2
-2
-2
-2
-2
-3
-2
-2
-2
-2
-2
-2
-2
-1
-2
-2
-2
-2
-1
-1
-1
-1
-1
-1
-1
-1
-1
0
0
0
0
0
0
0
0
0
0
0
0
0
0
1
1
1
1
1
1
0
1
1
1
1
1
1
0
0
1
1
1
1
1
0
0
0
0
0
0
1
1
0
0
0
0
1
1
1
1
1
1
1
0
0
0
0
0
0
0
0
0
0
0
0
0
0
0
0
0
0
0
1
1
1
1
0
1
1
1
1
1
1
0
0
-1
-1
-1
-1
0
-1
0
0
0
0
0
1
1
1
1
1
1
2
2
2
2
2
3
3
4
5
5
6
7
8
7
8
8
8
9
8
9
8
7
7
7
6
5
5
4
3
3
1
1
-1
-1
-1
-2
-3
-4
-5
-5
-6
-6
-7
-6
-7
-6
-6
-7
-6
-7
-6
-6
-6
-5
-5
-5
-5
-4
-4
-5
-4
-4
-4
-4
-3
-3
-4
-4
-3
-3
-3
-3
-3
-3
-3
-2
-2
-2
-2
-2
-2
-2
-2
-2
-2
-1
-1
-1
-1
-2
-1
-1
0
0
0
0
0
0
0
0
0
1
2
1
1
1
1
1
1
1
1
1
1
1
1
1
1
1
0
1
1
1
1
1
1
1
1
0
0
0
0
2
1
1
1
1
1
0
1
1
1
1
1
1
0
1
1
1
1
1
2
1
1
1
1
2
2
2
1
1
1
1
1
1
1
1
1
1
0
1
1
1
1
1
1
1
1
1
1
1
1
1
0
1
1
1
0
0
0
0
0
1
1
1
1
1
0
1
1
2
3
3
4
4
4
4
5
6
6
7
7
7
8
7
8
7
8
7
7
6
5
5
4
2
2
1
0
-1
-1
-3
-3
-4
-4
-5
-5
-6
-6
-6
-6
-6
-7
-7
-7
-7
-7
-7
-6
-7
-6
-5
-6
-6
-6
-5
-5
-4
-4
-3
-3
-3
-3
-3
-3
-2
-2
-1
-1
-2
-2
-2
-2
-2
-2
-1
-2
-2
-2
-2
-2
-2
-1
-1
-1
-1
-1
-2
-2
-1
-1
-1
-1
-1
-1
-1
-1
-1
-1
-1
0
0
0
1
1
1
1
1
1
1
1
1
1
2
2
2
1
1
1
1
1
1
1
1
1
1
1
1
1
1
1
1
1
1
1
2
2
2
2
1
1
1
1
1
1
1
1
1
0
0
0
0
0
0
0
0
0
0
0
0
0
0
0
0
0
0
0
0
0
0
0
0
-1
0
0
0
0
0
0
0
0
0
0
0
0
1
0
0
0
1
1
2
2
2
3
4
4
5
6
7
8
9
9
9
9
10
11
10
10
10
9
9
8
7
7
6
6
5
4
3
3
1
1
0
-1
-1
-1
-3
-3
-4
-4
-5
-5
-6
-5
-5
-5
-6
-6
-7
-6
-7
-7
-7
-7
-7
-6
-7
-7
-7
-6
-6
-6
-6
-5
-4
-5
-4
-4
-4
-3
-3
-3
-3
-3
-2
-3
-3
-3
-2
-2
-2
-2
-2
-2
-1
-1
-1
-2
0
0
0
0
-1
-1
-1
-1
-1
0
0
0
1
0
0
0
0
1
1
1
1
2
1
1
1
1
1
1
1
1
1
1
1
1
0
0
0
0
0
0
1
1
1
1
0
0
0
1
1
1
1
1
1
0
0
0
-1
1
1
1
0
0
0
0
0
0
0
0
0
1
0
0
1
1
1
1
0
1
1
1
1
1
1
1
1
0
0
0
-1
1
0
0
0
0
0
0
-1
0
0
0
0
0
0
0
0
0
0
0
0
1
1
1
1
2
3
2
3
4
4
5
6
7
7
7
8
9
9
10
11
10
10
10
10
9
9
9
8
7
6
5
4
3
3
2
1
0
0
-2
-2
-3
-3
-3
-3
-3
-4
-4
-5
-4
-5
-5
-5
-5
-5
-6
-7
-7
-8
-7
-8
-8
-8
-8
-8
-7
-8
-7
-7
-6
-6
-6
-6
-6
-5
-5
-4
-5
-5
-4
-4
-4
-4
-4
-3
-3
-2
-3
-3
-3
-2
-2
-2
-2
-1
-1
-1
-1
-1
-1
0
0
0
0
0
0
0
0
1
1
1
1
1
1
1
1
1
1
1
1
1
0
0
0
1
1
1
1
1
1
1
1
1
1
1
1
2
1
1
1
1
1
1
1
1
1
1
2
2
1
1
1
1
1
1
2
2
2
2
2
1
1
1
1
1
1
1
1
0
0
0
0
0
0
1
1
1
1
1
1
1
1
1
1
1
1
1
0
0
0
0
0
0
0
0
0
1
1
1
1
1
1
1
1
1
2
2
2
2
2
2
3
4
4
5
6
7
8
8
9
10
10
9
10
9
9
10
9
9
8
7
6
5
4
4
4
2
2
1
0
0
-1
-2
-2
-3
-3
-4
-4
-4
-3
-4
-5
-5
-6
-6
-6
-6
-6
-7
-7
-8
-8
-8
-7
-7
-7
-7
-7
-6
-7
-6
-5
-5
-4
-4
-5
-5
-4
-4
-4
-4
-4
-3
-3
-3
-3
-3
-3
-2
-2
-2
-2
-1
-1
-1
-1
-2
-2
-1
-1
-1
-1
-1
-1
-1
-1
-1
-1
-1
0
0
0
0
0
0
1
1
1
1
1
1
1
1
1
1
1
1
1
0
0
1
1
1
1
0
0
0
1
1
1
1
1
1
0
0
0
0
2
2
2
1
0
1
1
1
1
1
1
2
2
1
1
1
1
2
1
1
1
2
2
2
1
1
1
1
1
1
1
1
1
1
0
1
1
1
1
1
1
2
2
3
3
4
5
5
5
6
7
8
8
9
9
9
8
9
9
8
9
8
7
7
6
6
5
4
4
4
3
2
2
1
0
0
-2
-2
-3
-3
-4
-4
-4
-5
-5
-6
-7
-6
-7
-6
-7
-7
-8
-8
-8
-9
-8
-8
-8
-7
-8
-7
-7
-6
-5
-5
-4
-4
-4
-4
-4
-3
-4
-3
-3
-3
-3
-4
-3
-3
-3
-3
-3
-3
-3
-2
-2
-2
-2
-3
-2
-2
-2
-2
-1
-1
-1
-1
-1
-1
-1
-1
0
0
0
0
0
0
0
0
1
1
1
1
1
1
1
1
2
2
2
2
2
1
2
2
2
2
2
2
1
1
1
1
1
1
1
0
1
1
1
1
1
2
1
1
1
1
1
1
1
0
0
0
0
0
0
0
0
1
1
1
1
1
1
1
1
1
1
1
1
2
1
1
1
1
2
3
3
4
5
6
6
7
7
8
9
11
11
10
11
11
11
11
11
11
11
10
9
9
7
7
8
6
6
5
4
3
2
1
1
1
0
-1
-1
-2
-3
-3
-3
-4
-4
-4
-4
-5
-5
-6
-5
-6
-6
-6
-7
-7
-7
-7
-7
-8
-8
-8
-8
-8
-8
-8
-8
-7
-8
-8
-8
-8
-7
-6
-6
-6
-6
-6
-6
-6
-6
-5
-4
-4
-4
-4
-5
-5
-4
-4
-3
-3
-3
-3
-3
-3
-3
-2
-2
-1
-2
-2
-2
-2
-2
-1
-1
-1
-1
-1
-1
-1
0
1
1
1
0
0
0
1
1
1
1
1
1
1
1
1
1
2
2
2
1
2
2
2
2
2
2
2
2
2
3
3
3
3
2
2
2
2
2
2
2
2
2
1
2
2
2
2
2
2
2
2
1
1
1
1
1
0
0
1
1
1
1
1
2
2
2
3
3
4
4
5
5
6
7
8
9
10
10
11
11
12
12
13
13
12
12
12
11
11
9
9
9
8
7
6
6
5
5
4
3
4
2
2
2
1
1
1
1
-1
-1
-1
-2
-2
-3
-3
-3
-4
-5
-5
-6
-6
-5
-6
-7
-6
-7
-8
-7
-7
-7
-6
-6
-6
-7
-8
-7
-6
-7
-6
-6
-6
-7
-7
-7
-8
-7
-7
-7
-7
-8
-7
-7
-7
-7
-7
-6
-6
-6
-6
-6
-5
-5
-5
-5
-5
-4
-4
-4
-4
-4
-3
-4
-3
-3
-3
-3
-3
-3
-3
-3
-2
-2
-3
-3
-2
-2
-2
-2
-1
-1
-1
-1
-2
-2
-2
-1
-1
0
0
0
0
-1
-1
-1
-1
0
1
1
1
1
1
1
1
1
2
2
2
3
3
2
2
3
3
2
2
2
3
3
3
3
2
2
2
3
2
2
2
3
3
2
2
2
2
2
2
3
2
2
2
2
1
2
2
2
3
4
4
5
5
6
7
8
9
10
10
11
12
12
12
13
13
13
13
12
12
12
11
11
10
10
9
9
8
8
7
6
7
6
5
5
4
4
3
3
1
1
0
0
0
0
-1
-1
-2
-2
-3
-3
-3
-3
-3
-4
-4
-5
-7
-6
-7
-6
-7
-6
-7
-8
-7
-7
-7
-8
-7
-6
-7
-6
-7
-7
-8
-7
-6
-7
-7
-7
-7
-7
-8
-7
-8
-8
-7
-7
-7
-8
-7
-8
-7
-6
-7
-6
-7
-6
-5
-6
-5
-5
-5
-5
-4
-4
-4
-4
-4
-3
-3
-3
-3
-3
-3
-2
-2
-3
-3
-3
-2
-2
-2
-2
-2
-2
-2
-2
-2
-2
-1
-1
-1
-1
-1
-1
-1
-1
0
1
1
1
1
1
1
1
1
1
2
2
2
2
1
1
1
1
2
2
2
3
3
2
2
2
2
2
2
3
3
2
2
2
1
1
1
1
1
2
2
2
1
1
1
2
2
2
2
2
3
3
2
3
4
5
5
6
6
7
9
10
11
11
13
13
13
13
13
14
14
14
14
12
12
11
11
10
11
10
10
9
9
8
7
7
7
6
6
5
4
4
4
3
3
2
2
1
0
0
-1
-1
-1
-2
-3
-4
-4
-5
-6
-6
-6
-7
-7
-7
-8
-8
-8
-8
-8
-9
-8
-8
-9
-8
-7
-8
-8
-7
-8
-8
-9
-8
-8
-9
-8
-8
-9
-10
-10
-9
-9
-8
-8
-7
-8
-8
-7
-7
-7
-6
-5
-5
-5
-5
-6
-5
-5
-5
-4
-4
-4
-3
-4
-4
-3
-4
-4
-3
-3
-3
-2
-3
-3
-3
-3
-2
-2
-3
-1
-1
-1
-2
-2
-2
-1
-1
-1
-1
-1
-1
0
-1
-1
-1
0
0
0
1
1
1
1
2
2
2
2
2
2
2
3
3
2
3
3
3
2
2
2
2
3
3
3
2
2
3
2
2
2
3
3
3
3
2
2
2
3
3
2
2
2
3
2
2
2
2
2
3
3
2
3
4
4
5
5
6
7
9
10
11
11
12
13
13
13
14
14
14
14
14
13
13
13
12
12
12
12
11
11
10
10
9
9
9
8
7
8
7
6
5
5
4
4
3
3
1
0
-1
-1
-3
-3
-4
-4
-5
-5
-6
-7
-8
-7
-8
-8
-8
-8
-9
-9
-10
-10
-11
-10
-10
-10
-10
-10
-9
-10
-10
-10
-9
-9
-9
-9
-10
-9
-9
-10
-10
-10
-10
-9
-9
-9
-9
-8
-7
-7
-7
-7
-7
-6
-6
-5
-6
-5
-5
-5
-5
-5
-4
-4
-4
-3
-3
-3
-3
-2
-3
-3
-2
-3
-3
-3
-3
-2
-2
-3
-3
-3
-3
-2
-2
-2
-1
-1
-1
-1
-1
-1
0
-1
0
0
0
0
0
0
0
0
0
0
0
0
1
0
0
1
1
1
1
1
2
2
2
2
2
2
3
3
2
2
2
3
3
2
3
3
3
3
3
2
3
3
3
3
2
2
2
2
2
2
3
3
3
2
2
2
3
3
3
4
4
4
5
5
6
7
9
10
11
12
13
13
13
14
15
15
15
15
15
14
14
14
13
13
14
14
12
12
11
11
10
10
9
8
7
6
5
4
3
3
2
2
1
1
0
-1
-1
-2
-3
-3
-4
-5
-5
-6
-7
-8
-8
-9
-9
-9
-9
-9
-10
-10
-9
-10
-10
-10
-10
-10
-9
-9
-10
-10
-10
-9
-9
-10
-10
-9
-9
-9
-10
-10
-10
-9
-8
-8
-8
-8
-7
-7
-7
-6
-5
-5
-5
-4
-5
-5
-4
-5
-4
-4
-3
-4
-4
-4
-3
-3
-3
-2
-3
-3
-2
-2
-2
-2
-1
-1
-1
-1
-1
-1
-1
0
0
0
0
0
0
0
-1
-1
-1
0
0
0
0
0
0
-1
-1
-1
-1
0
1
1
0
0
0
0
0
0
1
1
1
1
2
1
1
1
1
1
1
2
2
2
2
2
2
1
1
2
2
2
2
2
1
2
2
2
2
2
3
3
2
2
3
3
4
4
4
5
6
6
8
8
9
10
11
11
13
12
13
13
14
14
15
14
14
14
14
14
14
12
13
13
12
11
10
9
9
8
7
7
6
5
5
4
2
2
1
1
1
-1
-1
-2
-3
-4
-5
-5
-6
-6
-6
-7
-8
-9
-8
-9
-9
-10
-10
-9
-10
-10
-10
-10
-10
-9
-9
-10
-9
-9
-9
-8
-9
-9
-9
-8
-9
-9
-9
-8
-8
-8
-8
-8
-8
-7
-7
-6
-6
-5
-5
-5
-5
-4
-4
-4
-3
-3
-3
-2
-2
-2
-3
-2
-2
-2
-2
-3
-2
-2
-2
-2
-2
-2
-2
-1
-1
-1
-1
-1
0
0
0
0
0
0
-1
-1
-1
-1
-1
-1
-1
-1
-1
-1
-1
-1
-1
0
0
0
0
1
1
1
1
1
1
1
1
1
1
2
2
2
1
1
1
1
1
1
1
2
2
2
1
2
2
2
2
2
3
3
3
3
2
2
2
2
2
2
2
2
2
1
2
2
2
3
3
4
5
5
6
6
8
9
10
10
11
12
11
13
13
13
13
14
15
14
14
14
14
14
14
15
14
14
13
13
11
10
10
9
8
7
7
5
4
3
2
2
1
1
0
-1
-1
-2
-2
-4
-4
-4
-5
-6
-7
-8
-8
-8
-9
-10
-10
-11
-11
-11
-11
-11
-11
-11
-11
-11
-11
-10
-10
-9
-9
-9
-8
-9
-9
-8
-8
-8
-8
-8
-8
-8
-8
-7
-7
-7
-7
-6
-6
-6
-5
-5
-4
-4
-4
-4
-4
-3
-3
-3
-3
-3
-2
-2
-2
-3
-3
-2
-2
-2
-2
-2
-1
-1
-1
-2
-2
-2
-1
-1
-1
-1
-1
-1
-2
-2
-2
-2
-1
-1
-1
-1
-1
-1
-1
-1
-2
-1
-1
-1
-1
-1
-1
-1
-1
-1
-1
-1
-1
0
0
0
0
0
0
0
0
0
0
0
0
0
1
1
1
1
1
1
1
2
2
2
2
2
2
1
2
2
2
2
2
2
2
2
2
2
2
2
3
2
2
2
2
3
3
2
2
2
3
3
4
3
4
5
6
7
7
8
9
11
12
12
13
13
14
14
15
15
15
15
16
16
15
15
15
15
15
14
14
12
12
11
11
9
8
7
6
5
4
3
3
1
1
0
-1
-2
-2
-3
-3
-4
-4
-5
-6
-7
-6
-7
-8
-8
-9
-9
-9
-10
-10
-11
-11
-11
-10
-11
-11
-11
-10
-9
-10
-10
-10
-9
-9
-8
-8
-9
-8
-8
-7
-8
-8
-8
-7
-7
-8
-7
-7
-6
-5
-5
-5
-5
-5
-5
-4
-4
-3
-2
-3
-3
-3
-3
-3
-2
-2
-1
-1
-1
-2
-2
-2
-1
-1
-1
-2
-2
-2
-2
-1
-2
-2
-1
-2
-1
-1
-1
-1
0
0
-1
-1
-2
-1
-1
-1
0
-2
-2
-2
-2
-1
-1
0
0
-1
-1
-1
-1
-1
0
0
0
0
-1
-1
-1
-1
1
1
1
1
1
1
1
1
1
2
2
2
2
1
1
1
1
1
1
1
1
2
1
1
1
2
2
2
2
2
2
2
2
3
2
2
2
3
3
3
4
5
5
7
8
9
10
11
12
13
13
13
14
14
14
16
15
15
15
14
14
14
13
13
12
11
11
10
9
8
8
7
6
5
4
4
3
3
2
1
1
0
-1
-2
-3
-3
-4
-5
-6
-6
-7
-7
-7
-8
-9
-9
-10
-9
-10
-10
-10
-10
-10
-10
-9
-10
-9
-9
-8
-8
-9
-9
-8
-8
-7
-8
-7
-8
-7
-8
-8
-8
-8
-7
-6
-7
-6
-6
-5
-5
-4
-5
-4
-3
-3
-2
-3
-3
-2
-2
-2
-3
-3
-3
-2
-2
-2
-2
-2
-1
-1
-1
-1
-1
0
0
0
0
0
0
0
0
0
-1
-1
-1
-1
-1
-1
-1
-1
-1
-1
-1
-1
-1
-1
-1
-1
-1
-1
-1
-1
-1
-1
-2
-2
-2
-2
-1
-1
-1
-1
-1
-1
-1
-1
-1
1
1
1
1
1
1
1
1
1
1
1
1
1
0
0
1
1
1
1
1
1
1
1
2
2
2
3
3
2
3
4
4
5
6
7
8
8
9
11
11
12
13
13
13
14
14
15
15
16
16
16
15
15
15
15
15
14
14
13
11
10
9
8
8
7
6
5
4
3
3
2
2
2
1
0
-1
-2
-3
-3
-4
-5
-5
-6
-7
-7
-8
-8
-9
-9
-10
-9
-10
-10
-9
-10
-10
-9
-10
-10
-9
-8
-8
-8
-8
-8
-7
-8
-7
-7
-7
-6
-6
-6
-6
-6
-6
-7
-6
-6
-6
-6
-5
-5
-5
-5
-5
-6
-5
-4
-3
-3
-4
-3
-3
-3
-3
-3
-2
-2
-2
-2
-2
-2
-2
-1
-1
-1
-1
-2
-2
-2
-2
-1
0
0
-1
-1
-1
-1
-1
-1
0
0
0
-1
-1
-2
-2
-1
-1
-2
-2
-2
-2
-2
-2
-2
-1
-1
-1
-1
-1
-1
0
0
0
0
0
0
0
0
0
0
0
1
1
1
1
1
1
1
1
1
2
2
2
2
1
1
1
1
1
2
2
2
2
1
2
2
2
3
4
5
6
7
7
8
9
10
11
12
13
13
13
13
13
14
14
14
14
14
14
14
13
12
13
13
12
11
10
9
8
7
7
6
5
4
4
3
2
2
1
0
0
0
-1
-2
-3
-3
-4
-4
-5
-6
-6
-6
-6
-7
-8
-7
-8
-8
-8
-8
-9
-8
-8
-9
-8
-9
-8
-8
-8
-8
-7
-8
-7
-7
-7
-6
-6
-6
-6
-6
-6
-6
-5
-6
-5
-5
-5
-5
-5
-4
-4
-3
-4
-3
-3
-4
-3
-3
-3
-2
-2
-2
-2
-2
-2
-1
-2
-2
-1
-1
-1
-1
-1
-1
-1
-1
-1
-2
-2
-1
-2
-1
-1
-2
-2
-2
-2
-2
-2
-2
-1
-2
-2
-1
-2
-2
-1
-1
-2
-1
-1
-2
-2
-2
-1
-1
-1
-1
-1
-1
-1
1
0
0
1
1
1
1
1
1
1
1
1
1
1
1
1
1
1
1
1
1
1
2
2
2
2
1
1
1
1
1
1
2
1
2
1
1
2
2
2
3
4
5
6
7
8
10
10
11
12
12
13
13
13
13
13
13
13
12
11
11
11
11
10
9
9
8
8
7
6
6
5
5
4
3
2
2
2
2
2
0
0
0
-2
-2
-3
-3
-4
-5
-5
-6
-6
-6
-6
-7
-7
-7
-7
-7
-7
-7
-6
-7
-6
-6
-7
-6
-5
-5
-4
-5
-4
-5
-4
-4
-4
-4
-5
-4
-5
-5
-5
-6
-5
-5
-4
-5
-5
-4
-4
-3
-3
-2
-2
-2
-2
-2
-2
-2
-1
-1
-1
-2
-2
-2
-2
-2
-2
-1
-1
-1
-2
-2
-2
-2
-1
-1
-1
-1
-2
-2
-2
-2
-2
-1
-1
-1
-1
-2
-2
-2
-2
-1
-1
-1
-1
-2
-2
-2
-2
-2
-2
-2
-2
-2
-2
-2
-2
-2
-1
-1
-1
-1
-1
0
0
0
0
0
0
1
1
1
1
1
1
1
1
1
1
1
1
1
0
0
0
0
0
1
1
1
2
2
2
3
3
4
5
5
6
7
7
8
9
10
10
11
11
12
12
12
13
13
12
12
11
11
9
10
9
9
8
7
7
6
5
5
5
5
4
4
3
3
1
1
1
0
0
-1
-1
-3
-3
-3
-4
-4
-5
-4
-5
-6
-6
-6
-6
-6
-6
-7
-7
-7
-7
-6
-7
-6
-5
-6
-6
-5
-6
-5
-4
-5
-4
-5
-5
-4
-4
-4
-4
-4
-4
-4
-4
-4
-3
-4
-3
-3
-3
-4
-4
-4
-4
-4
-3
-3
-3
-4
-3
-3
-3
-3
-2
-2
-1
-1
-2
-2
-2
-2
-1
-1
-1
-1
-1
-1
-2
-2
-2
-1
-1
-1
-1
-1
-1
-1
-1
-1
-1
-1
-1
-1
-1
-1
-1
-1
-1
-1
-1
-1
-2
-2
-1
-1
-1
-1
-1
-1
-1
-1
-1
-1
-1
0
0
0
0
0
1
1
1
1
1
1
1
1
1
1
1
1
1
1
1
1
1
1
1
2
2
2
2
2
2
2
1
1
1
1
1
1
1
1
2
2
3
3
4
5
6
7
8
9
10
10
10
10
11
11
12
12
12
11
11
11
10
10
9
10
9
8
8
7
7
6
6
5
4
4
4
4
3
2
2
1
1
0
-1
-1
-2
-2
-2
-4
-4
-5
-4
-5
-5
-6
-6
-6
-7
-6
-7
-7
-7
-7
-7
-7
-7
-7
-6
-6
-5
-5
-5
-5
-5
-4
-4
-4
-4
-4
-4
-4
-5
-5
-4
-4
-4
-4
-4
-4
-3
-4
-3
-3
-3
-2
-2
-2
-2
-2
-2
-2
-2
-2
-1
-1
-2
-2
-2
-2
-2
-2
-1
-1
-1
-2
-2
-2
-2
-1
-1
-1
-1
-1
-1
-1
-2
-2
-1
-1
-1
-1
-1
-1
-1
-1
-1
-1
-1
0
0
0
-1
-1
-1
-1
-1
-1
-1
-1
-1
-1
-1
-1
-1
0
0
0
0
0
0
0
0
0
0
0
0
0
0
0
0
0
1
1
1
1
1
1
1
1
1
1
1
1
1
0
0
1
1
1
1
0
0
0
0
0
0
0
0
1
0
0
0
0
1
1
1
1
1
2
2
2
2
3
3
4
5
6
7
8
9
10
9
10
11
11
11
11
11
11
11
10
10
9
9
9
8
8
7
6
6
5
4
4
4
3
3
2
2
1
0
0
0
-1
-1
-1
-2
-3
-3
-4
-4
-4
-4
-4
-5
-5
-5
-6
-6
-6
-6
-6
-6
-6
-7
-6
-6
-5
-6
-5
-4
-5
-5
-5
-5
-4
-4
-4
-4
-4
-4
-3
-4
-5
-4
-4
-4
-3
-3
-3
-2
-3
-3
-3
-3
-2
-2
-2
-2
-1
-2
-2
-2
-2
-1
-1
-2
-2
-2
-1
-1
-1
-1
-1
-1
-2
-2
-2
-2
-1
-1
-1
-1
-2
-2
-2
-2
-2
-1
-1
-2
-2
-2
-2
-2
-2
-1
-1
-2
-2
-2
-2
-2
-1
-1
-1
-1
-1
-1
-1
-1
0
0
0
0
0
0
0
0
0
0
0
0
0
1
1
1
1
1
1
1
1
1
2
2
2
2
1
1
1
1
1
1
1
2
2
1
1
0
0
0
0
0
1
1
1
1
0
0
0
0
2
2
3
3
4
4
5
5
6
7
8
9
10
9
10
10
11
11
10
10
10
10
10
9
9
8
8
8
7
6
6
6
5
5
5
3
3
2
2
2
1
1
1
0
-1
-1
-2
-3
-2
-2
-2
-3
-3
-4
-5
-5
-6
-5
-5
-5
-5
-6
-6
-7
-6
-6
-6
-5
-5
-5
-5
-6
-5
-5
-4
-5
-4
-4
-5
-4
-5
-5
-4
-4
-4
-4
-4
-4
-3
-4
-4
-3
-3
-2
-2
-2
-2
-1
-2
-2
-2
-2
-1
-1
-1
-1
-1
-1
-1
-1
-1
0
-1
-1
-1
-1
-1
-1
-1
-1
-2
-2
-2
-2
-2
-1
-1
-1
-1
-1
-2
-2
-2
-1
-1
-1
-1
-1
-1
-1
-2
-2
-2
-1
-1
-1
-1
-1
-1
-1
-1
-1
-1
0
0
0
0
0
0
0
0
0
0
0
0
0
0
0
0
1
1
1
1
1
1
1
1
1
1
1
1
1
0
0
1
1
1
1
1
1
1
1
1
1
1
1
1
0
0
0
0
0
0
0
0
0
1
2
2
3
3
4
5
6
7
8
9
10
10
10
10
11
11
12
11
11
11
10
10
9
9
9
9
8
8
7
6
6
5
4
4
3
3
3
3
2
1
0
0
0
0
0
-1
-1
-2
-2
-3
-3
-4
-3
-4
-5
-5
-6
-6
-5
-6
-6
-6
-6
-7
-6
-6
-6
-6
-6
-5
-5
-5
-5
-4
-5
-5
-4
-5
-5
-4
-4
-4
-5
-5
-5
-4
-4
-4
-4
-4
-3
-3
-4
-3
-3
-2
-2
-2
-2
-2
-1
-2
-2
-2
-2
-1
-1
-1
-1
-1
-2
-2
-2
-2
-1
-1
-1
-1
-1
-2
-2
-2
-2
-1
-1
-1
-1
-1
-1
-1
-1
-1
0
0
0
-1
-1
-1
-1
-1
-1
-1
-1
-1
-1
-1
-1
-1
0
-1
-1
-1
-1
-1
-1
-1
0
0
0
0
0
0
1
1
1
1
1
1
1
1
1
1
1
1
1
1
1
1
1
2
2
2
1
1
1
1
1
1
1
1
1
1
0
0
0
0
0
0
0
0
0
0
0
1
1
2
2
3
4
5
5
6
7
8
9
9
9
10
9
10
10
10
9
10
10
9
9
8
9
8
7
8
7
6
6
5
4
3
3
2
2
1
1
1
0
-1
-1
-2
-2
-2
-2
-2
-3
-3
-4
-4
-4
-5
-4
-5
-5
-5
-5
-6
-7
-6
-6
-5
-6
-6
-5
-5
-4
-5
-4
-4
-4
-3
-3
-3
-3
-3
-3
-3
-3
-3
-3
-3
-3
-2
-3
-3
-3
-3
-2
-3
-3
-3
-3
-2
-3
-3
-3
-2
-2
-2
-2
-2
-1
-1
-1
-2
-2
-1
-1
-1
-1
-1
-1
-1
-1
-1
-1
-2
-1
-1
-1
-1
-1
-2
-2
-2
-2
-2
-2
-2
-1
-1
-1
-1
-1
-2
-1
-1
-1
-1
-1
-1
-1
-1
-2
-2
-2
-1
0
0
0
-1
-1
-1
-1
-1
-1
0
0
0
0
0
0
0
1
1
2
2
2
2
2
2
2
1
1
1
1
1
1
0
0
0
1
1
1
1
1
1
1
1
1
1
1
1
1
0
0
1
1
2
2
2
3
3
4
5
6
7
8
8
8
8
8
9
10
10
11
10
10
9
9
8
8
8
8
7
7
6
5
5
5
4
4
3
3
3
3
3
3
1
1
1
0
-1
-1
-1
-1
-2
-2
-4
-4
-5
-4
-5
-5
-6
-5
-6
-6
-7
-6
-6
-6
-6
-6
-6
-5
-5
-4
-4
-4
-4
-4
-4
-5
-4
-4
-3
-4
-4
-4
-4
-4
-4
-4
-4
-4
-2
-2
-2
-2
-1
-2
-2
-2
-3
-2
-2
-1
-1
-2
-2
-2
-3
-3
-2
-2
-2
-1
-1
-1
-1
-1
-2
-2
-2
-1
-1
-1
-1
-1
-1
-1
-1
-1
-1
0
0
-1
-1
-1
-1
-1
-1
-1
0
0
0
0
0
0
1
1
1
1
1
1
0
-1
-1
-1
0
0
0
0
-1
-1
-1
-1
-1
0
0
0
0
-1
0
0
0
1
1
1
1
1
1
1
1
1
1
0
0
0
0
0
0
0
0
0
0
0
0
0
0
0
0
1
1
1
1
1
2
2
3
4
4
5
6
7
7
7
8
8
9
8
9
9
9
10
9
9
8
7
8
7
8
7
8
7
6
5
4
4
3
3
3
3
3
2
2
0
0
0
0
0
-1
-1
-1
-1
-3
-3
-4
-4
-3
-4
-4
-4
-5
-4
-5
-5
-6
-5
-5
-4
-5
-5
-5
-5
-5
-4
-5
-4
-4
-4
-4
-5
-5
-5
-5
-4
-4
-5
-5
-4
-4
-4
-3
-4
-3
-3
-2
-2
-2
-2
-1
-1
-1
-1
-2
-2
-1
-1
-1
-1
-1
-1
-1
-2
-2
-2
-2
-1
-1
-1
-1
-1
-1
-1
-1
-1
-1
-1
-1
-1
-1
-1
-1
-1
-2
-2
-2
-2
-2
-1
-1
-1
-1
-1
-1
-1
-1
0
0
0
0
0
0
0
0
0
0
0
0
1
1
1
1
1
1
1
1
1
1
1
1
2
1
1
1
2
2
2
2
2
2
2
2
2
1
1
1
1
0
0
0
0
-1
-1
-1
-1
-1
-1
-1
-1
-1
0
0
1
1
3
3
4
4
5
5
6
7
8
7
7
7
8
7
8
7
8
7
7
7
6
5
6
6
5
4
5
4
4
3
3
3
2
2
2
0
0
0
0
-2
-2
-3
-3
-3
-4
-4
-4
-5
-4
-4
-4
-5
-4
-4
-4
-4
-4
-3
-3
-3
-3
-3
-3
-4
-3
-3
-4
-3
-4
-4
-4
-4
-4
-4
-4
-4
-3
-3
-3
-2
-2
-1
-1
-1
-1
-1
0
0
0
0
0
0
0
0
-1
0
0
0
0
-1
-1
-1
-1
-1
-1
-2
-2
-1
-2
-2
-2
-2
-1
-1
-1
-2
-2
-2
-1
-1
-1
-1
-1
-1
-1
-1
-1
-1
0
0
0
0
0
-1
-1
-1
-1
-1
-1
-1
-1
-1
-1
-1
-1
-1
0
0
0
0
0
0
0
0
0
0
0
0
0
0
0
0
1
1
1
1
1
1
1
1
1
1
1
1
1
0
0
0
0
0
0
0
0
0
0
0
0
0
0
0
0
0
0
0
0
0
0
0
0
0
0
0
0
0
0
0
0
0
0
0
0
0
0
0
0
0
0
0
0
0
0
0
0
0
0
0
0
0
0
0
0
0
0
0
0
155
111
66
23
-22
-66
-111
-155
-199
-244
-288
-333
-378
14
-31
-32
-32
-33
-31
-33
-33
-33
-34
-34
-34
-34
-34
-35
-34
-34
-34
-34
-34
-34
-34
-34
-34
-34
-34
-34
-34
-34
-34
-34
-34
-34
-34
-34
-34
-34
-34
-34
-34
-34
-34
-34
-34
-35
-35
-35
-35
-35
-35
-35
-35
-35
-36
-36
-36
-36
-36
-36
-36
-36
-36
-36
-36
-36
-36
-36
-36
-36
-36
-36
-36
-36
-36
-36
-36
-36
-36
-36
-36
-36
-36
-36
-36
-36
-36
-36
-36
-36
-36
-36
-36
-36
-36
-36
-36
-36
-36
-36
-36
-36
-36
-36
-36
-36
-36
-36
-36
-36
-36
-36
-36
-36
-36
-36
-36
-36
-36
-36
-36
-36
-36
-36
-36
-36
-36
-36
-36
-36
-36
-36
-36
-35
-35
-35
-35
-35
-34
-35
-35
-35
-35
-35
-35
-35
-35
-35
-34
-34
-34
-34
-34
-33
-33
-33
-33
-33
-32
-32
-32
-32
-32
-32
-33
-32
-32
-32
-31
-31
-31
-30
-30
-30
-31
-30
-30
-30
-29
-29
-29
-29
-29
-29
-28
-28
-28
-28
-29
-29
-28
-29
-28
-28
-29
-29
-29
-29
-29
-28
-30
-30
-29
-30
-30
-29
-30
-30
-30
-30
-30
-31
-31
-31
-31
-31
-30
-32
-32
-31
-31
-31
-31
-32
-31
-31
-32
-31
-31
-32
-32
-31
-31
-31
-31
-32
-32
-31
-31
-31
-31
-32
-32
-31
-31
-32
-31
-32
-32
-32
-32
-32
-32
-31
-31
-32
-32
-32
-32
-32
-32
-31
-31
-32
-32
-32
-31
-31
-31
-31
-31
-31
-31
-31
-31
-31
-31
-30
-30
-31
-31
-31
-30
-31
-30
-30
-31
-30
-30
-30
-30
-30
-30
-30
-30
-29
-30
-29
-30
-29
-30
-29
-29
-29
-29
-29
-28
-29
-28
-29
-29
-28
-28
-27
-29
-28
-28
-27
-27
-28
-28
-27
-27
-27
-28
-28
-27
-27
-27
-27
-27
-27
-26
-27
-26
-27
-26
-27
-27
-26
-26
-26
-26
-26
-26
-26
-26
-25
-25
-26
-25
-25
-26
-26
-26
-25
-26
-25
-25
-25
-26
-25
-25
-25
-25
-25
-26
-25
-25
-25
-25
-25
-24
-25
-24
-23
-24
-23
-23
-23
-23
-22
-23
-22
-22
-23
-22
-22
-23
-23
-23
-24
-23
-23
-24
-24
-24
-24
-24
-24
-25
-25
-24
-25
-25
-25
-26
-25
-25
-26
-25
-25
-25
-26
-25
-25
-26
-26
-25
-26
-26
-25
-26
-26
-26
-26
-26
-25
-26
-26
-26
-25
-26
-26
-25
-26
-26
-25
-26
-25
-25
-25
-25
-24
-25
-25
-24
-25
-24
-24
-25
-25
-24
-24
-24
-24
-24
-24
-24
-24
-24
-24
-24
-24
-24
-24
-24
-24
-24
-24
-24
-24
-23
-24
-24
-24
-24
-24
-23
-24
-24
-23
-24
-23
-23
-24
-24
-23
-24
-23
-23
-24
-24
-23
-24
-23
-23
-24
-23
-23
-24
-23
-24
-24
-24
-24
-24
-24
-25
-24
-24
-25
-24
-24
-25
-25
-24
-25
-25
-24
-25
-25
-25
-25
-25
-25
-26
-25
-25
-26
-26
-25
-25
-26
-25
-26
-26
-26
-26
-26
-26
-26
-26
-26
-26
-26
-27
-26
-26
-27
-26
-26
-25
-26
-25
-25
-25
-25
-25
-25
-24
-23
-24
-24
-23
-23
-23
-23
-23
-23
-22
-23
-23
-22
-23
-22
-23
-23
-23
-22
-23
-23
-23
-23
-23
-22
-23
-23
-23
-23
-23
-23
-23
-23
-23
-24
-23
-23
-24
-24
-23
-24
-23
-23
-24
-24
-23
-24
-24
-23
-24
-23
-24
-24
-23
-24
-23
-23
-24
-24
-24
-24
-23
-24
-23
-23
-24
-23
-23
-24
-24
-24
-24
-24
-25
-24
-24
-25
-24
-24
-25
-25
-24
-25
-25
-25
-25
-25
-25
-25
-25
-25
-25
-25
-25
-25
-25
-25
-25
-25
-25
-24
-25
-25
-25
-25
-25
-25
-24
-25
-25
-25
-25
-25
-24
-26
-25
-25
-25
-25
-24
-25
-24
-24
-25
-24
-24
-24
-24
-24
-24
-24
-24
-24
-24
-23
-24
-24
-23
-24
-23
-23
-24
-23
-23
-23
-23
-23
-23
-23
-23
-23
-23
-22
-23
-23
-22
-23
-22
-22
-23
-22
-22
-23
-22
-23
-22
-22
-22
-22
-22
-22
-22
-22
-22
-21
-22
-21
-22
-21
-20
-21
-20
-20
-20
-19
-19
-18
-19
-18
-18
-18
-18
-18
-17
-18
-17
-18
-18
-18
-18
-18
-18
-18
-19
-18
-19
-18
-19
-19
-19
-19
-20
-19
-19
-20
-20
-20
-20
-20
-20
-21
-20
-21
-21
-20
-21
-21
-21
-21
-21
-21
-22
-22
-21
-22
-22
-22
-22
-22
-22
-22
-22
-22
-22
-22
-22
-22
-22
-22
-22
-22
-22
-23
-22
-22
-22
-22
-23
-23
-22
-23
-23
-23
-23
-23
-24
-23
-23
-23
-23
-24
-23
-23
-23
-23
-22
-23
-23
-23
-23
-23
-23
-23
-23
-23
-23
-23
-23
-23
-23
-24
-23
-23
-23
-23
-24
-23
-23
-24
-23
-23
-23
-23
-23
-23
-23
-23
-23
-22
-23
-22
-22
-23
-22
-23
-22
-22
-23
-22
-22
-22
-22
-22
-22
-22
-22
-22
-21
-22
-21
-22
-22
-21
-22
-21
-22
-21
-21
-21
-21
-21
-21
-21
-21
-21
-21
-21
-21
-21
-21
-21
-21
-20
-21
-21
-21
-21
-20
-21
-20
-21
-20
-19
-19
-18
-18
-17
-18
-17
-17
-16
-17
-16
-16
-16
-16
-16
-16
-15
-16
-16
-16
-15
-16
-16
-17
-16
-16
-16
-16
-16
-17
-16
-17
-16
-17
-16
-17
-16
-17
-17
-17
-17
-17
-17
-17
-17
-18
-18
-18
-18
-18
-18
-18
-18
-17
-18
-18
-18
-18
-18
-18
-19
-18
-19
-18
-19
-18
-18
-18
-18
-19
-19
-19
-18
-19
-19
-19
-19
-19
-19
-19
-19
-19
-19
-20
-19
-20
-19
-20
-19
-19
-19
-19
-19
-19
-19
-19
-19
-19
-20
-19
-20
-19
-19
-20
-19
-19
-19
-20
-19
-19
-19
-20
-19
-20
-19
-19
-19
-19
-19
-19
-19
-19
-19
-19
-19
-19
-19
-19
-20
-19
-20
-19
-19
-19
-19
-19
-19
-19
-19
-19
-19
-19
-19
-19
-19
-19
-19
-18
-19
-18
-19
-18
-19
-19
-19
-18
-19
-18
-19
-19
-19
-19
-19
-19
-19
-19
-19
-19
-19
-19
-19
-19
-18
-19
-18
-19
-18
-18
-18
-18
-17
-17
-16
-16
-15
-16
-15
-15
-14
-14
-15
-14
-14
-13
-14
-13
-13
-13
-14
-14
-13
-14
-14
-14
-14
-14
-14
-14
-15
-15
-15
-15
-16
-15
-15
-16
-16
-16
-16
-16
-16
-17
-16
-17
-16
-17
-17
-17
-17
-17
-18
-17
-18
-17
-18
-17
-18
-18
-18
-19
-18
-18
-18
-18
-18
-18
-18
-19
-19
-18
-19
-18
-19
-19
-19
-19
-19
-19
-19
-19
-20
-19
-20
-19
-20
-19
-20
-20
-20
-20
-20
-20
-19
-20
-19
-20
-19
-20
-19
-20
-19
-20
-20
-19
-20
-19
-20
-19
-20
-19
-20
-19
-19
-19
-19
-19
-18
-19
-19
-19
-19
-19
-19
-19
-19
-19
-19
-19
-19
-18
-19
-18
-19
-19
-19
-19
-19
-19
-19
-18
-19
-19
-19
-19
-19
-19
-18
-19
-19
-19
-19
-19
-19
-19
-18
-19
-18
-19
-18
-19
-18
-19
-18
-18
-18
-18
-18
-18
-18
-18
-17
-17
-16
-17
-16
-16
-15
-15
-14
-14
-13
-13
-13
-13
-13
-12
-12
-11
-12
-12
-11
-12
-11
-12
-12
-12
-13
-12
-13
-13
-13
-14
-13
-14
-13
-14
-15
-14
-15
-15
-15
-16
-15
-16
-16
-16
-16
-16
-17
-16
-17
-17
-17
-17
-17
-18
-17
-18
-17
-18
-18
-18
-19
-18
-19
-18
-19
-18
-18
-18
-19
-19
-19
-19
-19
-20
-19
-20
-19
-20
-19
-20
-19
-20
-20
-20
-19
-20
-20
-20
-20
-20
-20
-20
-20
-19
-20
-19
-20
-20
-20
-19
-19
-19
-19
-20
-19
-20
-19
-20
-19
-19
-19
-18
-19
-18
-19
-18
-19
-18
-18
-18
-19
-18
-19
-18
-19
-18
-19
-18
-18
-18
-18
-18
-17
-18
-17
-18
-17
-17
-17
-17
-17
-17
-17
-17
-16
-17
-16
-16
-16
-16
-17
-16
-17
-16
-16
-16
-16
-16
-16
-16
-16
-16
-16
-15
-16
-15
-16
-16
-16
-16
-16
-16
-16
-17
-16
-17
-16
-17
-16
-16
-17
-16
-16
-16
-16
-16
-16
-15
-15
-16
-15
-14
-13
-13
-13
-12
-12
-10
-11
-11
-10
-10
-10
-9
-9
-9
-9
-9
-9
-9
-9
-10
-9
-10
-10
-10
-11
-11
-11
-11
-12
-12
-12
-12
-13
-13
-13
-13
-14
-14
-14
-14
-14
-15
-14
-15
-15
-15
-16
-15
-16
-16
-16
-16
-16
-16
-17
-17
-17
-17
-17
-18
-17
-17
-18
-17
-18
-17
-18
-18
-17
-18
-18
-18
-18
-18
-19
-18
-18
-18
-18
-18
-19
-18
-19
-18
-18
-18
-18
-18
-18
-18
-18
-18
-18
-17
-18
-18
-18
-18
-18
-18
-18
-17
-18
-17
-18
-17
-18
-17
-18
-17
-18
-17
-17
-17
-18
-17
-18
-17
-17
-17
-18
-17
-18
-17
-18
-17
-17
-17
-18
-17
-18
-17
-18
-17
-17
-17
-18
-17
-18
-17
-18
-17
-18
-17
-18
-17
-18
-18
-18
-18
-18
-19
-18
-19
-18
-19
-18
-19
-19
-19
-19
-19
-19
-19
-19
-20
-19
-19
-19
-19
-19
-18
-19
-19
-19
-19
-19
-19
-19
-18
-19
-18
-19
-18
-19
-18
-19
-19
-19
-18
-19
-19
-19
-18
-19
-18
-19
-18
-18
-18
-18
-17
-18
-17
-17
-16
-16
-15
-14
-13
-13
-12
-12
-12
-10
-10
-9
-9
-9
-8
-8
-8
-7
-7
-7
-7
-7
-7
-8
-9
-8
-9
-9
-9
-10
-10
-10
-10
-11
-11
-12
-12
-12
-13
-13
-13
-13
-14
-14
-14
-14
-14
-15
-14
-15
-16
-15
-16
-16
-16
-16
-16
-16
-16
-16
-16
-17
-16
-17
-16
-17
-17
-17
-17
-18
-17
-18
-18
-18
-18
-17
-18
-18
-18
-19
-18
-18
-18
-18
-18
-19
-18
-19
-18
-19
-18
-19
-18
-19
-18
-19
-18
-19
-18
-19
-18
-18
-18
-18
-18
-18
-18
-18
-18
-18
-18
-18
-18
-18
-18
-17
-18
-18
-18
-18
-18
-18
-18
-18
-18
-17
-18
-18
-18
-18
-18
-18
-18
-18
-18
-18
-18
-17
-18
-17
-18
-17
-17
-17
-17
-17
-17
-17
-17
-16
-17
-16
-17
-17
-16
-17
-17
-17
-16
-17
-16
-17
-16
-17
-16
-17
-16
-16
-16
-16
-16
-16
-16
-16
-16
-16
-16
-16
-16
-15
-16
-16
-16
-16
-16
-17
-16
-16
-16
-16
-15
-16
-15
-16
-15
-16
-16
-15
-15
-14
-14
-14
-13
-13
-12
-12
-12
-11
-10
-10
-9
-9
-9
-7
-7
-7
-6
-6
-6
-5
-6
-6
-6
-6
-6
-7
-7
-7
-8
-9
-8
-9
-9
-9
-10
-10
-10
-10
-11
-10
-11
-11
-12
-12
-12
-13
-12
-13
-14
-13
-14
-15
-14
-15
-15
-15
-15
-16
-15
-15
-16
-15
-15
-15
-15
-16
-16
-15
-16
-16
-15
-16
-16
-15
-15
-16
-16
-16
-15
-16
-16
-16
-16
-17
-16
-17
-16
-17
-17
-17
-17
-17
-17
-17
-16
-17
-17
-17
-17
-17
-17
-17
-16
-17
-17
-17
-17
-17
-17
-17
-17
-16
-17
-16
-17
-16
-17
-16
-17
-16
-16
-16
-17
-16
-17
-17
-17
-17
-17
-17
-16
-17
-17
-17
-18
-17
-17
-17
-17
-16
-17
-17
-17
-16
-17
-16
-17
-17
-16
-17
-17
-17
-16
-17
-16
-17
-16
-16
-16
-16
-16
-16
-16
-16
-16
-16
-16
-15
-16
-15
-15
-15
-15
-16
-15
-16
-15
-15
-15
-16
-15
-15
-16
-15
-16
-15
-15
-15
-16
-15
-15
-16
-15
-16
-15
-15
-14
-14
-14
-13
-13
-13
-12
-11
-10
-10
-10
-8
-8
-8
-7
-6
-5
-6
-4
-4
-4
-4
-3
-3
-3
-3
-3
-3
-3
-4
-4
-4
-4
-5
-6
-5
-6
-7
-7
-7
-8
-8
-9
-8
-9
-10
-10
-10
-10
-11
-11
-11
-12
-12
-12
-12
-13
-13
-13
-13
-13
-13
-13
-13
-14
-13
-14
-14
-15
-14
-14
-15
-14
-15
-15
-16
-15
-16
-16
-16
-16
-16
-16
-17
-17
-16
-17
-16
-17
-18
-17
-18
-17
-18
-17
-18
-17
-18
-18
-18
-17
-18
-17
-18
-17
-17
-17
-18
-17
-18
-17
-17
-17
-17
-17
-17
-16
-17
-16
-17
-17
-17
-17
-16
-17
-16
-16
-16
-16
-16
-16
-15
-16
-16
-16
-16
-16
-16
-16
-16
-16
-16
-15
-16
-16
-15
-16
-15
-16
-15
-16
-15
-15
-16
-15
-16
-15
-16
-15
-16
-15
-15
-15
-15
-15
-15
-15
-15
-15
-15
-15
-15
-15
-15
-14
-15
-15
-15
-15
-14
-15
-14
-15
-15
-15
-15
-15
-15
-15
-15
-15
-15
-15
-14
-15
-15
-14
-15
-14
-15
-15
-14
-14
-13
-13
-13
-12
-12
-12
-10
-10
-10
-9
-8
-7
-6
-6
-5
-5
-3
-3
-3
-3
-2
-2
-2
-2
-1
-1
-1
-2
-2
-1
-2
-3
-3
-4
-4
-4
-5
-6
-7
-6
-7
-8
-9
-8
-9
-10
-10
-10
-10
-12
-12
-12
-12
-13
-13
-13
-13
-14
-14
-14
-15
-15
-15
-15
-16
-16
-16
-16
-17
-16
-17
-17
-17
-17
-18
-17
-17
-18
-18
-18
-19
-18
-18
-19
-18
-19
-18
-19
-19
-19
-19
-18
-19
-18
-19
-18
-19
-18
-19
-18
-17
-18
-17
-18
-17
-18
-17
-18
-17
-17
-17
-17
-17
-17
-17
-16
-17
-17
-17
-17
-16
-17
-17
-17
-16
-17
-16
-17
-16
-16
-16
-16
-15
-16
-15
-16
-16
-16
-16
-15
-16
-15
-15
-15
-15
-15
-14
-15
-14
-15
-14
-14
-15
-14
-14
-13
-14
-14
-13
-14
-13
-13
-13
-13
-14
-13
-13
-13
-13
-13
-12
-12
-13
-12
-13
-12
-12
-13
-12
-12
-13
-12
-12
-11
-12
-12
-12
-12
-12
-12
-12
-12
-11
-12
-12
-11
-11
-11
-10
-10
-10
-8
-8
-8
-8
-6
-6
-6
-5
-4
-3
-3
-2
-2
-1
-1
-1
0
-1
-1
0
0
-1
-1
-2
-2
-2
-2
-3
-3
-4
-5
-4
-5
-6
-7
-8
-7
-8
-8
-10
-10
-10
-11
-11
-12
-11
-12
-13
-13
-13
-14
-14
-15
-14
-15
-15
-14
-15
-15
-15
-15
-15
-16
-15
-16
-16
-16
-16
-16
-17
-16
-17
-17
-17
-17
-18
-17
-17
-18
-17
-18
-17
-18
-18
-18
-18
-18
-18
-18
-18
-18
-18
-18
-19
-18
-19
-18
-19
-18
-17
-18
-17
-18
-17
-17
-17
-17
-17
-17
-17
-17
-16
-17
-16
-16
-16
-16
-16
-16
-16
-16
-16
-16
-16
-15
-15
-15
-15
-15
-15
-15
-15
-15
-14
-15
-14
-14
-15
-15
-15
-14
-15
-14
-14
-15
-14
-14
-14
-14
-14
-14
-14
-14
-14
-14
-14
-14
-14
-15
-14
-14
-14
-14
-15
-14
-15
-14
-15
-15
-15
-15
-14
-15
-15
-14
-15
-14
-14
-15
-14
-15
-14
-14
-15
-14
-14
-13
-13
-13
-12
-12
-11
-10
-10
-9
-7
-7
-6
-6
-4
-3
-3
-2
-2
0
0
0
1
1
2
2
2
2
2
2
2
2
2
2
1
0
0
-1
0
-1
-2
-2
-3
-4
-4
-4
-4
-5
-6
-7
-7
-7
-8
-9
-9
-10
-11
-10
-11
-11
-12
-13
-12
-13
-13
-14
-13
-14
-14
-15
-15
-14
-15
-15
-15
-16
-15
-16
-16
-17
-16
-16
-17
-17
-16
-17
-17
-16
-17
-17
-17
-17
-16
-17
-17
-17
-17
-17
-17
-17
-17
-16
-17
-16
-17
-16
-17
-16
-17
-16
-16
-16
-16
-15
-16
-15
-16
-15
-16
-15
-15
-15
-15
-15
-15
-16
-15
-16
-15
-15
-15
-15
-14
-15
-15
-15
-15
-15
-15
-14
-15
-15
-14
-15
-14
-15
-15
-15
-15
-14
-15
-15
-14
-15
-14
-14
-15
-14
-15
-14
-14
-14
-14
-14
-13
-14
-14
-14
-14
-13
-14
-13
-14
-14
-13
-14
-13
-14
-14
-14
-14
-13
-14
-14
-13
-14
-14
-14
-14
-13
-14
-14
-14
-14
-13
-14
-14
-13
-13
-13
-13
-13
-12
-12
-12
-11
-11
-10
-9
-9
-8
-8
-6
-5
-5
-4
-2
-1
-1
0
0
2
2
3
3
3
3
3
4
3
4
4
4
3
3
3
2
2
1
1
1
0
0
0
-1
-1
-2
-3
-3
-3
-4
-4
-5
-6
-7
-7
-8
-8
-9
-10
-10
-11
-12
-11
-12
-12
-13
-14
-14
-13
-14
-15
-15
-16
-15
-16
-16
-17
-17
-16
-17
-18
-18
-17
-18
-18
-18
-18
-18
-18
-18
-18
-18
-19
-18
-18
-19
-18
-19
-18
-19
-18
-19
-18
-18
-18
-18
-18
-17
-18
-17
-18
-17
-17
-17
-17
-17
-18
-17
-18
-17
-17
-17
-17
-16
-17
-17
-17
-16
-17
-16
-17
-16
-16
-16
-16
-15
-15
-15
-16
-14
-15
-16
-15
-15
-15
-15
-14
-15
-15
-14
-14
-14
-14
-14
-13
-14
-14
-14
-13
-13
-14
-13
-14
-13
-13
-14
-13
-13
-13
-13
-13
-13
-13
-12
-12
-13
-12
-12
-13
-12
-13
-12
-12
-13
-12
-12
-12
-12
-12
-12
-12
-12
-12
-12
-12
-11
-12
-12
-11
-11
-12
-11
-11
-11
-10
-10
-10
-10
-8
-8
-8
-7
-6
-5
-4
-4
-2
-1
0
0
1
1
2
3
4
4
4
4
4
5
5
4
4
4
4
3
4
4
4
3
2
2
2
1
0
0
0
-1
-2
-2
-3
-3
-4
-4
-5
-6
-7
-8
-8
-9
-8
-9
-9
-10
-10
-11
-11
-11
-11
-12
-12
-13
-13
-13
-13
-14
-14
-14
-15
-14
-14
-14
-15
-16
-15
-15
-16
-16
-15
-16
-16
-15
-16
-16
-16
-16
-16
-16
-16
-16
-16
-17
-16
-17
-16
-16
-16
-16
-16
-16
-16
-16
-16
-16
-15
-16
-16
-16
-15
-15
-16
-15
-16
-15
-16
-15
-15
-15
-15
-14
-15
-15
-15
-15
-15
-15
-14
-15
-15
-14
-15
-14
-14
-14
-14
-14
-13
-14
-14
-14
-14
-13
-14
-14
-13
-13
-12
-13
-13
-12
-13
-13
-12
-13
-12
-12
-12
-11
-12
-12
-11
-11
-12
-11
-11
-11
-11
-11
-11
-11
-11
-10
-11
-11
-10
-10
-10
-9
-8
-8
-7
-6
-6
-5
-4
-4
-2
-1
-1
0
0
1
2
3
3
3
4
4
4
4
4
4
4
4
4
5
5
4
4
4
3
2
2
2
1
0
0
-1
-1
-2
-3
-4
-4
-4
-5
-6
-7
-8
-8
-9
-10
-9
-10
-10
-11
-11
-12
-11
-11
-12
-12
-13
-13
-13
-13
-14
-14
-14
-15
-14
-14
-15
-15
-16
-15
-16
-16
-17
-16
-16
-17
-16
-17
-17
-17
-17
-17
-17
-17
-17
-17
-17
-17
-17
-17
-17
-17
-17
-17
-17
-17
-17
-17
-17
-17
-17
-16
-17
-16
-16
-16
-16
-16
-16
-15
-16
-15
-15
-15
-15
-14
-15
-14
-15
-15
-15
-15
-14
-15
-15
-14
-14
-14
-14
-13
-13
-14
-13
-14
-13
-13
-14
-13
-13
-13
-13
-14
-13
-13
-13
-13
-13
-13
-13
-13
-12
-13
-12
-12
-12
-12
-12
-12
-12
-12
-12
-12
-11
-12
-11
-11
-10
-9
-9
-8
-7
-6
-6
-5
-4
-2
-1
-1
1
1
2
4
4
5
6
6
6
7
7
7
8
8
8
8
8
8
8
8
8
7
7
7
7
7
6
6
6
5
5
5
4
3
3
3
2
1
1
0
-1
-2
-2
-3
-3
-4
-5
-6
-6
-7
-7
-8
-8
-9
-9
-10
-11
-11
-12
-12
-13
-13
-12
-13
-14
-14
-15
-15
-16
-15
-15
-16
-17
-17
-17
-17
-18
-17
-18
-18
-18
-18
-18
-18
-19
-18
-19
-19
-19
-19
-19
-19
-19
-19
-19
-19
-19
-19
-19
-19
-19
-18
-19
-19
-19
-19
-19
-19
-18
-19
-18
-18
-18
-18
-17
-17
-17
-17
-17
-17
-17
-17
-16
-17
-16
-16
-15
-16
-15
-15
-15
-14
-15
-14
-15
-14
-14
-14
-14
-14
-13
-14
-13
-13
-12
-12
-13
-12
-13
-12
-12
-13
-12
-12
-12
-12
-13
-12
-12
-11
-11
-12
-11
-11
-11
-10
-10
-10
-9
-8
-8
-7
-6
-5
-4
-3
-1
0
1
2
3
4
5
6
6
7
8
8
9
9
10
10
10
10
11
11
11
11
11
12
12
12
12
11
12
11
11
11
11
11
10
10
9
9
9
9
8
7
6
6
6
5
5
4
4
2
2
2
1
1
0
0
-1
-2
-3
-3
-4
-4
-4
-5
-5
-6
-6
-8
-8
-8
-9
-10
-10
-11
-11
-12
-12
-12
-13
-13
-14
-14
-14
-15
-15
-16
-15
-16
-17
-16
-17
-17
-17
-17
-18
-18
-18
-19
-18
-19
-19
-20
-19
-20
-19
-20
-20
-20
-20
-21
-20
-21
-20
-21
-20
-21
-21
-21
-21
-21
-21
-21
-21
-20
-21
-21
-21
-21
-21
-21
-21
-21
-20
-20
-20
-20
-19
-20
-19
-20
-19
-18
-19
-18
-18
-18
-18
-17
-18
-17
-17
-16
-17
-16
-17
-16
-16
-16
-16
-15
-15
-15
-15
-14
-15
-14
-15
-14
-14
-14
-14
-13
-14
-14
-13
-13
-12
-13
-12
-11
-11
-9
-9
-8
-7
-6
-6
-4
-3
-2
0
1
1
3
4
5
6
6
7
8
9
9
9
10
10
11
11
12
12
13
13
13
13
13
13
13
13
13
13
13
12
12
13
13
13
13
11
11
11
11
10
10
9
9
8
8
7
6
6
5
5
5
3
3
3
2
2
1
0
0
-1
-1
-2
-3
-4
-4
-5
-5
-5
-6
-7
-7
-8
-8
-9
-10
-10
-11
-11
-12
-12
-13
-14
-13
-14
-14
-15
-16
-15
-16
-16
-17
-16
-17
-18
-17
-18
-17
-18
-19
-18
-19
-19
-19
-20
-19
-20
-20
-20
-20
-20
-20
-21
-20
-21
-21
-21
-21
-21
-21
-22
-21
-21
-21
-21
-21
-21
-21
-21
-21
-21
-20
-21
-20
-21
-20
-20
-20
-20
-20
-19
-20
-19
-20
-19
-19
-19
-19
-18
-18
-18
-17
-18
-17
-17
-17
-17
-17
-17
-16
-17
-16
-16
-16
-16
-16
-16
-16
-16
-15
-16
-15
-15
-15
-15
-14
-15
-14
-14
-14
-13
-13
-12
-11
-11
-9
-9
-8
-6
-5
-4
-3
-1
0
1
2
3
4
5
6
7
7
8
8
9
10
11
11
12
12
13
13
14
14
14
14
14
14
15
15
15
16
15
15
15
15
15
14
13
14
13
13
12
12
11
11
10
9
9
8
8
6
6
6
5
5
3
3
2
2
1
0
-1
-1
-1
-2
-4
-4
-5
-5
-6
-7
-7
-8
-9
-10
-11
-11
-12
-11
-12
-12
-13
-14
-14
-15
-15
-15
-15
-16
-17
-16
-17
-17
-18
-18
-18
-18
-18
-19
-19
-19
-20
-20
-20
-20
-20
-20
-21
-21
-21
-21
-22
-21
-22
-22
-22
-22
-21
-22
-22
-23
-22
-23
-22
-22
-22
-22
-22
-22
-22
-22
-22
-22
-22
-22
-22
-21
-21
-21
-21
-20
-20
-20
-20
-20
-20
-20
-19
-19
-19
-18
-19
-18
-19
-18
-18
-18
-17
-18
-17
-17
-16
-17
-16
-16
-15
-16
-15
-16
-15
-15
-15
-15
-14
-15
-14
-14
-13
-14
-13
-14
-13
-13
-13
-12
-12
-11
-10
-10
-9
-8
-6
-6
-4
-3
-2
-1
0
2
3
4
5
6
7
8
9
10
10
12
12
13
14
14
15
16
16
16
17
18
18
19
19
19
19
19
17
19
19
19
19
19
19
18
17
17
17
16
15
15
15
13
13
13
11
10
10
10
8
8
7
5
5
4
4
2
2
2
1
-1
-1
-2
-2
-4
-4
-5
-6
-6
-8
-8
-9
-10
-10
-11
-11
-12
-12
-13
-13
-14
-14
-14
-15
-16
-16
-17
-16
-17
-17
-18
-17
-18
-19
-18
-19
-19
-19
-19
-19
-20
-19
-20
-20
-21
-21
-21
-21
-21
-21
-22
-22
-22
-22
-22
-22
-22
-22
-22
-23
-22
-23
-23
-22
-23
-23
-23
-23
-22
-23
-22
-23
-23
-22
-23
-22
-22
-22
-22
-23
-22
-21
-22
-21
-22
-21
-21
-21
-20
-21
-20
-21
-20
-19
-19
-19
-19
-19
-19
-18
-18
-18
-17
-17
-17
-17
-17
-17
-16
-17
-16
-17
-16
-16
-16
-15
-15
-14
-15
-14
-15
-14
-14
-14
-13
-13
-12
-11
-11
-10
-9
-8
-6
-5
-4
-2
-1
0
1
2
4
5
6
7
8
9
10
11
12
13
14
15
15
16
17
17
17
18
18
19
19
18
19
19
19
18
19
19
19
18
18
18
18
16
16
16
15
14
13
13
12
11
10
10
9
8
8
7
5
5
5
3
3
2
1
1
-1
-1
-2
-3
-4
-4
-5
-6
-6
-8
-8
-9
-10
-10
-11
-11
-12
-12
-12
-13
-13
-14
-15
-14
-14
-15
-15
-16
-16
-16
-17
-17
-17
-17
-18
-18
-18
-19
-18
-19
-18
-19
-18
-19
-20
-19
-19
-19
-19
-19
-20
-19
-20
-19
-19
-19
-19
-20
-19
-20
-19
-20
-20
-20
-20
-20
-20
-19
-20
-19
-20
-20
-20
-20
-20
-20
-20
-20
-19
-20
-19
-20
-19
-20
-19
-20
-19
-19
-19
-19
-18
-19
-18
-18
-18
-18
-18
-17
-18
-17
-17
-17
-17
-17
-17
-16
-17
-16
-16
-16
-16
-15
-15
-15
-15
-15
-14
-14
-14
-14
-13
-12
-12
-11
-11
-9
-8
-8
-6
-5
-4
-3
-1
0
1
2
3
5
6
7
8
9
10
11
12
12
13
14
14
15
15
16
16
16
20
17
17
17
17
17
17
17
16
16
16
16
16
15
14
14
13
13
11
11
11
10
9
8
7
7
6
4
4
3
3
2
1
0
-1
-1
-2
-2
-4
-4
-5
-5
-6
-7
-7
-9
-9
-10
-10
-11
-11
-11
-12
-13
-13
-14
-14
-14
-14
-14
-15
-15
-16
-15
-16
-16
-16
-16
-16
-17
-16
-17
-17
-17
-17
-17
-18
-18
-18
-18
-18
-18
-18
-19
-18
-19
-18
-19
-18
-19
-18
-19
-18
-19
-18
-19
-19
-19
-19
-19
-19
-19
-19
-19
-19
-19
-19
-19
-19
-19
-19
-19
-19
-19
-19
-18
-19
-19
-19
-18
-19
-18
-18
-18
-18
-17
-18
-17
-18
-17
-18
-17
-17
-17
-17
-16
-16
-16
-16
-15
-15
-15
-15
-15
-14
-15
-15
-15
-14
-14
-14
-14
-13
-13
-14
-13
-14
-12
-12
-12
-12
-11
-10
-9
-9
-7
-6
-6
-4
-3
-2
-1
0
1
3
4
5
6
8
9
10
11
12
13
14
15
16
17
18
17
18
19
19
19
19
20
20
20
20
19
20
20
19
19
19
19
18
18
18
16
16
16
15
14
13
13
11
10
10
9
8
7
6
5
4
4
3
1
1
0
0
-2
-2
-3
-3
-3
-5
-5
-6
-6
-7
-7
-9
-9
-10
-10
-10
-11
-11
-11
-12
-12
-13
-13
-13
-13
-13
-13
-14
-15
-14
-14
-15
-15
-15
-15
-15
-15
-16
-16
-16
-16
-16
-16
-17
-16
-17
-16
-17
-17
-17
-18
-17
-18
-17
-18
-17
-18
-18
-18
-18
-18
-18
-19
-18
-19
-18
-19
-18
-19
-19
-19
-19
-19
-19
-19
-19
-19
-19
-20
-19
-20
-19
-20
-19
-20
-19
-20
-19
-20
-19
-20
-19
-19
-19
-19
-19
-19
-18
-19
-18
-19
-18
-18
-18
-17
-17
-18
-17
-17
-17
-17
-16
-16
-16
-16
-16
-16
-15
-16
-15
-15
-15
-15
-14
-14
-14
-14
-14
-13
-14
-13
-13
-12
-12
-11
-11
-10
-9
-8
-7
-7
-4
-3
-2
-1
1
2
3
4
5
7
8
9
10
12
13
14
15
16
17
17
18
19
18
19
20
20
21
20
21
21
21
20
20
20
20
19
19
19
18
18
18
17
16
16
15
14
13
13
12
11
10
10
8
8
7
5
5
4
4
2
2
1
1
-1
-1
-2
-2
-4
-4
-4
-5
-6
-6
-7
-7
-8
-8
-9
-9
-10
-11
-11
-12
-12
-11
-12
-12
-12
-13
-13
-14
-13
-13
-14
-14
-14
-14
-14
-15
-14
-14
-15
-14
-15
-15
-15
-15
-15
-15
-16
-16
-16
-16
-16
-16
-16
-15
-17
-17
-17
-17
-16
-17
-16
-17
-17
-17
-17
-17
-17
-17
-18
-18
-18
-18
-18
-18
-18
-17
-18
-18
-18
-18
-18
-18
-18
-18
-18
-18
-18
-18
-18
-18
-18
-18
-17
-18
-17
-18
-17
-17
-17
-17
-17
-16
-17
-17
-17
-16
-17
-16
-16
-16
-16
-16
-16
-15
-15
-15
-15
-14
-15
-15
-14
-15
-14
-14
-13
-14
-14
-13
-12
-11
-11
-11
-9
-8
-8
-5
-4
-3
-3
-1
1
1
3
4
5
6
8
9
10
11
12
13
13
14
15
14
15
15
16
16
17
17
18
16
17
17
18
17
16
17
17
17
16
15
15
14
14
13
12
11
11
10
9
9
8
7
6
5
5
4
3
2
1
1
0
0
-2
-2
-2
-3
-4
-4
-6
-6
-6
-7
-7
-8
-8
-9
-10
-10
-11
-11
-12
-12
-12
-12
-12
-12
-13
-13
-13
-14
-13
-14
-14
-14
-14
-14
-15
-15
-15
-15
-16
-15
-15
-15
-15
-16
-15
-16
-15
-15
-16
-15
-16
-16
-16
-15
-16
-15
-16
-16
-16
-17
-16
-17
-16
-17
-16
-17
-16
-17
-16
-17
-17
-17
-18
-17
-18
-17
-18
-17
-18
-18
-18
-18
-18
-18
-18
-18
-18
-18
-18
-18
-18
-18
-18
-18
-17
-18
-17
-17
-17
-18
-17
-17
-17
-17
-18
-17
-17
-17
-17
-16
-17
-16
-17
-16
-16
-16
-16
-15
-15
-15
-14
-14
-13
-13
-11
-11
-10
-9
-8
-7
-5
-4
-3
-2
0
1
2
3
4
5
8
9
10
11
12
13
14
14
16
16
16
16
16
17
17
18
18
19
18
18
19
19
18
18
18
18
18
17
16
16
16
14
14
14
13
12
11
11
10
9
8
7
7
5
5
5
4
3
2
2
2
0
-1
-1
-1
-3
-3
-3
-4
-4
-5
-5
-6
-6
-6
-6
-7
-8
-9
-9
-10
-10
-10
-10
-10
-11
-11
-11
-12
-12
-13
-12
-12
-13
-13
-14
-13
-13
-14
-13
-14
-14
-14
-14
-15
-14
-15
-15
-14
-15
-15
-15
-15
-15
-15
-15
-15
-14
-15
-16
-15
-16
-15
-16
-15
-16
-16
-16
-16
-16
-16
-17
-17
-17
-17
-17
-17
-17
-17
-17
-17
-17
-18
-17
-18
-17
-17
-17
-17
-17
-17
-18
-17
-17
-17
-17
-17
-17
-16
-17
-16
-16
-16
-16
-16
-16
-16
-15
-16
-15
-16
-16
-15
-15
-15
-15
-14
-14
-14
-14
-14
-13
-13
-12
-11
-10
-9
-8
-7
-5
-5
-3
-3
-1
1
1
2
3
4
6
7
8
9
9
11
12
12
13
14
14
15
15
15
15
16
16
16
16
17
16
16
16
16
16
16
15
15
15
15
14
13
13
13
12
11
10
10
10
8
8
7
7
6
5
5
4
4
2
2
1
1
0
-1
-2
-2
-2
-3
-4
-4
-4
-5
-5
-5
-6
-6
-7
-7
-8
-8
-8
-9
-9
-9
-9
-10
-10
-10
-9
-10
-11
-11
-11
-12
-11
-11
-11
-12
-11
-11
-11
-12
-12
-12
-12
-12
-12
-12
-12
-13
-13
-12
-13
-13
-13
-14
-14
-14
-14
-13
-14
-15
-14
-15
-14
-15
-15
-14
-15
-16
-15
-16
-15
-16
-16
-16
-16
-15
-16
-17
-16
-16
-16
-16
-17
-16
-16
-16
-16
-15
-16
-16
-15
-16
-15
-16
-16
-15
-16
-15
-15
-14
-15
-15
-14
-14
-14
-14
-14
-14
-14
-13
-14
-14
-13
-13
-13
-14
-12
-13
-13
-13
-13
-12
-12
-12
-11
-11
-10
-8
-8
-7
-5
-4
-3
-3
-1
1
1
3
3
4
5
6
7
7
8
10
10
11
11
12
11
11
12
12
13
13
13
13
14
14
13
13
13
13
13
13
13
12
12
11
11
11
10
9
8
8
8
7
7
6
5
5
4
4
4
2
2
2
2
1
1
0
0
0
-1
-1
-1
-2
-2
-3
-3
-3
-4
-4
-5
-5
-6
-6
-6
-6
-7
-7
-7
-7
-7
-8
-8
-8
-7
-8
-8
-8
-9
-9
-9
-8
-8
-9
-10
-10
-9
-10
-10
-10
-9
-10
-10
-10
-10
-10
-11
-10
-10
-11
-11
-11
-11
-12
-11
-12
-12
-11
-12
-12
-12
-12
-13
-12
-12
-13
-13
-12
-13
-14
-13
-14
-14
-14
-14
-14
-14
-14
-14
-14
-14
-14
-14
-15
-14
-14
-15
-14
-14
-14
-14
-14
-14
-13
-14
-13
-14
-14
-13
-14
-14
-13
-14
-13
-13
-14
-13
-13
-13
-13
-13
-12
-12
-12
-11
-11
-11
-10
-9
-9
-7
-7
-6
-5
-3
-2
-2
0
0
2
3
3
5
6
6
7
7
8
8
9
10
10
10
10
11
12
11
12
12
12
12
12
13
12
12
11
11
11
11
11
11
10
9
9
9
9
8
8
6
6
6
5
5
5
4
3
2
2
2
1
1
1
-1
-1
-1
-2
-2
-2
-2
-3
-4
-4
-4
-4
-4
-4
-5
-5
-6
-6
-6
-6
-7
-7
-7
-7
-8
-8
-8
-9
-9
-10
-10
-9
-9
-10
-11
-10
-10
-10
-11
-11
-10
-11
-11
-11
-11
-11
-12
-11
-12
-12
-11
-12
-12
-12
-12
-12
-13
-12
-13
-13
-12
-13
-13
-12
-13
-13
-13
-13
-13
-13
-13
-13
-13
-14
-13
-14
-14
-14
-14
-14
-14
-14
-14
-14
-14
-14
-14
-14
-14
-14
-15
-14
-14
-14
-14
-14
-13
-14
-14
-13
-13
-13
-13
-13
-13
-13
-13
-13
-13
-12
-12
-12
-12
-12
-12
-11
-11
-12
-11
-12
-11
-11
-12
-11
-11
-11
-11
-11
-10
-9
-9
-9
-8
-7
-6
-5
-5
-3
-2
-1
0
1
1
3
4
5
6
6
7
8
8
9
9
10
10
11
11
11
12
12
13
12
12
13
13
13
13
13
13
12
12
12
12
12
11
10
10
10
10
9
9
7
7
7
7
6
5
4
4
3
3
2
2
2
0
0
0
0
0
-1
-2
-2
-2
-2
-2
-3
-3
-4
-4
-5
-5
-5
-5
-6
-6
-6
-6
-6
-7
-7
-7
-7
-7
-8
-8
-7
-8
-8
-8
-8
-9
-9
-8
-8
-9
-9
-10
-9
-9
-10
-10
-9
-10
-10
-10
-10
-10
-11
-10
-10
-11
-10
-10
-11
-11
-11
-11
-11
-11
-11
-11
-12
-11
-11
-12
-11
-11
-12
-11
-12
-12
-12
-12
-12
-12
-12
-12
-13
-12
-12
-13
-12
-13
-13
-12
-13
-13
-12
-12
-13
-12
-13
-12
-13
-12
-13
-12
-12
-12
-12
-12
-12
-11
-12
-12
-11
-12
-12
-11
-12
-12
-11
-11
-12
-11
-11
-11
-10
-11
-11
-11
-11
-11
-11
-11
-11
-11
-11
-11
-10
-10
-11
-10
-10
-10
-10
-10
-10
-10
-9
-9
-8
-8
-6
-6
-5
-4
-4
-1
-1
0
1
2
3
3
4
6
6
7
7
8
8
9
9
10
10
10
10
10
10
11
11
11
11
12
12
11
11
10
10
10
10
10
9
10
9
8
8
8
7
7
6
6
6
4
4
4
3
3
2
2
2
0
0
0
-1
-1
-1
-1
-2
-3
-3
-3
-3
-4
-4
-4
-4
-4
-4
-5
-6
-6
-7
-7
-7
-7
-6
-7
-7
-7
-7
-7
-8
-8
-8
-9
-8
-8
-8
-9
-9
-8
-8
-9
-9
-10
-9
-9
-10
-10
-9
-10
-10
-10
-10
-10
-11
-10
-11
-11
-10
-11
-12
-12
-11
-12
-12
-11
-12
-13
-12
-12
-13
-12
-13
-13
-13
-13
-13
-13
-13
-13
-13
-13
-13
-14
-13
-13
-14
-13
-13
-14
-13
-13
-13
-13
-13
-14
-13
-13
-13
-13
-13
-12
-12
-13
-12
-12
-12
-12
-12
-12
-11
-12
-12
-11
-12
-12
-11
-11
-11
-11
-11
-10
-11
-11
-11
-11
-11
-11
-11
-11
-10
-11
-11
-10
-10
-11
-10
-9
-9
-9
-8
-7
-6
-6
-4
-4
-3
-2
-1
0
2
2
3
4
4
5
5
6
7
7
8
8
9
9
9
10
10
10
10
11
11
11
11
10
11
11
11
10
10
10
10
10
8
9
8
8
8
8
8
7
6
5
5
5
4
4
4
3
2
2
2
1
1
0
0
0
-2
-2
-2
-2
-3
-3
-3
-3
-4
-5
-5
-5
-5
-6
-6
-6
-7
-6
-7
-7
-7
-7
-8
-8
-7
-7
-7
-8
-8
-8
-8
-8
-8
-8
-9
-9
-9
-8
-9
-9
-9
-8
-9
-9
-10
-9
-9
-10
-10
-9
-10
-10
-11
-10
-11
-11
-10
-11
-11
-10
-11
-11
-12
-11
-12
-12
-11
-12
-12
-11
-12
-12
-13
-12
-13
-13
-12
-13
-13
-12
-12
-13
-12
-12
-12
-13
-12
-13
-13
-12
-13
-12
-12
-12
-13
-12
-12
-12
-12
-12
-12
-11
-11
-12
-11
-11
-12
-11
-11
-12
-11
-11
-11
-11
-11
-11
-10
-10
-11
-10
-10
-11
-10
-10
-11
-10
-10
-10
-10
-10
-11
-10
-10
-11
-11
-10
-10
-9
-8
-8
-7
-7
-6
-5
-4
-3
-2
-1
0
2
2
3
4
5
5
6
7
7
8
8
9
9
10
11
11
11
11
12
12
12
11
11
12
12
12
12
12
12
11
11
11
11
11
11
10
9
9
9
9
9
8
7
6
6
6
5
5
4
3
3
3
3
2
2
1
0
0
0
0
-1
-2
-2
-2
-3
-3
-3
-3
-4
-5
-5
-5
-5
-5
-6
-6
-6
-6
-6
-7
-7
-7
-7
-8
-7
-7
-7
-7
-8
-8
-8
-8
-8
-9
-9
-9
-8
-9
-9
-9
-9
-9
-9
-9
-10
-9
-10
-10
-10
-10
-10
-10
-10
-10
-11
-11
-10
-11
-11
-10
-11
-11
-11
-10
-11
-12
-11
-11
-12
-12
-11
-11
-12
-11
-12
-12
-11
-12
-12
-13
-12
-12
-13
-12
-12
-12
-11
-12
-12
-11
-11
-11
-12
-11
-11
-12
-10
-11
-11
-10
-11
-11
-10
-10
-10
-10
-10
-10
-10
-9
-10
-10
-9
-10
-10
-9
-9
-10
-10
-9
-9
-9
-9
-9
-10
-9
-9
-10
-10
-9
-9
-9
-9
-8
-7
-7
-6
-5
-4
-4
-3
-2
-2
0
1
2
2
3
4
5
5
6
7
7
8
8
9
9
10
10
10
11
11
11
11
10
10
10
10
10
10
10
10
10
10
9
9
9
8
8
8
8
7
6
6
6
6
5
4
4
4
2
2
2
1
1
1
1
0
0
-1
-1
-1
-2
-2
-2
-2
-2
-3
-3
-3
-3
-3
-4
-4
-4
-4
-5
-5
-5
-5
-5
-6
-6
-6
-6
-6
-7
-7
-7
-7
-7
-7
-7
-8
-8
-7
-7
-8
-8
-8
-8
-8
-9
-9
-9
-8
-9
-9
-9
-8
-9
-9
-10
-9
-9
-10
-10
-10
-10
-10
-10
-10
-11
-11
-10
-11
-11
-11
-10
-11
-12
-12
-11
-12
-12
-11
-12
-12
-12
-12
-12
-12
-11
-12
-12
-12
-12
-12
-13
-12
-12
-13
-12
-12
-12
-11
-12
-12
-11
-11
-11
-10
-10
-11
-10
-10
-11
-10
-10
-11
-11
-10
-10
-11
-10
-10
-10
-9
-9
-10
-9
-9
-10
-10
-9
-10
-10
-9
-9
-10
-9
-8
-8
-8
-7
-7
-6
-6
-5
-3
-3
-2
-1
-1
0
1
3
3
4
5
5
6
6
7
7
8
8
8
9
9
9
10
10
10
11
10
10
10
11
11
11
11
11
11
10
10
10
10
9
10
9
8
8
7
7
6
6
6
5
4
4
3
3
2
2
2
2
1
0
0
0
0
-1
-1
-1
-2
-3
-3
-3
-3
-4
-4
-4
-4
-4
-4
-5
-6
-6
-6
-6
-6
-5
-5
-6
-6
-6
-7
-7
-7
-7
-8
-8
-7
-7
-8
-8
-8
-9
-8
-8
-9
-9
-8
-8
-9
-9
-9
-9
-9
-9
-9
-9
-9
-10
-9
-9
-9
-10
-9
-10
-10
-10
-10
-10
-10
-11
-10
-10
-10
-9
-10
-10
-10
-9
-9
-10
-10
-9
-10
-10
-10
-10
-10
-10
-10
-9
-10
-10
-10
-10
-10
-10
-10
-10
-10
-10
-10
-10
-10
-9
-9
-10
-10
-9
-9
-10
-9
-9
-10
-9
-9
-9
-10
-10
-9
-9
-9
-9
-9
-9
-9
-9
-9
-9
-9
-9
-9
-9
-8
-8
-8
-8
-8
-6
-6
-6
-5
-4
-3
-2
-1
-1
0
0
2
2
3
4
5
5
6
6
7
7
7
8
9
9
9
9
10
9
9
9
9
10
10
10
10
10
10
10
9
9
9
9
9
8
8
8
8
6
6
6
6
6
5
5
5
3
3
3
3
2
2
2
2
0
0
-1
0
-1
-1
-2
-2
-2
-3
-4
-4
-4
-4
-5
-5
-5
-5
-5
-5
-6
-6
-6
-6
-6
-6
-6
-7
-7
-7
-6
-7
-7
-7
-7
-8
-8
-8
-7
-7
-8
-8
-8
-8
-8
-8
-8
-8
-8
-8
-8
-9
-8
-9
-9
-9
-9
-9
-9
-10
-9
-10
-10
-10
-10
-10
-11
-10
-10
-10
-11
-10
-10
-10
-11
-10
-10
-11
-10
-10
-10
-11
-10
-10
-10
-11
-9
-10
-10
-10
-9
-9
-10
-10
-9
-9
-9
-10
-9
-9
-9
-8
-8
-8
-8
-7
-7
-7
-8
-7
-7
-8
-8
-7
-7
-8
-8
-7
-7
-8
-8
-8
-8
-8
-9
-8
-8
-8
-9
-8
-7
-7
-7
-6
-5
-5
-4
-4
-4
-3
-1
-1
0
0
1
2
2
3
3
4
4
5
5
5
6
6
6
6
7
7
7
7
7
7
7
7
7
7
7
7
6
6
6
6
5
4
4
4
4
3
3
3
2
2
2
2
1
1
1
0
0
0
-1
-1
-1
-2
-2
-2
-2
-3
-4
-4
-4
-4
-4
-5
-5
-5
-5
-5
-5
-5
-5
-5
-5
-5
-5
-5
-5
-5
-5
-5
-5
-5
-5
-5
-6
-6
-6
-6
-5
-6
-6
-6
-7
-7
-6
-7
-7
-7
-8
-7
-7
-7
-7
-8
-7
-8
-8
-8
-8
-8
-8
-8
-8
-8
-8
-8
-8
-8
-8
-9
-9
-8
-8
-9
-9
-9
-9
-9
-9
-9
-9
-9
-9
-9
-9
-9
-9
-9
-10
-9
-9
-10
-10
-10
-9
-10
-10
-10
-9
-9
-10
-10
-9
-9
-9
-8
-8
-8
-9
-8
-8
-8
-9
-8
-8
-8
-8
-8
-8
