-43
-59
-36
-40
-75
0
-28
-91
45
-95
13
-52
-16
-48
-3
-60
8
-47
-12
-23
-31
-4
-39
-4
-39
5
-47
8
-31
-19
1
-44
17
-40
5
-28
4
-27
-3
-4
-31
17
-43
24
-28
4
-7
-12
13
-19
12
-24
21
-27
24
-11
-7
21
-31
36
-20
17
-12
12
0
4
17
-15
33
-24
37
-11
16
16
-8
36
-12
29
-8
29
-7
29
12
-4
41
-19
49
-8
29
9
17
28
5
33
-3
41
-8
48
8
17
41
-8
53
1
40
8
36
17
29
36
4
53
-4
60
9
36
33
13
56
12
48
13
52
9
52
33
20
60
0
68
12
53
28
36
45
25
56
17
61
12
68
29
37
60
12
76
21
61
29
56
37
48
57
24
72
17
80
29
56
56
32
73
28
68
32
72
32
68
53
36
80
20
89
33
69
49
57
65
48
76
37
84
33
88
48
57
81
33
96
37
81
48
76
57
65
76
45
93
33
100
48
76
73
53
93
49
89
53
93
52
89
72
60
100
40
108
52
93
68
76
85
68
93
57
104
49
108
65
77
97
53
112
57
100
69
96
72
89
92
64
113
52
117
64
97
89
73
109
68
108
68
109
65
109
85
76
116
56
124
68
108
84
96
96
88
112
72
121
65
124
81
100
113
73
129
76
117
84
116
84
109
108
81
129
69
137
81
117
100
97
121
89
125
84
128
80
132
101
101
132
77
144
84
129
96
121
108
109
124
88
137
81
144
93
120
124
96
144
93
137
101
136
97
136
121
105
148
88
156
96
137
117
121
133
112
140
104
149
96
153
112
125
145
101
161
104
148
112
145
116
137
137
108
157
96
164
109
144
133
125
152
117
153
116
157
109
161
128
129
160
105
173
116
157
125
149
136
140
157
120
168
112
176
124
152
152
128
173
125
165
129
169
124
165
145
132
176
116
184
125
168
141
157
157
145
168
129
180
121
185
137
160
168
132
185
132
176
141
176
141
172
161
140
185
125
196
136
177
156
160
172
152
180
140
189
137
193
152
164
185
137
201
145
189
152
184
156
177
176
149
200
136
205
149
185
169
168
188
160
193
152
200
148
205
164
176
196
149
212
157
201
165
197
168
189
189
164
212
149
220
161
201
181
181
201
173
205
168
213
160
216
176
188
209
165
224
168
213
176
209
180
205
201
176
224
161
232
173
216
192
201
208
188
217
176
228
172
233
185
208
217
181
233
181
225
188
228
184
224
205
193
237
176
244
184
229
200
220
212
209
229
192
241
181
249
196
225
220
204
241
196
240
197
241
192
244
212
216
244
192
256
197
244
209
241
213
232
232
204
257
193
264
205
245
224
229
241
216
248
209
256
201
264
216
237
248
213
265
213
256
220
257
216
257
236
224
269
205
277
216
260
228
252
240
241
256
221
273
212
280
224
260
248
240
268
233
273
229
276
225
281
241
253
273
229
289
233
280
241
276
240
272
264
241
292
225
300
237
281
253
273
265
260
281
245
297
237
304
248
280
272
260
293
253
293
253
296
248
301
264
276
297
249
313
252
301
260
300
261
297
285
265
313
249
320
260
304
273
296
285
285
304
265
320
256
325
269
305
289
285
312
277
316
273
320
268
325
281
301
313
276
333
276
321
281
325
281
324
300
292
329
273
341
280
329
293
324
300
313
316
288
340
277
349
288
329
305
317
320
304
332
292
345
285
352
296
329
324
309
344
301
344
301
349
297
352
309
328
344
300
360
301
352
309
349
308
349
325
320
360
297
368
305
357
317
352
324
348
344
321
372
304
380
317
361
332
352
345
341
361
321
377
313
381
324
364
345
345
368
336
373
329
380
321
389
337
364
365
341
385
337
381
337
385
332
388
349
361
384
336
397
341
388
345
388
344
388
365
360
397
337
408
348
397
356
393
360
389
381
357
409
344
416
353
400
364
393
373
385
392
361
416
348
420
360
405
376
393
392
385
405
364
420
356
429
369
409
388
392
409
384
416
373
428
364
433
376
413
401
392
424
384
424
380
433
372
437
388
416
416
393
437
385
433
389
436
385
444
397
416
429
392
449
389
440
396
441
393
445
408
420
445
393
460
397
448
405
449
404
448
421
420
453
396
468
404
453
413
453
413
452
433
424
465
405
476
413
465
425
460
425
457
445
429
473
409
485
421
472
433
468
437
461
457
432
484
416
492
428
477
440
472
448
464
469
441
493
424
501
436
485
448
476
457
468
477
444
500
429
508
441
492
457
484
469
473
484
449
509
437
513
449
497
464
488
477
481
493
457
513
444
521
457
505
472
497
485
484
501
465
521
453
529
464
513
480
504
492
493
508
472
528
461
536
472
521
485
512
496
501
516
477
537
469
545
477
528
493
521
505
509
521
488
544
473
552
484
537
500
529
508
520
528
493
552
480
560
493
545
505
536
512
529
532
504
557
488
565
500
553
513
545
516
541
536
516
564
497
572
508
561
517
557
520
552
540
524
572
505
584
516
572
525
569
528
569
548
536
577
517
592
525
577
532
580
532
577
548
553
585
528
597
532
589
541
588
536
593
552
565
585
540
601
541
597
545
597
544
604
553
581
585
556
605
549
601
552
608
545
616
560
593
585
572
604
565
608
557
616
552
624
561
609
581
592
597
585
608
568
629
557
636
569
621
584
613
589
604
609
581
633
565
645
573
629
585
629
585
625
605
601
637
577
649
581
636
588
640
585
645
600
621
632
597
648
596
645
592
649
588
657
601
637
625
620
644
609
648
601
660
593
668
604
652
621
640
632
633
648
613
672
597
677
609
665
621
661
624
656
645
629
673
608
684
616
672
624
672
621
676
636
652
668
628
688
628
685
632
689
625
697
637
676
661
660
680
652
688
640
701
632
708
640
692
660
684
669
676
685
653
709
641
720
649
704
657
705
661
705
676
680
708
656
721
657
713
660
716
657
724
668
700
693
681
712
673
717
664
728
660
737
669
720
685
709
697
704
713
680
737
664
748
673
732
685
732
685
732
704
708
736
685
749
685
744
689
745
685
752
696
733
720
716
740
704
744
696
760
685
768
697
752
713
744
720
740
736
712
765
697
773
704
761
712
761
708
768
721
745
753
721
769
716
769
712
776
709
784
720
768
737
756
752
745
765
725
789
712
797
721
780
736
781
736
781
752
757
780
732
796
733
792
736
797
729
805
740
784
764
773
780
764
793
748
813
736
821
748
805
760
805
761
804
777
781
809
757
824
757
816
761
824
757
832
768
813
788
800
801
792
817
772
837
761
845
769
829
781
829
781
833
792
809
820
788
837
784
837
781
844
772
853
781
840
800
832
805
828
820
805
852
785
860
792
853
793
856
789
861
801
844
824
832
836
824
848
805
869
793
877
804
864
813
865
813
869
824
845
853
825
869
821
873
816
881
808
892
816
877
832
868
836
868
852
844
880
824
893
825
885
829
892
824
900
833
884
853
872
865
865
881
844
904
829
912
837
901
844
900
841
908
852
888
880
869
897
864
904
852
920
841
928
849
913
864
909
865
912
877
889
909
869
925
868
924
865
937
860
944
873
929
888
925
893
920
908
900
940
881
952
881
944
885
949
881
957
888
941
909
933
920
929
932
909
961
888
969
896
960
901
964
897
969
905
953
925
940
940
933
953
917
976
901
985
905
973
913
973
909
980
921
965
944
948
957
944
969
925
989
912
1001
921
989
933
989
928
997
940
980
961
964
980
956
988
941
1008
928
1016
937
1004
949
1004
945
1013
953
993
977
977
993
972
1000
957
1021
944
1032
953
1016
961
1020
957
1025
964
1008
988
993
1004
989
1013
973
1036
957
1044
965
1032
972
1033
965
1040
976
1024
997
1013
1008
1005
1021
988
1045
969
1053
977
1045
981
1048
977
1056
984
1040
1005
1029
1013
1028
1025
1008
1053
989
1065
996
1061
997
1069
996
1080
1005
1065
1020
1060
1025
1060
1040
1041
1069
1021
1085
1021
1081
1020
1092
1012
1100
1021
1088
1036
1085
1036
1089
1048
1069
1072
1052
1089
1048
1092
1037
1108
1024
1117
1032
1101
1044
1104
1040
1109
1049
1093
1072
1080
1085
1076
1092
1060
1120
1044
1129
1048
1116
1053
1120
1048
1132
1056
1117
1076
1112
1081
1109
1093
1092
1121
1072
1133
1072
1129
1069
1141
1061
1152
1068
1137
1080
1137
1080
1144
1089
1124
1113
1109
1129
1105
1136
1092
1157
1077
1164
1084
1153
1088
1156
1084
1168
1092
1153
1112
1148
1117
1145
1128
1129
1156
1109
1168
1109
1164
1101
1177
1096
1185
1105
1173
1116
1173
1112
1180
1120
1164
1144
1148
1153
1144
1161
1129
1184
1112
1197
1117
1185
1120
1192
1112
1201
1121
1189
1136
1184
1140
1189
1148
1173
1173
1156
1193
1156
1197
1149
1224
1141
1236
1153
1225
1160
1229
1157
1241
1165
1229
1180
1224
1185
1224
1193
1209
1220
1193
1232
1189
1236
1180
1252
1168
1261
1177
1249
1180
1252
1176
1265
1184
1252
1201
1245
1201
1249
1212
1233
1233
1216
1245
1213
1252
1205
1272
1189
1280
1196
1269
1197
1273
1193
1285
1201
1273
1217
1268
1217
1276
1225
1257
1248
1244
1257
1244
1264
1229
1289
1213
1296
1220
1289
1217
1296
1212
1305
1220
1293
1233
1293
1232
1300
1241
1285
1260
1276
1269
1276
1276
1261
1300
1244
1312
1245
1305
1240
1320
1232
1328
1241
1316
1248
1316
1245
1324
1253
1313
1269
1304
1272
1305
1281
1289
1304
1273
1317
1273
1316
1264
1336
1252
1341
1257
1329
1260
1336
1252
1345
1260
1333
1273
1328
1273
1332
1281
1317
1300
1304
1308
1304
1317
1293
1337
1277
1349
1277
1344
1277
1361
1273
1372
1288
1364
1300
1373
1301
1388
1313
1377
1333
1376
1336
1381
1349
1369
1376
1360
1389
1360
1392
1349
1413
1337
1421
1340
1412
1341
1424
1333
1433
1341
1420
1352
1421
1349
1428
1356
1416
1369
1412
1373
1413
1380
1400
1396
1388
1409
1385
1413
1376
1432
1361
1441
1365
1432
1360
1445
1352
1449
1360
1441
1365
1440
1361
1453
1368
1441
1384
1436
1384
1444
1388
1432
1409
1420
1413
1421
1420
1408
1441
1396
1452
1396
1448
1389
1464
1380
1472
1384
1461
1384
1469
1380
1476
1385
1465
1397
1464
1392
1472
1396
1460
1412
1456
1413
1460
1420
1445
1437
1433
1445
1433
1453
1420
1469
1409
1480
1413
1473
1405
1488
1397
1497
1405
1485
1408
1489
1404
1501
1413
1489
1424
1489
1421
1497
1428
1484
1445
1477
1448
1480
1453
1469
1473
1457
1484
1460
1488
1452
1513
1441
1524
1449
1521
1452
1537
1448
1552
1461
1544
1469
1557
1472
1568
1481
1565
1500
1565
1496
1572
1501
1564
1517
1561
1520
1568
1529
1557
1549
1549
1556
1553
1564
1544
1580
1533
1589
1533
1585
1528
1604
1520
1609
1524
1601
1521
1609
1517
1616
1521
1605
1524
1609
1520
1616
1528
1605
1537
1605
1532
1613
1533
1600
1549
1593
1548
1600
1549
1589
1564
1577
1569
1580
1572
1569
1588
1557
1596
1557
1597
1549
1613
1540
1620
1544
1613
1541
1624
1532
1632
1536
1621
1540
1628
1533
1637
1541
1625
1552
1628
1549
1637
1552
1628
1568
1624
1564
1633
1569
1621
1585
1617
1588
1620
1593
1612
1612
1604
1620
1605
1625
1601
1640
1588
1648
1593
1649
1588
1665
1577
1673
1585
1664
1584
1673
1581
1684
1588
1673
1592
1676
1589
1688
1596
1677
1604
1680
1601
1692
1608
1680
1621
1681
1621
1693
1628
1685
1649
1685
1653
1693
1657
1684
1677
1684
1685
1692
1696
1689
1713
1684
1724
1692
1728
1689
1745
1681
1753
1688
1749
1684
1761
1677
1768
1681
1760
1680
1773
1676
1776
1680
1768
1681
1776
1676
1780
1680
1768
1684
1772
1677
1780
1685
1769
1693
1772
1684
1781
1688
1768
1700
1769
1692
1777
1696
1768
1709
1765
1704
1773
1709
1765
1721
1760
1720
1765
1725
1757
1737
1753
1741
1757
1744
1752
1757
1744
1765
1749
1765
1745
1781
1736
1788
1744
1784
1740
1800
1729
1805
1737
1800
1733
1816
1729
1821
1732
1813
1733
1824
1729
1832
1737
1824
1740
1832
1736
1840
1740
1832
1745
1836
1741
1848
1748
1840
1757
1841
1752
1856
1757
1844
1768
1848
1765
1857
1768
1849
1780
1849
1776
1861
1781
1852
1793
1853
1792
1864
1792
1857
1808
1853
1805
1864
1808
1856
1820
1852
1821
1864
1824
1860
1841
1860
1844
1873
1849
1872
1864
1872
1869
1880
1872
1877
1885
1877
1893
1884
1892
1884
1905
1881
1909
1888
1908
1884
1917
1880
1920
1885
1917
1884
1929
1877
1929
1881
1920
1877
1933
1869
1933
1872
1925
1873
1937
1865
1936
1869
1932
1868
1944
1865
1948
1872
1940
1873
1952
1865
1961
1872
1952
1876
1964
1873
1972
1880
1960
1881
1973
1876
1981
1884
1969
1884
1980
1881
1989
1889
1977
1893
1992
1889
1996
1896
1985
1897
1996
1896
2005
1900
1996
1905
2004
1900
2012
1909
2001
1912
2013
1908
2021
1916
2012
1920
2017
1917
2029
1921
2020
1925
2025
1925
2037
1932
2025
1936
2032
1933
2045
1940
2033
1945
2040
1941
2052
1948
2044
1953
2049
1949
2060
1957
2052
1961
2056
1956
2065
1960
2057
1968
2061
1960
2069
1965
2061
1972
2069
1968
2080
1977
2072
1984
2080
1981
2093
1992
2089
2000
2097
1997
2109
2005
2104
2013
2109
2008
2120
2017
2112
2021
2120
2016
2128
2021
2121
2024
2124
2021
2132
2025
2124
2025
2129
2020
2137
2025
2124
2028
2129
2024
2136
2029
2125
2033
2137
2028
2141
2037
2133
2040
2144
2037
2149
2044
2140
2049
2152
2049
2157
2057
2145
2061
2157
2060
2161
2065
2153
2069
2161
2069
2165
2076
2156
2084
2168
2081
2169
2088
2161
2093
2173
2093
2172
2101
2165
2108
2176
2105
2176
2116
2168
2120
2176
2120
2180
2128
2173
2133
2180
2132
2180
2144
2173
2148
2181
2145
2181
2156
2176
2160
2180
2161
2181
2172
2176
2177
2181
2176
2180
2188
2176
2188
2181
2192
2177
2200
2172
2201
2180
2204
2176
2216
2172
2217
2181
2220
2176
2232
2173
2232
2184
2236
2177
2245
2173
2245
2185
2249
2181
2264
2180
2264
2192
2269
2189
2284
2188
2281
2200
2284
2196
2300
2200
2296
2204
2301
2201
2313
2204
2304
2208
2309
2204
2317
2205
2309
2208
2317
2205
2325
2209
2313
2212
2321
2213
2328
2217
2317
2225
2325
2221
2329
2233
2317
2240
2328
2241
2329
2249
2321
2256
2324
2260
2324
2268
2312
2276
2316
2280
2316
2292
2309
2296
2312
2304
2309
2317
2301
2321
2305
2325
2300
2340
2296
2341
2300
2348
2296
2356
2292
2360
2297
2361
2289
2377
2289
2373
2296
2377
2288
2393
2289
2389
2293
2393
2289
2404
2293
2397
2297
2404
2296
2413
2300
2405
2305
2416
2305
2421
2313
2413
2320
2420
2320
2424
2332
2413
2340
2420
2344
2416
2353
2405
2361
2405
2364
2400
2377
2389
2384
2393
2392
2388
2405
2380
2408
2385
2417
2377
2432
2372
2433
2377
2437
2369
2456
2368
2457
2376
2461
2369
2477
2372
2476
2376
2481
2376
2496
2381
2489
2384
2497
2385
2505
2392
2497
2396
2505
2396
2505
2405
2493
2417
2500
2416
2493
2432
2481
2440
2484
2444
2476
2456
2464
2464
2464
2472
2457
2489
2448
2492
2452
2501
2441
2516
2436
2517
2441
2521
2432
2532
2429
2529
2433
2537
2428
2549
2433
2541
2436
2553
2437
2560
2444
2549
2452
2561
2453
2560
2464
2549
2477
2552
2480
2548
2497
2536
2505
2532
2516
2524
2528
2513
2537
2517
2548
2505
2565
2500
2568
2504
2572
2496
2588
2492
2585
2492
2593
2489
2608
2489
2600
2492
2612
2492
2616
2501
2608
2512
2616
2512
2613
2528
2601
2541
2601
2548
2596
2565
2581
2572
2577
2585
2569
2600
2556
2609
2557
2616
2545
2632
2541
2632
2544
2637
2536
2649
2536
2648
2540
2656
2540
2664
2545
2657
2557
2668
2561
2669
2576
2657
2593
2657
2600
2652
2617
2637
2629
2636
2640
2624
2661
2613
2665
2616
2677
2601
2688
2596
2688
2597
2697
2588
2708
2588
2704
2589
2713
2593
2716
2601
2705
2612
2712
2617
2704
2632
2692
2644
2688
2657
2676
2676
2664
2685
2664
2696
2652
2712
2640
2720
2644
2725
2633
2741
2628
2737
2628
2745
2625
2753
2629
2745
2640
2753
2644
2752
2653
2740
2669
2740
2681
2729
2700
2716
2709
2712
2724
2700
2740
2689
2749
2689
2757
2676
2773
2672
2777
2672
2784
2669
2796
2673
2789
2676
2800
2680
2800
2693
2788
2709
2788
2717
2777
2736
2764
2749
2757
2761
2745
2781
2732
2788
2732
2800
2721
2816
2716
2817
2716
2828
2708
2836
2712
2832
2721
2840
2724
2837
2736
2824
2752
2821
2765
2813
2784
2796
2797
2792
2816
2777
2833
2764
2840
2764
2853
2753
2868
2753
2868
2753
2877
2756
2885
2760
2877
2772
2881
2780
2873
2797
2856
2813
2845
2828
2833
2844
2816
2857
2813
2869
2801
2888
2792
2892
2789
2901
2781
2912
2785
2904
2789
2913
2797
2913
2809
2896
2825
2892
2841
2880
2860
2860
2877
2856
2892
2841
2912
2832
2916
2828
2928
2820
2944
2820
2940
2821
2948
2825
2952
2836
2940
2852
2936
2865
2924
2884
2908
2901
2897
2916
2885
2936
2869
2948
2868
2953
2853
2969
2852
2968
2852
2976
2848
2981
2860
2968
2873
2969
2885
2960
2905
2941
2925
2933
2940
2916
2961
2901
2973
2900
2980
2888
3000
2881
3000
2884
3008
2884
3017
2893
3005
2905
3008
2917
2997
2937
2976
2953
2969
2973
2952
2992
2937
3005
2933
3016
2920
3032
2916
3032
2916
3045
2920
3052
2928
3041
2945
3044
2957
3033
2981
3013
3000
3004
3016
2989
3040
2973
3048
2969
3061
2957
3077
2952
3072
2953
3081
2957
3084
2965
3072
2981
3065
2996
3053
3017
3029
3036
3021
3053
3005
3072
2989
3080
2981
3089
2972
3100
2972
3097
2980
3105
2988
3105
3001
3089
3021
3081
3041
3061
3064
3041
3076
3036
3096
3021
3112
3012
3117
3008
3129
3005
3140
3009
3132
3021
3133
3032
3124
3052
3105
3072
3092
3092
3072
3113
3056
3128
3053
3141
3037
3156
3033
3157
3037
3168
3040
3169
3052
3156
3072
3149
3089
3133
3113
3109
3128
3100
3148
3084
3169
3072
3177
3065
3185
3061
3196
3064
3188
3077
3192
3088
3181
3109
3160
3132
3148
3148
3129
3173
3109
3188
3105
3200
3089
3212
3084
3209
3089
3220
3096
3217
3109
3201
3129
3188
3152
3172
3176
3149
3197
3144
3213
3128
3233
3120
3240
3120
3249
3121
3256
3128
3245
3148
3236
3165
3221
3192
3196
3208
3184
3228
3165
3252
3153
3256
3144
3268
3140
3280
3145
3273
3161
3272
3176
3256
3196
3236
3220
3221
3241
3201
3265
3185
3276
3176
3289
3164
3300
3165
3297
3176
3301
3188
3293
3208
3269
3233
3256
3253
3233
3276
3217
3292
3209
3308
3193
3324
3189
3317
3193
3325
3200
3317
3220
3297
3240
3284
3261
3265
3289
3240
3305
3232
3320
3217
3337
3209
3337
3212
3349
3220
3345
3237
3329
3257
3313
3280
3297
3304
3269
3324
3261
3341
3244
3361
3237
3360
3237
3373
3241
3373
5
5
4
4
4
3
3
2
1
1
1
1
1
0
0
0
0
0
-1
-1
-2
-2
-2
-2
-2
-2
-2
-3
-3
-3
-3
-2
-2
-1
-1
-1
-1
-1
-1
-1
0
0
0
0
0
0
0
0
0
0
0
0
0
0
0
-1
-1
-1
-1
-1
-1
-1
-1
-1
-1
-1
-1
-1
0
0
0
0
0
0
0
0
0
0
0
0
0
0
0
0
0
0
0
0
0
0
1
1
1
1
1
1
1
1
2
2
2
2
2
1
1
1
1
1
1
1
1
0
0
0
0
0
0
0
0
0
1
1
1
1
1
1
1
2
2
2
2
3
3
2
2
2
3
3
3
4
3
4
4
4
3
4
4
4
5
4
4
4
3
3
2
2
2
2
1
1
1
0
-1
-1
-1
-1
-1
-1
-1
-1
-2
-2
-2
-2
-2
-2
-2
-2
-2
-2
-2
-2
-2
-1
-1
-1
-1
-2
-1
-1
-1
-1
-1
-1
-1
-1
-1
-1
-1
-1
0
0
0
0
0
0
0
0
0
0
0
0
0
0
0
0
0
0
0
0
-1
-1
-1
-1
-1
-1
-1
-1
-1
-1
-1
-1
0
1
1
1
1
1
1
1
1
1
2
1
1
0
0
0
0
0
0
0
0
0
0
-1
1
0
0
0
0
0
0
0
0
0
0
0
0
0
1
1
1
1
1
1
1
1
1
2
2
2
2
2
2
3
3
3
4
4
5
5
4
5
5
4
5
5
4
4
4
3
3
2
2
2
1
0
0
-1
-1
-1
-1
-2
-2
-2
-2
-2
-3
-3
-2
-2
-3
-3
-3
-3
-2
-3
-3
-3
-3
-2
-2
-3
-3
-2
-2
-2
-2
-2
-1
-1
-1
-1
-1
-1
-1
-1
-1
-1
-1
-1
-1
-1
-1
-1
-1
-1
-1
0
0
0
0
0
0
0
0
-1
-1
0
0
0
0
0
0
0
0
0
0
0
1
1
0
0
0
0
0
0
0
1
1
1
1
0
1
1
1
1
1
1
1
1
0
0
0
0
1
0
0
0
0
0
0
0
0
0
0
1
1
1
1
1
1
1
1
1
1
2
2
2
2
2
2
3
3
4
4
5
5
5
5
5
5
5
5
5
4
5
4
4
3
3
3
2
1
1
0
0
-1
-1
-2
-2
-2
-3
-3
-3
-4
-3
-3
-3
-4
-3
-3
-3
-3
-3
-3
-3
-3
-3
-3
-3
-3
-2
-2
-2
-3
-3
-3
-2
-2
-2
-2
-2
-2
-2
-2
-2
-2
-1
-1
-1
-1
-1
-1
0
0
-1
-1
-1
-1
-1
-1
-1
-1
-1
-1
-1
-1
-1
0
0
0
0
0
0
1
1
1
1
1
1
1
1
1
2
2
2
2
0
1
1
1
1
1
1
1
1
0
0
0
1
2
1
1
0
0
0
0
1
1
1
1
1
0
0
0
0
1
1
1
1
0
0
0
0
1
1
1
2
2
2
3
3
4
4
5
5
6
5
6
7
6
6
7
6
6
5
5
4
4
3
3
2
1
1
1
0
-1
-1
-1
-1
-2
-2
-2
-2
-3
-3
-3
-4
-4
-3
-4
-4
-5
-4
-4
-5
-5
-4
-5
-5
-4
-4
-4
-3
-3
-2
-2
-2
-1
-1
-2
-1
-1
-1
-1
-1
-1
-1
-1
-1
-1
-1
-1
0
-1
-1
-1
-1
-1
-1
-1
-1
-1
-1
-1
-1
-1
0
-1
0
0
0
0
-1
0
0
0
0
-1
0
0
1
0
0
0
0
1
0
1
1
1
2
1
1
1
1
1
1
1
1
1
0
0
1
1
1
1
0
0
0
1
1
1
1
1
1
0
0
0
1
2
2
2
1
2
2
2
3
3
3
4
4
4
4
5
5
6
5
6
6
6
6
7
6
6
5
5
4
4
3
3
2
2
1
1
-1
-1
-1
-2
-2
-2
-3
-3
-3
-3
-4
-4
-4
-4
-4
-5
-4
-4
-5
-4
-4
-5
-5
-4
-4
-5
-4
-4
-3
-3
-4
-3
-3
-3
-2
-2
-2
-2
-1
-1
-1
-2
-2
-1
-1
-1
-1
-1
-1
-1
-1
-1
-1
-2
-1
-1
-1
-1
-1
-1
-1
-1
-1
-1
0
0
1
1
0
1
1
1
1
1
1
1
1
0
1
1
1
2
1
1
1
1
1
1
1
1
1
0
0
0
0
0
0
0
0
0
0
1
1
1
1
1
1
1
1
1
1
1
1
1
0
1
1
1
1
2
2
3
3
3
4
4
5
5
5
5
6
6
6
7
6
7
7
6
6
6
6
5
5
4
4
3
2
1
0
0
0
-1
-2
-2
-3
-3
-3
-4
-4
-5
-4
-4
-4
-5
-4
-5
-5
-4
-5
-5
-4
-4
-4
-4
-4
-4
-3
-4
-3
-3
-3
-2
-2
-2
-3
-2
-2
-2
-2
-3
-2
-2
-2
-2
-2
-2
-2
-1
-1
-1
-1
-1
-1
-1
0
-1
-1
-1
-1
-1
-1
-1
-1
-1
-1
1
1
0
1
1
1
1
1
1
2
2
2
2
1
1
1
1
1
1
1
2
2
1
1
1
1
1
1
1
1
1
1
1
1
1
1
1
1
1
1
1
1
1
1
1
1
0
0
0
0
0
1
1
1
2
2
2
3
3
4
4
5
6
6
6
6
7
6
7
7
7
7
6
6
5
4
4
3
3
2
2
1
1
-1
-1
-1
-2
-2
-3
-3
-3
-4
-4
-5
-5
-5
-5
-5
-6
-5
-6
-5
-5
-6
-5
-5
-4
-4
-4
-4
-4
-3
-3
-2
-2
-2
-2
-2
-2
-2
-2
-2
-1
-1
-1
-1
-1
-1
-1
0
-1
-1
-1
-1
-1
-1
-1
-1
-1
-1
-1
-1
-1
0
0
0
0
0
1
1
1
1
1
1
1
1
1
1
1
1
1
0
1
1
1
1
1
1
1
1
1
1
1
1
1
0
0
0
1
1
1
1
0
0
0
0
0
0
0
0
0
-1
-1
-1
-1
0
0
1
1
1
2
2
2
3
3
4
4
5
6
6
6
6
7
6
7
7
7
7
7
7
7
6
6
5
5
4
4
3
2
1
1
0
0
-2
-2
-2
-3
-3
-4
-4
-5
-4
-5
-5
-6
-6
-6
-6
-7
-6
-7
-6
-6
-6
-6
-5
-5
-4
-5
-4
-4
-3
-3
-2
-2
-2
-1
-1
-1
-1
-2
-1
-1
-1
-1
-1
-1
-1
-1
-1
-1
-1
-1
0
0
-1
-1
-1
-1
-1
-1
-1
-1
-1
-1
-1
-1
-1
0
0
1
1
1
1
1
1
1
1
1
1
1
2
2
1
1
1
1
2
2
2
2
2
2
2
1
1
1
1
1
1
0
0
0
0
1
1
1
1
1
1
1
2
2
2
2
2
3
2
3
3
3
4
4
5
5
6
6
7
7
7
7
7
8
8
8
8
7
6
6
6
5
5
4
4
3
2
2
0
0
-1
-1
-3
-3
-4
-4
-5
-5
-6
-6
-7
-6
-7
-7
-7
-7
-7
-7
-7
-6
-7
-6
-6
-6
-6
-5
-5
-5
-4
-5
-4
-4
-4
-3
-3
-3
-2
-2
-2
-1
-2
-2
-1
-1
-1
-1
-1
-2
-1
-1
-1
-2
-2
-1
-1
-1
-1
-1
-1
-1
0
-1
-1
-1
0
0
1
1
1
1
1
1
1
2
2
2
2
2
2
2
2
2
2
2
2
2
1
1
1
1
1
2
1
1
1
1
1
1
1
1
1
1
1
1
0
0
0
0
0
1
1
1
2
2
2
3
3
4
5
6
6
7
7
8
9
9
10
11
10
11
11
11
10
11
10
9
8
7
6
5
4
4
3
2
1
0
-1
-2
-2
-3
-3
-4
-4
-5
-6
-7
-8
-9
-8
-9
-9
-10
-9
-10
-10
-11
-10
-9
-9
-9
-8
-9
-8
-7
-6
-7
-6
-5
-5
-5
-5
-4
-3
-3
-2
-2
-3
-3
-2
-2
-2
-1
-2
-2
-2
-2
-2
-2
-2
-1
-1
-1
-1
-1
-1
0
0
0
0
0
0
0
0
1
1
1
1
1
2
2
2
2
2
2
2
3
2
2
2
2
3
2
2
2
2
2
2
2
1
1
1
2
2
1
1
1
1
1
1
1
1
2
2
2
2
2
2
2
3
4
5
5
6
7
6
7
8
8
9
10
11
11
11
11
12
11
11
12
11
11
10
9
9
8
7
6
5
4
4
2
1
1
-1
-1
-2
-4
-5
-5
-6
-7
-8
-9
-9
-10
-10
-10
-11
-11
-11
-11
-12
-11
-11
-11
-10
-10
-9
-9
-9
-8
-8
-7
-7
-6
-6
-5
-5
-5
-4
-4
-5
-4
-4
-3
-4
-3
-3
-3
-3
-2
-3
-3
-3
-2
-2
-2
-2
-2
-2
-2
-2
-2
-1
0
0
0
0
0
0
1
2
2
2
2
3
2
2
3
3
3
3
3
2
3
3
3
3
2
2
3
2
2
2
2
2
2
1
2
2
2
2
2
1
1
1
2
2
2
3
3
2
3
4
5
6
6
7
8
8
9
10
10
11
12
12
11
11
11
12
11
11
11
10
9
9
8
7
7
7
6
5
4
3
2
1
1
1
-1
-2
-2
-4
-5
-6
-7
-8
-8
-9
-10
-11
-11
-11
-11
-12
-12
-12
-12
-11
-11
-11
-10
-10
-10
-10
-9
-9
-8
-7
-7
-6
-7
-6
-5
-5
-4
-4
-4
-4
-4
-4
-4
-4
-4
-3
-3
-3
-3
-3
-2
-2
-2
-1
-1
-1
0
0
0
0
0
0
0
0
1
1
1
1
2
2
2
2
2
3
3
3
3
2
3
3
3
2
2
2
3
3
2
2
3
3
3
2
2
2
2
2
3
2
2
2
2
2
2
2
3
3
3
4
5
4
5
6
7
8
8
9
10
10
11
12
12
12
13
12
12
12
12
11
10
10
9
9
8
7
6
5
6
4
3
2
2
1
0
-1
-2
-2
-3
-4
-5
-7
-7
-8
-9
-10
-10
-11
-11
-11
-12
-12
-12
-12
-12
-12
-12
-11
-11
-10
-10
-9
-10
-10
-9
-8
-8
-7
-6
-6
-6
-5
-6
-5
-5
-4
-4
-4
-4
-3
-3
-4
-3
-3
-3
-2
-2
-2
-2
-1
-1
-1
-1
-1
0
0
0
0
1
1
1
1
1
2
2
2
2
2
3
3
3
2
3
3
3
3
2
3
3
3
3
3
3
3
3
2
2
2
3
3
2
2
2
2
1
1
2
2
2
3
3
3
3
4
5
6
7
8
9
9
10
11
11
13
13
14
14
14
14
13
13
13
13
12
12
11
10
9
8
7
6
6
6
5
4
2
2
1
0
-2
-2
-3
-4
-4
-6
-6
-7
-9
-9
-10
-11
-11
-11
-12
-12
-12
-13
-13
-14
-14
-13
-13
-12
-12
-12
-12
-11
-11
-11
-10
-10
-9
-9
-8
-8
-8
-8
-7
-6
-7
-6
-6
-6
-5
-5
-5
-5
-4
-4
-3
-3
-3
-2
-2
-1
-1
-1
-1
1
1
1
1
1
1
1
1
1
2
2
3
3
2
2
2
3
3
3
3
4
4
3
3
3
3
3
4
4
3
4
4
4
3
3
4
4
3
3
3
3
3
3
3
3
4
5
5
5
6
7
8
9
9
10
11
12
13
13
14
15
15
15
15
15
15
15
14
14
13
12
11
10
9
8
7
6
6
5
3
3
2
1
0
0
-1
-2
-3
-3
-4
-6
-7
-7
-8
-8
-9
-9
-10
-11
-11
-11
-12
-12
-12
-12
-12
-12
-13
-13
-13
-13
-12
-12
-12
-12
-12
-12
-12
-11
-11
-11
-11
-11
-10
-11
-11
-10
-9
-9
-8
-8
-8
-7
-6
-6
-5
-5
-4
-3
-3
-3
-2
-2
-1
-1
-1
-1
0
1
1
1
1
2
2
2
2
3
3
3
4
4
3
3
4
4
3
4
4
4
3
4
4
3
3
3
4
3
4
4
3
4
4
4
4
4
5
5
6
6
7
6
7
9
9
10
11
11
13
13
14
15
15
16
16
16
16
16
16
16
16
14
14
14
13
12
11
11
11
9
8
7
6
5
5
3
2
0
0
-2
-2
-4
-5
-5
-6
-7
-8
-8
-8
-9
-9
-10
-9
-10
-10
-10
-11
-11
-11
-11
-12
-12
-12
-12
-12
-13
-13
-13
-12
-12
-13
-13
-13
-13
-13
-12
-12
-13
-13
-13
-12
-13
-13
-11
-11
-10
-10
-9
-10
-9
-7
-7
-6
-6
-5
-4
-5
-4
-4
-2
-2
-1
-1
-1
1
1
1
1
1
2
3
3
3
3
3
4
4
3
3
4
5
5
5
5
5
4
5
5
5
5
5
6
5
4
5
5
4
5
5
5
6
5
6
7
7
7
8
9
10
11
11
12
13
13
15
16
16
16
17
18
17
17
17
17
17
15
15
14
12
12
11
10
9
8
7
6
5
4
4
3
1
1
-1
-1
-2
-4
-4
-5
-5
-6
-7
-7
-8
-8
-9
-9
-10
-9
-9
-10
-10
-11
-10
-10
-11
-11
-11
-11
-11
-11
-12
-12
-12
-12
-12
-13
-13
-13
-13
-12
-12
-12
-12
-12
-11
-11
-11
-11
-11
-11
-10
-10
-10
-10
-9
-9
-8
-8
-8
-7
-6
-6
-5
-5
-3
-3
-2
-2
-1
-1
-1
0
0
1
2
2
3
2
3
3
3
3
3
4
4
5
4
5
5
4
5
4
5
5
5
6
5
6
5
5
5
5
6
5
6
5
6
7
7
8
8
9
10
10
12
12
14
14
16
16
17
17
17
17
18
18
18
16
16
15
15
13
13
12
11
10
9
8
7
6
7
6
5
3
3
2
0
0
-1
-1
-3
-3
-4
-5
-6
-7
-7
-8
-9
-9
-10
-10
-10
-10
-11
-10
-11
-11
-11
-11
-11
-10
-10
-10
-10
-11
-11
-11
-12
-12
-12
-12
-12
-11
-12
-12
-12
-12
-12
-11
-11
-11
-11
-10
-10
-9
-10
-10
-9
-9
-8
-7
-8
-7
-6
-6
-6
-5
-6
-5
-4
-4
-3
-3
-3
-2
-1
-1
0
0
0
1
2
2
3
3
3
4
4
4
4
4
4
5
5
5
5
4
4
4
4
4
4
4
4
5
4
5
5
6
7
8
9
9
10
10
11
12
13
14
15
15
16
17
17
17
17
18
18
18
18
17
17
16
15
14
12
12
11
10
9
8
7
6
5
4
2
2
1
0
-1
-1
-2
-3
-4
-4
-5
-5
-6
-6
-7
-8
-8
-8
-9
-9
-9
-9
-9
-9
-9
-9
-9
-9
-9
-9
-10
-9
-9
-10
-10
-11
-11
-12
-12
-12
-12
-12
-11
-11
-12
-11
-11
-11
-11
-11
-10
-10
-10
-9
-9
-9
-9
-8
-8
-8
-7
-7
-6
-6
-5
-4
-4
-3
-3
-2
-2
-2
-1
-1
0
0
0
0
1
1
1
1
1
2
2
2
2
3
3
4
4
3
3
4
4
4
4
4
5
5
5
5
5
5
6
6
6
7
8
8
9
9
10
11
12
13
14
15
17
17
18
18
19
19
19
19
18
18
17
17
16
14
14
12
12
10
10
9
8
7
6
6
5
4
3
2
2
0
0
-1
-2
-2
-3
-4
-5
-6
-6
-6
-7
-8
-7
-8
-9
-8
-9
-9
-9
-10
-9
-10
-10
-9
-9
-10
-10
-10
-11
-11
-11
-11
-11
-12
-12
-12
-13
-13
-13
-13
-13
-12
-12
-12
-12
-12
-11
-11
-11
-10
-10
-9
-9
-8
-9
-8
-8
-8
-7
-7
-7
-6
-6
-5
-5
-4
-5
-4
-4
-3
-2
-2
-2
-1
-1
0
0
0
0
1
1
2
2
2
2
3
3
3
2
3
3
3
4
4
4
4
5
5
5
6
7
8
8
9
10
11
12
13
15
15
17
18
19
19
20
20
20
20
19
20
19
18
18
17
16
15
15
14
14
13
13
12
11
10
9
9
8
7
6
5
4
3
3
1
1
0
0
-1
-2
-3
-3
-4
-4
-5
-6
-6
-6
-7
-8
-8
-8
-9
-8
-9
-9
-10
-10
-10
-11
-10
-10
-10
-11
-11
-11
-12
-12
-12
-12
-12
-12
-12
-13
-13
-12
-12
-12
-12
-12
-12
-12
-11
-11
-11
-11
-11
-10
-11
-11
-10
-10
-10
-9
-9
-9
-9
-8
-7
-7
-7
-6
-6
-6
-5
-5
-5
-4
-4
-4
-4
-4
-3
-3
-3
-1
-1
-1
0
0
0
1
2
2
2
3
3
3
3
4
4
5
5
6
6
7
8
9
10
11
13
13
14
16
17
19
20
20
21
22
22
21
22
21
22
21
21
20
19
18
18
17
16
16
15
14
13
12
11
10
9
8
8
6
5
4
3
3
2
1
0
0
-2
-2
-2
-4
-3
-4
-5
-5
-6
-7
-6
-7
-8
-8
-8
-9
-9
-10
-10
-10
-11
-10
-10
-11
-10
-10
-10
-11
-11
-11
-11
-11
-11
-11
-12
-12
-12
-13
-13
-13
-12
-12
-12
-12
-11
-11
-11
-10
-10
-10
-9
-9
-9
-9
-9
-8
-8
-9
-8
-7
-8
-7
-7
-7
-6
-6
-6
-5
-6
-5
-4
-5
-5
-4
-4
-3
-3
-3
-2
-2
-2
-1
-1
-1
0
0
0
1
1
1
1
1
2
2
3
3
4
6
7
8
8
9
11
13
15
16
17
18
20
20
20
21
22
22
22
22
21
21
20
20
19
18
18
17
15
14
13
13
12
12
10
9
9
8
7
6
5
5
4
3
2
1
0
-1
-1
-2
-3
-3
-4
-4
-5
-5
-5
-6
-6
-7
-7
-7
-8
-8
-8
-8
-9
-9
-10
-9
-9
-9
-9
-9
-10
-10
-9
-10
-10
-10
-10
-9
-10
-10
-11
-10
-10
-9
-9
-10
-10
-10
-9
-9
-9
-9
-8
-8
-8
-8
-9
-8
-8
-8
-7
-8
-7
-8
-7
-7
-7
-7
-7
-6
-6
-5
-4
-5
-4
-4
-4
-4
-4
-3
-3
-2
-2
-2
-2
-2
-2
-2
-2
-1
-1
-1
-1
0
0
0
1
1
2
3
4
5
6
7
8
9
10
11
13
14
15
16
18
19
19
20
20
20
21
20
20
19
18
18
17
16
15
15
13
13
13
11
10
10
9
9
8
8
7
6
5
5
3
2
2
1
0
0
-1
-2
-3
-4
-4
-5
-5
-5
-6
-6
-6
-6
-7
-8
-8
-8
-8
-9
-8
-9
-8
-8
-9
-8
-9
-9
-9
-8
-9
-9
-9
-9
-9
-10
-9
-9
-10
-9
-9
-9
-9
-9
-8
-8
-8
-8
-7
-8
-7
-7
-7
-7
-6
-6
-6
-6
-5
-5
-4
-5
-4
-4
-4
-4
-3
-4
-4
-3
-3
-3
-4
-4
-3
-3
-3
-2
-3
-3
-2
-2
-2
-2
-2
-1
-1
-1
-1
-1
-1
1
1
1
2
2
2
3
4
5
6
7
8
10
10
12
13
14
15
16
17
17
17
18
18
18
16
16
15
15
14
13
13
12
12
11
9
9
8
9
9
8
7
7
7
6
5
4
3
3
2
2
1
-1
-1
-1
-3
-3
-4
-4
-5
-4
-5
-5
-6
-6
-5
-6
-6
-6
-7
-7
-7
-6
-6
-5
-6
-6
-7
-8
-7
-7
-7
-6
-6
-7
-8
-8
-9
-9
-8
-8
-7
-8
-8
-7
-8
-8
-7
-6
-7
-6
-5
-6
-5
-5
-4
-5
-5
-4
-4
-4
-4
-4
-4
-4
-3
-3
-3
-3
-2
-3
-3
-2
-2
-2
-1
-2
-2
-2
-2
-2
-2
-2
-2
-1
-1
-1
-2
-2
-1
-1
-1
-1
-1
-1
0
1
0
1
2
4
5
6
7
9
10
11
12
12
13
15
15
14
15
14
14
14
13
12
11
11
11
10
9
8
9
7
8
7
7
6
6
6
5
4
4
3
3
2
2
1
1
0
0
0
-1
-1
-1
-2
-2
-2
-2
-3
-3
-3
-4
-4
-5
-4
-5
-5
-4
-5
-5
-5
-5
-5
-6
-5
-5
-5
-5
-4
-5
-5
-5
-6
-7
-6
-6
-5
-6
-6
-6
-6
-6
-6
-6
-5
-5
-4
-5
-5
-5
-4
-5
-4
-4
-5
-4
-4
-4
-3
-3
-3
-3
-3
-3
-2
-3
-3
-2
-2
-2
-2
-2
-3
-2
-2
-2
-2
-3
-2
-2
-2
-2
-2
-2
-2
-1
-1
-2
-2
-2
-1
0
0
0
1
2
2
3
4
5
7
8
9
10
10
11
11
11
11
12
12
12
12
12
11
11
10
9
9
9
9
8
8
7
7
6
5
5
5
5
5
5
5
4
4
2
2
1
1
1
1
-1
-1
-1
-3
-3
-3
-4
-3
-3
-3
-4
-4
-4
-4
-4
-4
-3
-4
-4
-3
-4
-4
-5
-4
-5
-5
-4
-5
-5
-5
-5
-5
-6
-5
-6
-5
-5
-5
-5
-6
-5
-6
-6
-5
-5
-4
-5
-4
-4
-4
-4
-4
-3
-3
-2
-3
-3
-3
-3
-2
-2
-2
-3
-2
-2
-2
-2
-2
-1
-1
-1
-1
-1
-2
-2
-1
-1
-1
-1
-1
-1
-1
-1
-1
-2
-1
0
0
0
0
0
0
0
0
0
1
1
3
3
4
4
5
6
7
7
8
9
9
9
10
10
9
9
9
9
8
8
8
8
7
7
6
5
5
5
5
5
4
4
3
4
3
4
4
4
4
3
3
2
2
2
2
1
0
0
-2
-2
-2
-2
-3
-3
-3
-3
-3
-4
-3
-3
-4
-3
-3
-3
-4
-3
-3
-4
-4
-4
-4
-4
-4
-4
-4
-5
-5
-5
-5
-5
-4
-4
-4
-4
-4
-5
-4
-5
-4
-4
-3
-3
-4
-4
-4
-4
-4
-4
-3
-3
-2
-2
-3
-3
-3
-2
-2
-2
-2
-1
-1
-1
-2
-2
-2
-1
-1
-1
-1
-1
-1
-1
-1
-2
-1
0
0
0
0
0
0
-1
-1
-1
-1
-1
0
0
0
0
1
1
1
2
3
4
4
5
6
6
6
7
7
7
8
8
8
8
8
8
8
8
8
7
7
7
6
5
6
5
5
4
5
4
4
4
4
3
3
3
3
2
2
2
2
1
1
0
0
-1
-1
-1
-1
-1
-2
-2
-2
-2
-2
-3
-3
-3
-2
-2
-2
-3
-3
-2
-3
-3
-3
-4
-3
-3
-4
-4
-4
-5
-4
-4
-5
-4
-5
-5
-4
-5
-5
-4
-4
-4
-3
-4
-4
-3
-3
-2
-3
-3
-2
-3
-3
-3
-3
-3
-3
-3
-3
-3
-3
-2
-2
-3
-2
-2
-2
-2
-2
-1
-1
-1
-2
-2
-2
-2
-1
-1
-1
-1
-1
-1
-1
-1
-1
0
0
0
0
0
0
0
0
1
1
1
2
2
3
3
4
5
5
5
6
6
6
7
7
7
7
7
7
7
6
7
7
7
7
6
5
6
5
5
4
4
4
4
3
3
2
2
2
2
2
2
2
2
2
1
1
0
0
0
0
0
0
-1
-1
-2
-2
-2
-2
-2
-1
-2
-2
-2
-3
-3
-3
-3
-3
-3
-3
-4
-4
-4
-4
-4
-4
-4
-4
-4
-4
-3
-4
-4
-4
-4
-4
-4
-4
-4
-3
-3
-4
-4
-4
-4
-4
-3
-3
-4
-3
-3
-3
-3
-3
-3
-3
-3
-2
-2
-2
-2
-1
-1
-1
-1
-2
-2
-1
-1
-1
-1
-1
-1
-1
-1
-1
-1
-2
-1
-1
0
0
-1
-1
-1
-1
0
0
0
0
1
2
2
2
2
3
4
4
4
4
4
5
5
6
5
6
6
6
6
6
6
7
6
7
6
6
5
6
5
4
5
4
4
4
3
3
2
2
2
3
2
2
2
1
2
1
1
1
1
1
1
1
0
0
0
0
-1
-1
-1
-1
-1
-1
-1
-2
-2
-2
-3
-3
-3
-3
-3
-3
-3
-4
-4
-4
-3
-3
-4
-3
-3
-3
-3
-3
-3
-3
-3
-3
-3
-3
-3
-3
-3
-3
-3
-2
-3
-3
-3
-2
-2
-2
-2
-2
-2
-2
-2
-2
-2
-2
-2
-2
-2
-2
-2
-2
-3
-2
-2
-2
-2
-2
-1
-1
-1
-1
-1
-1
-1
0
0
0
0
0
0
0
0
0
0
0
0
0
1
1
1
2
2
2
3
3
3
4
4
4
5
5
5
6
5
6
6
6
6
7
6
6
7
6
6
6
5
5
4
5
4
4
3
3
3
2
2
1
1
2
2
2
1
1
1
1
1
1
1
2
2
2
0
0
0
-1
-1
-1
-1
-1
-1
-1
-2
-3
-3
-2
-2
-3
-2
-2
-3
-3
-3
-4
-4
-4
-3
-3
-4
-4
-3
-3
-3
-3
-3
-3
-2
-3
-3
-3
-3
-3
-3
-3
-3
-3
-3
-3
-3
-3
-3
-3
-3
-3
-2
-2
-2
-2
-3
-2
-2
-2
-2
-2
-2
-2
-2
-2
-3
-3
-3
-2
-2
-2
-2
-2
-1
-1
-1
-1
-1
0
0
0
0
0
0
0
0
0
1
1
1
2
2
3
3
4
4
4
5
6
6
5
6
6
5
6
5
6
5
6
6
6
5
6
6
5
6
6
5
5
4
4
4
4
3
3
3
3
3
2
2
2
2
2
2
1
1
1
0
-1
-1
-1
-2
-2
-2
-2
-2
-2
-2
-2
-3
-2
-2
-3
-3
-2
-2
-3
-3
-3
-3
-4
-4
-3
-3
-3
-2
-3
-3
-3
-3
-3
-3
-4
-3
-3
-4
-4
-4
-4
-3
-3
-4
-3
-3
-3
-2
-3
-3
-2
-2
-2
-3
-3
-3
-2
-2
-3
-3
-3
-2
-2
-2
-2
-2
-1
-1
-2
-2
-2
-1
-1
-1
-1
-1
-1
-1
-1
-1
-1
0
0
0
0
1
1
1
1
1
1
2
2
2
3
3
3
3
3
3
4
4
5
5
4
5
5
5
6
6
7
6
6
6
6
6
6
6
6
6
5
4
4
4
4
4
3
3
3
3
3
3
3
3
3
3
2
2
2
1
1
0
0
0
-2
-2
-2
-2
-2
-2
-3
-3
-2
-2
-2
-2
-3
-2
-2
-3
-3
-3
-3
-3
-3
-3
-3
-4
-4
-3
-3
-3
-2
-3
-3
-4
-3
-3
-4
-4
-3
-4
-4
-4
-4
-4
-4
-4
-4
-4
-4
-3
-3
-3
-2
-2
-2
-3
-3
-2
-2
-1
-1
-1
-1
-1
-2
-2
-2
-2
-1
-1
-1
-1
-1
-1
-1
-1
-1
0
0
0
-1
-1
-1
-1
-1
0
0
0
0
0
0
1
1
2
3
3
3
4
3
3
3
4
4
5
5
5
6
5
6
6
5
6
6
7
6
6
5
5
5
4
5
4
4
4
4
4
3
3
4
4
3
4
4
3
3
3
2
1
1
1
2
0
0
0
-1
-1
-2
-2
-2
-1
-1
-2
-2
-3
-2
-2
-2
-3
-3
-2
-3
-3
-3
-3
-2
-3
-3
-3
-3
-3
-3
-3
-3
-2
-2
-2
-3
-3
-3
-3
-3
-4
-4
-3
-4
-4
-4
-4
-4
-4
-4
-3
-3
-3
-2
-3
-3
-2
-2
-2
-3
-3
-2
-2
-2
-2
-2
-2
-1
-1
-1
-1
-2
-1
-1
-1
-1
-1
-1
-1
-1
-1
-1
-1
-1
0
0
0
0
0
0
0
0
1
1
1
1
2
2
2
3
3
3
4
5
5
4
5
5
6
6
6
6
6
6
7
6
6
6
6
6
6
5
4
4
5
4
4
4
4
3
3
3
2
2
2
3
3
2
2
2
1
1
1
1
0
0
0
0
-1
-2
-2
-2
-2
-2
-3
-3
-3
-2
-2
-2
-2
-2
-2
-2
-2
-3
-3
-2
-2
-3
-3
-3
-4
-4
-4
-4
-4
-4
-4
-4
-4
-4
-3
-3
-4
-3
-4
-4
-3
-3
-3
-2
-3
-3
-4
-4
-4
-3
-3
-2
-2
-2
-3
-3
-3
-2
-2
-1
-1
-1
-1
-2
-2
-2
-2
-1
-1
-1
-1
-1
-1
-1
-1
-1
0
0
0
0
-1
-1
-1
-1
-1
-1
-1
0
0
0
0
1
1
2
3
3
4
4
5
5
5
5
6
6
6
6
6
6
6
6
6
6
6
5
6
5
6
5
5
5
4
4
4
4
4
4
4
3
3
2
2
2
2
2
3
2
2
1
1
1
0
0
0
0
-1
-1
-1
-2
-2
-3
-3
-3
-3
-2
-2
-2
-3
-2
-2
-3
-3
-3
-2
-3
-3
-3
-4
-4
-5
-4
-4
-5
-4
-4
-4
-4
-3
-4
-4
-3
-4
-3
-3
-4
-3
-3
-3
-4
-4
-4
-3
-3
-3
-2
-2
-3
-2
-2
-2
-2
-1
-2
-2
-2
-2
-2
-2
-2
-1
-1
-1
-1
-1
-1
0
0
0
0
0
0
0
0
0
0
0
0
0
0
0
0
0
0
1
1
1
2
2
2
3
3
3
4
4
5
5
5
5
5
5
5
6
5
6
6
5
5
5
5
4
5
5
5
5
4
4
3
3
4
4
3
4
4
3
3
2
2
2
2
2
2
1
1
1
0
0
0
-1
-1
-1
-1
-1
-2
-2
-2
-2
-2
-2
-2
-3
-2
-2
-2
-2
-3
-2
-2
-2
-3
-3
-3
-3
-2
-3
-3
-3
-4
-3
-3
-3
-3
-2
-2
-3
-3
-4
-3
-3
-4
-3
-3
-3
-3
-3
-4
-4
-3
-3
-2
-2
-2
-1
-2
-2
-2
-2
-2
-1
-1
-1
-1
-1
-1
-1
-2
-1
-1
-1
-1
-1
-1
-1
-1
-1
-1
-1
-1
0
0
0
0
0
0
0
0
0
0
0
0
1
1
1
2
2
2
3
3
4
4
4
5
5
5
5
6
5
6
6
5
6
5
6
6
5
6
5
5
4
4
4
4
4
3
3
2
2
2
1
1
2
2
2
1
1
1
1
1
1
1
1
1
1
0
0
0
0
0
-1
-1
-1
-2
-2
-2
-2
-2
-2
-2
-2
-3
-3
-2
-2
-3
-2
-2
-3
-3
-3
-4
-4
-4
-4
-4
-4
-4
-3
-4
-4
-3
-3
-3
-3
-3
-4
-3
-3
-3
-3
-3
-3
-3
-3
-3
-3
-3
-3
-2
-2
-2
-2
-2
-2
-1
-1
-1
-1
-1
-1
-1
-1
-1
-1
-1
-1
-1
-1
-2
-2
-2
-2
-1
-1
-1
-1
-1
-1
-1
-1
-1
0
1
1
1
1
2
2
2
3
3
3
4
4
4
3
4
4
5
4
5
5
5
5
5
5
5
6
6
5
6
5
5
5
5
4
4
4
4
4
3
4
4
3
3
3
2
2
2
2
2
1
1
1
1
0
0
0
0
0
0
0
-1
-1
-1
-1
-1
-2
-1
-1
-1
-1
-2
-2
-2
-1
-1
-1
-2
-2
-2
-2
-3
-3
-3
-2
-2
-3
-3
-3
-4
-3
-3
-3
-4
-3
-4
-4
-4
-5
-4
-4
-4
-3
-3
-4
-4
-3
-4
-3
-3
-3
-2
-2
-2
-2
-3
-3
-2
-2
-2
-1
-1
-1
-1
-1
-1
-1
-1
-1
-1
-1
-1
-1
-1
-1
-1
-1
-1
-1
-1
-1
0
-1
-1
-1
-1
-1
-1
0
0
0
1
1
1
1
3
3
3
4
5
5
4
5
5
4
4
5
5
5
5
6
5
5
5
6
5
5
6
6
5
5
4
4
3
4
3
3
2
3
3
2
2
2
2
2
2
0
0
0
0
0
0
0
0
0
0
0
0
0
0
0
0
0
0
0
0
0
0
0
0
0
0
0
0
0
0
0
0
0
0
0
0
0
0
0
0
0
0
0
0
0
0
0
0
0
0
0
0
0
0
0
0
0
0
0
0
-149
-194
-238
-282
-327
-372
-416
-460
-505
-549
-594
-560
-172
10
-35
-36
-36
-37
-37
-37
-38
-38
-39
-39
-40
-40
-40
-40
-40
-41
-40
-41
-40
-40
-40
-40
-41
-40
-40
-40
-40
-40
-40
-40
-40
-40
-40
-40
-40
-41
-41
-41
-40
-41
-41
-41
-41
-41
-41
-40
-41
-41
-41
-41
-41
-41
-41
-41
-41
-41
-41
-41
-41
-42
-42
-42
-42
-42
-43
-41
-41
-42
-42
-42
-42
-42
-42
-41
-41
-41
-41
-41
-41
-41
-40
-40
-41
-41
-41
-41
-41
-41
-40
-41
-41
-41
-41
-41
-41
-40
-40
-40
-40
-40
-40
-40
-40
-39
-39
-39
-39
-39
-38
-39
-38
-38
-38
-37
-37
-37
-35
-35
-34
-35
-34
-34
-34
-34
-33
-33
-33
-33
-33
-33
-33
-33
-33
-33
-33
-33
-33
-33
-33
-33
-34
-35
-35
-35
-35
-35
-35
-35
-36
-36
-36
-36
-36
-36
-36
-36
-36
-36
-36
-36
-36
-36
-36
-36
-36
-36
-36
-36
-36
-36
-36
-36
-36
-36
-36
-36
-37
-37
-37
-37
-37
-37
-37
-37
-37
-37
-37
-37
-37
-37
-37
-37
-37
-37
-37
-37
-37
-37
-37
-37
-37
-37
-37
-37
-37
-37
-37
-37
-37
-37
-37
-37
-37
-37
-36
-36
-36
-36
-36
-36
-36
-36
-35
-35
-35
-35
-35
-35
-35
-35
-35
-35
-36
-36
-36
-35
-35
-35
-35
-35
-35
-35
-35
-35
-34
-35
-35
-34
-34
-34
-34
-33
-33
-33
-33
-32
-32
-32
-32
-32
-31
-31
-30
-30
-29
-29
-29
-29
-29
-28
-28
-28
-27
-27
-27
-27
-27
-27
-27
-27
-27
-28
-28
-27
-28
-28
-29
-28
-28
-28
-28
-29
-29
-29
-29
-29
-30
-30
-30
-30
-30
-30
-31
-31
-30
-30
-31
-30
-31
-31
-31
-31
-31
-31
-31
-31
-31
-31
-31
-31
-31
-31
-31
-31
-31
-31
-31
-31
-31
-31
-32
-31
-31
-31
-32
-32
-32
-31
-31
-32
-31
-32
-32
-32
-32
-32
-32
-32
-32
-33
-33
-32
-32
-32
-32
-32
-31
-31
-31
-32
-32
-31
-31
-31
-31
-31
-30
-32
-31
-31
-31
-31
-31
-31
-31
-31
-31
-31
-31
-31
-30
-32
-32
-31
-31
-31
-31
-31
-31
-31
-31
-31
-31
-30
-30
-31
-31
-31
-30
-30
-30
-30
-30
-29
-29
-29
-28
-28
-28
-27
-27
-26
-26
-26
-25
-24
-25
-24
-24
-23
-24
-24
-23
-23
-24
-24
-24
-23
-24
-24
-24
-25
-25
-24
-25
-25
-25
-25
-25
-26
-26
-26
-26
-27
-27
-27
-28
-28
-28
-27
-28
-29
-28
-28
-29
-29
-29
-29
-29
-29
-29
-29
-30
-29
-29
-29
-30
-30
-30
-29
-31
-30
-30
-30
-31
-30
-31
-30
-31
-31
-30
-31
-30
-31
-31
-30
-30
-30
-31
-31
-31
-31
-31
-30
-31
-31
-30
-31
-30
-30
-30
-31
-31
-30
-30
-30
-30
-30
-30
-30
-30
-30
-30
-29
-30
-30
-30
-30
-29
-29
-29
-29
-30
-29
-29
-29
-30
-30
-29
-29
-29
-29
-29
-29
-29
-29
-29
-30
-29
-29
-29
-28
-29
-29
-29
-28
-28
-29
-28
-28
-28
-27
-27
-27
-26
-26
-26
-25
-24
-24
-24
-23
-22
-23
-22
-22
-22
-21
-21
-21
-21
-20
-20
-21
-20
-21
-21
-21
-21
-22
-21
-23
-22
-22
-23
-23
-23
-24
-24
-24
-24
-25
-25
-25
-25
-26
-25
-26
-26
-26
-27
-27
-26
-28
-28
-28
-27
-28
-28
-28
-29
-29
-28
-29
-29
-29
-29
-29
-29
-29
-29
-30
-29
-29
-30
-30
-30
-29
-30
-30
-30
-31
-30
-30
-30
-30
-31
-30
-30
-30
-30
-31
-30
-30
-30
-30
-30
-30
-30
-30
-29
-30
-29
-29
-30
-29
-29
-29
-29
-28
-29
-29
-29
-29
-28
-29
-29
-29
-28
-28
-29
-28
-28
-28
-28
-27
-28
-28
-28
-28
-28
-28
-28
-27
-27
-28
-28
-27
-27
-28
-28
-27
-27
-28
-28
-27
-27
-27
-27
-27
-26
-26
-26
-25
-25
-25
-24
-23
-22
-23
-22
-21
-21
-20
-19
-19
-19
-19
-18
-18
-18
-18
-18
-18
-18
-18
-18
-18
-18
-19
-19
-19
-19
-20
-20
-20
-20
-20
-21
-21
-22
-22
-22
-23
-23
-23
-24
-24
-25
-25
-25
-26
-26
-25
-27
-26
-26
-27
-26
-26
-27
-26
-26
-27
-27
-27
-27
-27
-28
-27
-27
-28
-27
-27
-28
-28
-27
-28
-28
-28
-28
-28
-28
-29
-29
-28
-28
-29
-29
-29
-28
-29
-29
-29
-29
-28
-29
-29
-29
-29
-28
-29
-29
-29
-29
-28
-28
-29
-28
-28
-28
-28
-28
-28
-27
-28
-27
-28
-28
-27
-27
-28
-28
-27
-27
-27
-27
-27
-27
-26
-27
-27
-27
-27
-27
-27
-26
-27
-26
-26
-26
-27
-26
-26
-25
-26
-26
-25
-25
-25
-24
-24
-24
-23
-23
-23
-22
-21
-21
-21
-19
-20
-19
-18
-18
-17
-17
-17
-16
-17
-16
-16
-16
-16
-16
-16
-16
-16
-17
-17
-17
-17
-18
-18
-19
-19
-19
-19
-19
-21
-20
-21
-21
-21
-22
-22
-23
-23
-23
-24
-24
-24
-25
-24
-25
-25
-26
-25
-25
-26
-26
-27
-26
-26
-27
-26
-26
-27
-26
-27
-27
-27
-28
-27
-27
-28
-28
-27
-28
-28
-27
-28
-28
-28
-28
-28
-28
-28
-28
-28
-28
-28
-28
-28
-28
-27
-28
-28
-28
-28
-27
-28
-27
-27
-27
-28
-27
-27
-27
-26
-27
-27
-27
-26
-27
-27
-27
-26
-26
-27
-26
-26
-26
-26
-26
-26
-26
-26
-26
-26
-26
-26
-25
-25
-26
-25
-25
-26
-26
-25
-25
-26
-25
-25
-25
-25
-24
-25
-24
-23
-23
-23
-22
-23
-21
-21
-21
-20
-19
-19
-18
-18
-17
-16
-16
-15
-16
-15
-15
-14
-15
-15
-15
-14
-14
-15
-15
-15
-15
-16
-16
-16
-16
-17
-17
-18
-17
-19
-19
-19
-19
-19
-20
-20
-21
-21
-22
-22
-22
-22
-22
-23
-23
-24
-23
-24
-24
-24
-24
-24
-25
-24
-25
-25
-25
-26
-25
-26
-26
-26
-26
-26
-27
-26
-27
-26
-26
-27
-27
-26
-27
-27
-27
-27
-27
-26
-28
-27
-27
-27
-27
-27
-27
-27
-27
-27
-26
-27
-26
-26
-26
-27
-26
-26
-25
-26
-26
-26
-25
-26
-25
-25
-25
-25
-25
-25
-24
-25
-25
-24
-25
-25
-24
-24
-24
-24
-24
-24
-24
-23
-24
-24
-23
-24
-23
-23
-24
-24
-23
-24
-24
-23
-24
-23
-23
-23
-23
-22
-22
-22
-21
-21
-21
-20
-20
-18
-18
-17
-17
-16
-16
-15
-15
-14
-14
-13
-14
-13
-13
-13
-13
-13
-13
-13
-13
-13
-14
-13
-15
-14
-15
-15
-16
-16
-17
-16
-18
-18
-18
-19
-19
-19
-20
-20
-21
-21
-22
-22
-22
-22
-23
-22
-23
-23
-23
-23
-23
-23
-23
-24
-24
-24
-24
-24
-24
-24
-24
-24
-25
-24
-25
-24
-24
-25
-25
-25
-25
-25
-25
-25
-26
-25
-26
-25
-25
-26
-26
-25
-26
-25
-25
-25
-25
-25
-24
-25
-25
-25
-24
-25
-24
-24
-24
-24
-24
-24
-24
-24
-23
-23
-24
-24
-23
-24
-23
-23
-24
-23
-23
-24
-23
-23
-23
-23
-22
-23
-23
-23
-23
-23
-24
-23
-23
-23
-23
-23
-23
-23
-23
-23
-23
-23
-23
-22
-22
-22
-21
-21
-20
-20
-19
-19
-18
-17
-17
-16
-16
-15
-15
-14
-14
-13
-13
-12
-12
-11
-12
-11
-11
-12
-11
-12
-12
-12
-12
-12
-12
-13
-13
-14
-14
-14
-16
-15
-16
-16
-17
-17
-18
-18
-19
-19
-20
-20
-21
-21
-22
-22
-22
-22
-23
-22
-23
-23
-24
-23
-24
-24
-23
-24
-23
-24
-23
-24
-24
-24
-24
-24
-24
-25
-24
-25
-24
-25
-25
-24
-25
-24
-25
-25
-25
-25
-25
-25
-25
-25
-25
-26
-25
-25
-25
-25
-25
-25
-25
-25
-24
-25
-25
-24
-24
-25
-24
-24
-24
-24
-24
-23
-24
-23
-23
-23
-23
-22
-23
-23
-22
-23
-22
-22
-22
-22
-22
-22
-22
-22
-22
-22
-22
-22
-21
-22
-21
-22
-21
-21
-21
-20
-21
-20
-20
-19
-19
-19
-18
-18
-17
-17
-16
-15
-14
-14
-13
-13
-12
-12
-11
-11
-9
-9
-10
-9
-9
-8
-9
-9
-8
-8
-8
-8
-9
-9
-9
-10
-10
-11
-11
-12
-12
-13
-14
-13
-15
-15
-15
-17
-16
-17
-18
-18
-19
-19
-20
-20
-20
-20
-21
-21
-22
-21
-22
-23
-23
-23
-23
-23
-23
-24
-23
-24
-23
-24
-23
-24
-24
-25
-24
-25
-24
-25
-25
-25
-25
-24
-25
-25
-26
-25
-25
-25
-26
-25
-26
-26
-25
-26
-25
-25
-25
-25
-25
-24
-25
-24
-24
-24
-24
-24
-23
-24
-23
-23
-23
-23
-22
-22
-23
-22
-22
-22
-22
-22
-22
-22
-22
-22
-21
-22
-22
-21
-22
-21
-22
-21
-21
-22
-21
-21
-21
-21
-21
-21
-21
-21
-20
-20
-20
-19
-19
-19
-17
-17
-16
-15
-15
-14
-13
-12
-11
-10
-9
-8
-8
-7
-6
-5
-5
-5
-4
-4
-4
-4
-4
-4
-5
-4
-4
-5
-4
-5
-6
-6
-7
-7
-8
-8
-9
-10
-10
-12
-13
-13
-14
-15
-15
-17
-17
-18
-19
-19
-20
-20
-20
-22
-22
-22
-22
-23
-22
-23
-24
-24
-24
-24
-25
-24
-25
-24
-25
-24
-25
-26
-25
-26
-25
-26
-26
-27
-26
-26
-27
-26
-27
-27
-26
-27
-26
-27
-27
-27
-26
-27
-26
-26
-26
-26
-26
-26
-25
-26
-25
-25
-24
-25
-25
-24
-24
-24
-24
-24
-23
-24
-23
-23
-22
-23
-22
-22
-23
-22
-22
-22
-22
-22
-22
-22
-21
-22
-21
-22
-21
-21
-21
-21
-21
-21
-20
-20
-19
-20
-19
-19
-18
-17
-17
-15
-15
-14
-14
-13
-11
-11
-10
-9
-7
-7
-6
-5
-4
-4
-3
-2
-2
-1
-1
-1
-1
0
0
0
-1
-1
0
-1
-2
-2
-1
-3
-4
-5
-5
-6
-7
-8
-9
-10
-11
-11
-12
-13
-15
-15
-16
-17
-17
-18
-19
-19
-20
-20
-21
-21
-21
-22
-23
-23
-23
-23
-24
-24
-24
-24
-24
-25
-26
-25
-26
-26
-26
-26
-27
-26
-27
-27
-27
-27
-28
-28
-27
-28
-27
-29
-28
-28
-28
-28
-28
-27
-28
-28
-27
-27
-27
-27
-26
-26
-26
-26
-26
-25
-25
-24
-25
-25
-24
-24
-24
-24
-23
-23
-24
-23
-23
-22
-23
-22
-22
-22
-22
-22
-22
-22
-21
-22
-21
-21
-22
-21
-21
-21
-20
-20
-19
-20
-19
-18
-17
-16
-16
-14
-14
-13
-12
-12
-10
-9
-8
-7
-7
-5
-5
-4
-3
-3
-2
-1
-1
-1
-1
1
1
1
1
1
1
1
1
0
0
0
-1
-2
-2
-3
-4
-5
-6
-7
-7
-9
-10
-11
-11
-12
-13
-14
-15
-16
-17
-17
-18
-19
-19
-20
-21
-21
-22
-22
-22
-23
-23
-23
-24
-24
-25
-24
-25
-25
-25
-26
-26
-26
-27
-27
-27
-27
-27
-27
-28
-27
-27
-27
-27
-27
-27
-27
-27
-27
-27
-28
-27
-27
-28
-27
-27
-26
-27
-26
-26
-26
-25
-26
-25
-25
-25
-24
-25
-24
-24
-23
-24
-24
-23
-23
-23
-23
-22
-22
-22
-22
-21
-22
-21
-21
-21
-21
-21
-21
-20
-21
-20
-20
-20
-19
-19
-18
-19
-18
-17
-16
-16
-15
-15
-13
-12
-11
-11
-9
-8
-7
-6
-5
-5
-3
-2
-2
-1
0
0
1
2
2
2
2
2
3
3
3
3
2
2
2
2
1
0
0
-1
-2
-2
-4
-4
-6
-7
-7
-9
-10
-11
-11
-12
-13
-14
-14
-16
-17
-18
-18
-19
-20
-20
-20
-22
-21
-22
-23
-22
-23
-24
-23
-24
-25
-25
-25
-25
-25
-26
-26
-27
-26
-27
-27
-27
-27
-27
-27
-28
-27
-28
-27
-27
-28
-27
-27
-27
-27
-27
-27
-27
-27
-26
-27
-26
-26
-25
-26
-26
-25
-25
-24
-25
-24
-24
-24
-23
-24
-23
-23
-22
-23
-22
-21
-22
-22
-21
-22
-21
-21
-21
-21
-20
-21
-20
-20
-20
-20
-20
-20
-19
-19
-18
-18
-17
-17
-16
-15
-14
-13
-12
-11
-10
-9
-8
-6
-5
-4
-3
-2
-1
0
2
2
3
3
4
5
5
5
6
6
6
5
6
7
6
6
6
5
5
4
3
3
2
1000
1
0
-1
-2
-4
-5
-6
-7
-7
-9
-10
-11
-12
-12
-14
-15
-16
-17
-17
-18
-19
-20
-20
-21
-22
-22
-23
-23
-24
-24
-25
-26
-25
-26
-27
-26
-28
-27
-28
-29
-28
-29
-29
-30
-29
-30
-30
-29
-30
-29
-30
-30
-29
-29
-29
-29
-28
-29
-29
-29
-28
-28
-28
-28
-28
-27
-26
-26
-27
-26
-26
-25
-25
-25
-25
-25
-24
-24
-24
-24
-23
-22
-23
-22
-22
-21
-22
-21
-21
-21
-21
-20
-20
-20
-20
-20
-19
-19
-19
-17
-17
-16
-16
-15
-14
-13
-12
-10
-10
-9
-7
-6
-5
-3
-2
-1
1
2
3
4
4
6
6
7
7
8
8
8
8
8
9
9
9
9
9
8
8
8
8
7
7
6
5
5
4
3
2
1
0
-1
-2
-3
-4
-5
-6
-7
-7
-8
-10
-11
-12
-13
-14
-15
-15
-17
-17
-18
-19
-20
-21
-21
-22
-24
-24
-25
-26
-26
-27
-28
-28
-29
-29
-29
-30
-30
-31
-30
-31
-31
-32
-31
-31
-32
-32
-31
-32
-32
-31
-32
-32
-31
-31
-30
-31
-30
-30
-29
-29
-29
-29
-29
-28
-28
-27
-28
-27
-27
-27
-26
-26
-25
-26
-25
-25
-25
-24
-25
-24
-24
-23
-23
-23
-22
-21
-22
-21
-20
-21
-20
-19
-19
-18
-17
-17
-15
-15
-13
-12
-11
-10
-8
-7
-6
-4
-3
-1
0
2
2
3
5
6
7
7
8
9
9
11
11
12
12
12
12
12
12
12
12
12
12
11
10
10
9
9
8
7
7
6
5
5
3
3
2
1
0
-1
-2
-3
-4
-5
-6
-7
-8
-9
-10
-11
-12
-13
-14
-15
-15
-16
-17
-19
-20
-21
-22
-22
-23
-24
-26
-27
-27
-28
-29
-29
-30
-30
-31
-31
-32
-32
-33
-33
-33
-33
-33
-34
-34
-34
-34
-34
-34
-33
-33
-33
-33
-33
-32
-32
-33
-32
-32
-31
-31
-31
-30
-29
-30
-30
-29
-29
-28
-27
-27
-27
-27
-26
-26
-25
-25
-25
-24
-24
-23
-23
-23
-23
-22
-22
-22
-21
-20
-19
-19
-18
-17
-17
-15
-15
-13
-12
-11
-10
-8
-7
-5
-4
-2
0
1
2
4
5
6
7
7
8
10
10
11
11
11
12
12
12
12
12
13
12
12
12
12
12
11
11
9
9
9
8
7
7
6
5
5
4
3
2
1
0
-1
-1
-3
-4
-4
-5
-6
-7
-8
-9
-10
-11
-12
-13
-14
-15
-16
-17
-18
-19
-20
-20
-21
-22
-23
-24
-24
-25
-26
-26
-28
-29
-29
-30
-30
-31
-31
-32
-32
-33
-33
-33
-34
-34
-34
-34
-34
-34
-33
-33
-34
-34
-33
-33
-33
-33
-33
-32
-32
-31
-31
-31
-30
-31
-30
-30
-29
-29
-28
-27
-28
-27
-27
-26
-26
-25
-26
-25
-24
-24
-23
-24
-23
-22
-22
-22
-21
-20
-20
-19
-18
-17
-16
-15
-14
-12
-12
-10
-9
-7
-5
-4
-2
-1
1
2
3
5
6
6
7
8
8
10
10
11
12
11
12
12
12
13
13
13
13
13
13
12
12
11
11
10
10
9
9
8
8
7
6
5
4
2
2
1
0
-1
-2
-2
-3
-4
-5
-6
-6
-8
-8
-9
-10
-11
-12
-13
-14
-15
-16
-17
-18
-18
-19
-20
-21
-22
-23
-23
-24
-25
-26
-26
-27
-27
-28
-29
-29
-30
-30
-31
-31
-31
-32
-32
-32
-33
-33
-33
-34
-33
-33
-33
-33
-33
-33
-33
-32
-32
-33
-32
-32
-31
-31
-30
-31
-30
-29
-29
-29
-28
-28
-28
-28
-27
-26
-26
-27
-26
-26
-25
-25
-25
-24
-24
-23
-23
-22
-21
-20
-20
-18
-17
-16
-15
-14
-13
-11
-10
-8
-7
-6
-3
-2
0
1
2
4
5
6
7
7
9
10
10
10
11
11
12
12
12
12
12
12
12
12
12
11
11
11
10
10
10
9
8
8
8
7
5
5
4
3
2
2
1
0
-1
-1
-2
-2
-3
-4
-5
-6
-7
-8
-8
-9
-10
-11
-12
-13
-14
-15
-15
-17
-18
-18
-19
-20
-20
-21
-22
-23
-24
-24
-25
-26
-26
-27
-27
-28
-28
-29
-29
-29
-30
-31
-30
-30
-31
-31
-30
-31
-31
-31
-30
-31
-31
-30
-30
-30
-30
-30
-30
-29
-30
-29
-29
-28
-29
-28
-28
-27
-26
-27
-27
-26
-26
-25
-26
-25
-24
-24
-24
-23
-22
-22
-22
-21
-20
-20
-19
-18
-17
-16
-15
-13
-13
-11
-9
-8
-6
-5
-3
-1
1
2
4
5
6
7
8
10
10
11
12
12
12
13
14
14
14
14
14
15
15
15
15
15
15
14
14
13
13
13
13
12
11
10
10
10
9
8
8
6
5
5
4
4
3
2
1
0
-1
-2
-2
-3
-4
-5
-7
-7
-8
-9
-10
-11
-12
-13
-14
-14
-16
-17
-18
-18
-20
-20
-21
-21
-23
-24
-24
-24
-26
-26
-27
-26
-28
-28
-28
-29
-30
-30
-31
-30
-31
-32
-32
-31
-32
-32
-32
-33
-32
-32
-32
-33
-32
-32
-32
-32
-31
-32
-32
-31
-31
-30
-31
-30
-30
-30
-29
-29
-29
-29
-28
-28
-27
-27
-27
-26
-25
-25
-24
-23
-22
-21
-21
-19
-17
-16
-14
-13
-11
-9
-7
-5
-4
-3
-1
1
2
4
4
5
7
8
9
10
11
12
13
14
14
15
15
16
16
17
17
17
18
17
17
17
17
17
17
17
16
16
16
16
15
14
14
14
13
12
11
11
10
9
8
8
7
7
5
5
4
3
2
1
0
0
-2
-3
-4
-5
-5
-7
-8
-9
-10
-11
-12
-13
-13
-15
-15
-16
-17
-18
-19
-20
-20
-21
-22
-23
-23
-24
-26
-26
-26
-27
-28
-28
-29
-29
-30
-30
-31
-31
-31
-32
-32
-32
-33
-33
-33
-33
-34
-34
-34
-34
-34
-35
-34
-34
-34
-33
-34
-33
-33
-33
-33
-32
-32
-32
-32
-31
-31
-30
-29
-29
-29
-28
-27
-26
-25
-24
-23
-21
-19
-18
-16
-15
-12
-10
-9
-7
-5
-3
-2
0
1
2
5
6
7
9
10
11
12
12
14
15
15
16
16
17
17
18
18
1000
19
19
19
18
18
18
18
18
18
17
17
17
16
16
15
15
14
14
12
12
12
10
10
9
9
7
7
6
4
4
3
3
1
1
0
-1
-2
-3
-4
-5
-6
-7
-8
-9
-10
-11
-12
-12
-14
-15
-15
-16
-17
-17
-19
-19
-20
-20
-21
-22
-22
-23
-24
-24
-25
-25
-26
-27
-27
-28
-28
-28
-29
-29
-30
-30
-30
-31
-31
-31
-32
-32
-32
-32
-33
-33
-32
-33
-32
-33
-33
-32
-32
-32
-33
-33
-32
-32
-32
-31
-32
-31
-31
-30
-30
-30
-29
-27
-26
-25
-24
-23
-21
-20
-18
-15
-14
-12
-11
-9
-7
-5
-4
-2
0
2
3
4
6
7
8
8
10
11
11
12
12
13
14
15
15
16
16
16
16
16
17
17
17
16
15
15
15
15
15
14
14
14
13
12
12
11
11
10
9
9
9
7
6
6
6
4
4
3
2
2
0
0
-1
-2
-3
-4
-4
-5
-6
-7
-8
-8
-9
-10
-11
-11
-12
-12
-13
-14
-15
-16
-16
-17
-17
-18
-19
-19
-19
-20
-21
-21
-22
-23
-23
-24
-24
-25
-25
-26
-25
-27
-27
-27
-27
-27
-28
-28
-28
-29
-28
-29
-30
-29
-29
-30
-30
-30
-29
-30
-30
-30
-30
-31
-30
-30
-30
-30
-30
-29
-29
-29
-28
-27
-27
-26
-25
-24
-23
-22
-20
-19
-17
-16
1000
-12
-11
-8
-7
-5
-4
-3
-1
0
2
3
4
5
6
7
8
8
10
10
11
11
12
12
12
13
14
14
14
14
14
14
14
14
13
13
13
12
12
12
12
11
10
10
10
8
8
7
7
7
6
4
4
4
3
2
2
0
0
-1
-1
-2
-4
-4
-5
-5
-6
-7
-7
-9
-9
-10
-10
-11
-12
-12
-13
-14
-15
-15
-15
-16
-16
-17
-18
-18
-18
-19
-20
-20
-20
-21
-20
-22
-21
-22
-21
-22
-22
-23
-23
-23
-23
-24
-24
-25
-24
-25
-25
-25
-26
-25
-25
-26
-26
-26
-26
-26
-26
-26
-26
-27
-26
-26
-27
-26
-26
-26
-26
-25
-25
-25
-24
-24
-23
-22
-22
-20
-18
-18
-16
-15
-12
-12
-10
-9
-7
-6
-5
-3
-2
-1
0
1
2
3
4
4
5
6
7
7
8
8
8
9
10
10
11
11
11
11
11
11
11
11
10
10
10
10
10
9
9
8
8
8
7
6
6
5
5
5
4
4
4
3
1
1
0
0
0
-1
-1
-1
-3
-4
-4
-5
-5
-5
-6
-7
-7
-9
-9
-10
-10
-11
-12
-12
-12
-12
-13
-14
-14
-15
-15
-15
-15
-16
-17
-16
-17
-17
-17
-18
-18
-18
-19
-19
-19
-19
-19
-20
-19
-20
-19
-20
-20
-21
-20
-21
-20
-21
-21
-22
-21
-22
-21
-22
-22
-22
-22
-21
-22
-22
-23
-22
-23
-22
-22
-22
-22
-22
-21
-21
-20
-19
-18
-17
-15
-15
-13
-12
-11
-10
-8
-7
-7
-5
-4
-4
-2
-2
-1
0
1
1
1
3
3
4
4
4
5
6
6
6
6
7
7
6
6
6
6
7
7
6
6
6
6
6
6
6
5
5
5
4
4
4
4
3
3
2
2
2
1
1
-1
-1
-1
-2
-2
-2
-3
-3
-4
-4
-4
-5
-5
-5
-6
-7
-8
-8
-9
-9
-8
-9
-10
-10
-11
-11
-11
-12
-12
-12
-13
-13
-14
-13
-14
-14
-15
-15
-15
-15
-15
-15
-16
-16
-16
-17
-16
-17
-17
-17
-18
-17
-18
-17
-18
-18
-18
-19
-18
-19
-19
-19
-19
-19
-19
-20
-19
-20
-19
-20
-20
-20
-20
-20
-20
-20
-19
-19
-18
-18
-16
-16
-15
-14
-13
-12
-11
-10
-9
-9
-7
-7
-6
-4
-4
-3
-2
-1
-1
0
0
1
2
2
2
2
4
4
4
4
5
5
5
6
6
6
6
6
6
6
5
6
5
5
5
5
4
4
4
3
3
3
2
2
2
2
1
1
0
0
0
-1
-1
-2
-2
-2
-3
-3
-4
-4
-5
-5
-5
-6
-6
-6
-7
-7
-8
-8
-9
-9
-9
-10
-11
-11
-11
-12
-11
-12
-12
-12
-13
-12
-13
-13
-14
-13
-14
-14
-14
-14
-14
-15
-14
-15
-15
-15
-15
-15
-15
-16
-15
-16
-16
-15
-16
-15
-16
-17
-16
-17
-16
-17
-16
-17
-16
-17
-17
-17
-17
-16
-17
-16
-17
-16
-16
-17
-16
-16
-15
-15
-14
-13
-13
-11
-11
-10
-9
-9
-9
-7
-6
-6
-5
-4
-4
-4
-2
-2
-2
-2
0
0
0
0
0
1
2
2
2
2
2
2
3
4
4
4
4
4
4
4
4
4
4
4
4
4
3
3
3
2
2
2
2
1
1
1
1
1
-1
-1
-1
-1
-2
-2
-2
-2
-3
-3
-4
-4
-4
-5
-5
-5
-6
-6
-7
-7
-8
-8
-7
-8
-8
-8
-9
-9
-10
-10
-11
-10
-10
-11
-12
-12
-11
-12
-12
-13
-13
-12
-13
-13
-13
-13
-13
-14
-13
-14
-14
-13
-14
-14
-14
-14
-15
-14
-14
-15
-14
-15
-14
-15
-15
-15
-15
-14
-15
-15
-14
-15
-15
-15
-15
-15
-15
-15
-15
-15
-14
-14
-14
-13
-13
-12
-12
-12
-10
-10
-10
-9
-8
-8
-6
-6
-6
-5
-4
-4
-3
-3
-2
-1
-1
-1
-1
0
1
1
1
1
1
2
3
3
3
3
3
3
3
3
3
3
3
3
4
4
4
3
3
3
2
2
2
2
2
1
1
1
1
1
0
0
0
-1
-1
-1
-2
-2
-2
-2
-3
-3
-4
-4
-4
-5
-5
-5
-6
-6
-6
-7
-7
-8
-8
-8
-9
-8
-8
-8
-9
-9
-10
-10
-9
-10
-10
-11
-11
-11
-11
-11
-12
-12
-12
-12
-12
-13
-12
-13
-13
-13
-13
-13
-13
-13
-14
-13
-14
-14
-14
-14
-14
-14
-14
-14
-14
-15
-14
-14
-15
-14
-15
-15
-14
-15
-14
-14
-14
-14
-14
-14
-13
-13
-12
-12
-12
-10
-10
-10
-9
-9
-8
-8
-7
-6
-6
-6
-5
-4
-4
-4
-3
-2
-2
-2
-1
-1
-1
-1
0
0
1
1
1
1
1
1
1
1
2
2
2
2
2
2
2
2
2
2
1
2
2
1
1
1
1
1
0
0
0
0
-1
-1
-2
-2
-2
-2
-3
-3
-3
-4
-4
-4
-5
-5
-5
-6
-6
-6
-6
-6
-7
-7
-7
-8
-8
-9
-9
-9
-9
-9
-10
-10
-10
-11
-11
-11
-11
-12
-12
-12
-12
-12
-13
-12
-13
-13
-14
-13
-14
-14
-13
-14
-14
-13
-14
-14
-14
-14
-15
-14
-14
-15
-14
-15
-14
-14
-15
-15
-15
-15
-15
-15
-14
-15
-16
-15
-15
-14
-15
-15
-14
-14
-13
-13
-13
-12
-12
-12
-11
-11
-11
-10
-9
-9
-8
-8
-7
-6
-6
-6
-6
-4
-4
-4
-4
-3
-3
-3
-3
-1
-2
-2
-2
-2
-1
-1
-1
-1
-1
-1
-1
0
0
0
0
0
0
0
0
1
1
0
0
0
0
-1
-1
-1
-1
-2
-1
-1
-2
-2
-2
-3
-3
-3
-4
-4
-4
-4
-5
-5
-5
-6
-5
-6
-6
-6
-6
-7
-7
-7
-7
-8
-8
-8
-8
-8
-9
-9
-9
-10
-9
-9
-10
-10
-11
-10
-10
-11
-11
-10
-11
-11
-12
-11
-12
-12
-12
-12
-12
-12
-12
-13
-13
-13
-13
-13
-14
-13
-13
-13
-13
-13
-14
-13
-14
-13
-13
-14
-13
-13
-14
-13
-14
-14
-13
-14
-14
-13
-13
-13
-12
-12
-11
-11
-11
-11
-10
-10
-10
-9
-9
-8
-7
-7
-6
-6
-5
-5
-5
-4
-3
-3
-3
-3
-2
-1
-1
-1
-1
-1
-1
0
0
0
0
0
0
0
1
1
1
1
1
1
1
1
1
1
2
2
2
2
2
2
1
1
1
0
0
0
0
0
-1
-1
-1
-1
-2
-2
-2
-3
-3
-3
-4
-4
-4
-4
-4
-5
-5
-5
-5
-5
-6
-6
-6
-6
-7
-7
-7
-7
-8
-8
-8
-8
-8
-9
-9
-9
-9
-9
-10
-10
-11
-10
-10
-11
-11
-10
-11
-11
-12
-11
-12
-12
-12
-12
-12
-13
-13
-13
-13
-13
-13
-13
-13
-13
-13
-13
-13
-13
-14
-13
-14
-14
-13
-14
-14
-13
-13
-13
-13
-13
-12
-12
-12
-11
-10
-10
-10
-9
-9
-8
-7
-7
-7
-7
-6
-6
-5
-5
-4
-4
-3
-3
-2
-2
-2
-1
-1
-1
0
0
0
1
1
1
1
2
2
2
2
2
2
2
2
2
2
2
2
2
2
2
1
1
1
1
0
0
0
0
0
-1
-1
-1
-2
-2
-2
-2
-3
-3
-3
-3
-3
-4
-4
-5
-4
-4
-5
-5
-5
-6
-6
-6
-6
-7
-7
-8
-8
-8
-8
-8
-8
-8
-9
-9
-10
-9
-10
-10
-10
-11
-10
-10
-11
-11
-12
-11
-12
-12
-12
-12
-12
-12
-12
-12
-13
-12
-13
-13
-13
-13
-13
-13
-13
-13
-13
-13
-13
-14
-13
-13
-14
-13
-13
-13
-13
-13
-12
-13
-13
-12
-12
-12
-11
-11
-11
-10
-10
-10
-10
-8
-9
-8
-7
-7
-7
-7
-5
-5
-5
-4
-3
-3
-3
-3
-2
-1
-1
-1
-1
0
0
1
1
1
2
1
2
2
2
3
3
3
3
3
3
3
3
3
3
3
2
2
2
2
2
1
1
1
1
1
1
0
0
0
-1
-1
-1
-2
-2
-2
-2
-3
-3
-3
-3
-4
-4
-4
-5
-5
-4
-5
-5
-5
-6
-6
-7
-7
-7
-8
-8
-8
-9
-8
-9
-9
-9
-10
-10
-11
-10
-10
-10
-11
-11
-10
-11
-11
-12
-11
-11
-12
-12
-11
-12
-12
-12
-12
-12
-13
-12
-12
-13
-12
-12
-13
-12
-13
-13
-12
-13
-13
-13
-13
-13
-13
-13
-13
-12
-13
-13
-12
-12
-12
-11
-11
-11
-10
-10
-10
-9
-9
-9
-9
-7
-7
-7
-6
-5
-5
-5
-4
-4
-3
-3
-3
-2
-2
-2
-2
-1
-1
0
0
1
1
1
1
2
2
2
3
3
3
3
3
3
3
3
2
3
3
3
3
2
2
2
2
2
1
1
1
1
1
0
0
0
-1
-1
-1
-2
-2
-2
-2
-2
-3
-3
-3
-3
-3
-4
-4
-4
-4
-4
-4
-5
-5
-5
-6
-6
-7
-7
-7
-8
-8
-8
-8
-8
-8
-9
-9
-10
-10
-9
-10
-10
-10
-11
-10
-10
-11
-11
-12
-11
-11
-12
-12
-11
-12
-12
-11
-12
-12
-12
-12
-12
-13
-12
-12
-12
-12
-12
-13
-12
-13
-13
-12
-13
-13
-12
-12
-13
-12
-12
-12
-11
-12
-11
-10
-10
-10
-10
-9
-9
-8
-7
-7
-7
-7
-5
-5
-5
-4
-4
-3
-3
-3
-2
-1
-1
-1
-1
0
0
0
1
1
2
2
2
2
2
2
2
2
3
3
3
3
3
3
3
3
3
3
3
3
2
2
2
2
2
1
1
1
1
1
0
0
0
0
0
-1
-1
-1
-2
-2
-2
-2
-3
-3
-3
-3
-4
-4
-5
-5
-5
-6
-6
-6
-7
-7
-6
-6
-7
-8
-8
-8
-8
-9
-9
-8
-9
-9
-10
-10
-11
-10
-10
-11
-11
-11
-10
-11
-12
-12
-11
-12
-12
-11
-12
-12
-12
-12
-12
-12
-12
-12
-13
-13
-12
-13
-13
-12
-13
-13
-12
-13
-13
-13
-13
-13
-13
-13
-13
-13
-13
-12
-12
-12
-12
-11
-11
-11
-10
-9
-9
-8
-8
-8
-7
-6
-6
-6
-5
-5
-4
-4
-4
-3
-2
-2
-2
-2
-1
0
0
0
0
0
0
2
2
2
2
2
2
2
2
2
2
3
3
3
3
3
3
3
3
3
2
2
2
2
1
1
1
1
1
0
0
0
0
0
-1
-1
-2
-2
-2
-2
-3
-3
-3
-3
-4
-5
-5
-5
-6
-6
-6
-6
-7
-6
-6
-7
-7
-8
-8
-8
-9
-9
-9
-9
-9
-10
-10
-11
-10
-10
-11
-11
-11
-10
-11
-12
-12
-11
-12
-12
-12
-12
-12
-12
-12
-12
-13
-13
-12
-13
-13
-12
-13
-13
-12
-13
-13
-12
-12
-13
-12
-13
-13
-12
-13
-13
-12
-13
-13
-12
-12
-12
-11
-11
-11
-10
-10
-10
-9
-9
-8
-8
-7
-7
-7
-6
-6
-6
-5
-4
-4
-3
-4
-4
-2
-2
-2
-2
-2
0
0
0
0
1
0
1
1
2
2
2
2
2
2
2
2
2
2
2
2
2
2
2
2
2
2
2
1
1
1
1
1
0
0
0
0
-1
-1
-1
-1
-1
-2
-2
-2
-2
-3
-3
-3
-3
-3
-4
-4
-4
-5
-5
-5
-5
-6
-6
-5
-5
-6
-7
-7
-7
-8
-8
-8
-8
-8
-8
-8
-9
-9
-10
-9
-9
-10
-10
-10
-9
-10
-11
-10
-11
-10
-11
-11
-10
-11
-11
-11
-10
-11
-12
-11
-11
-11
-12
-11
-11
-12
-12
-11
-12
-12
-11
-11
-12
-11
-12
-12
-11
-12
-12
-12
-11
-11
-11
-10
-10
-10
-9
-9
-9
-8
-7
-7
-7
-7
-6
-5
-5
-5
-3
-3
-3
-3
-3
-2
-1
-1
-1
-1
0
0
1
1
1
1
1
1
1
1
1
1
2
2
2
2
2
2
2
2
2
2
2
2
2
2
2
2
2
2
2
2
2
1
1
1
0
0
0
0
0
-1
-1
-1
-1
-2
-2
-2
-3
-3
-3
-4
-4
-4
-4
-5
-5
-6
-5
-6
-6
-6
-6
-6
-7
-7
-7
-8
-8
-9
-8
-8
-9
-9
-9
-9
-9
-9
-10
-10
-11
-10
-10
-11
-11
-11
-10
-11
-11
-11
-10
-11
-11
-12
-11
-11
-12
-11
-11
-12
-12
-12
-12
-12
-12
-12
-13
-12
-12
-12
-12
-12
-12
-12
-12
-12
-11
-11
-11
-11
-10
-10
-10
-9
-9
-9
-8
-8
-8
-8
-7
-6
-6
-6
-5
-4
-4
-4
-4
-3
-2
-2
-2
-2
-1
-1
-1
0
0
0
1
1
2
2
2
2
2
2
2
2
2
2
2
2
2
3
3
3
3
2
2
2
2
2
2
2
1
1
1
1
1
1
1
1
1
1
0
0
0
-1
-1
-1
-1
-2
-2
-2
-2
-2
-3
-3
-3
-4
-4
-4
-4
-5
-5
-5
-6
-6
-7
-7
-7
-7
-7
-7
-8
-8
-8
-9
-9
-9
-9
-9
-10
-10
-9
-10
-10
-10
-10
-10
-10
-11
-11
-10
-11
-11
-11
-10
-11
-11
-11
-11
-11
-12
-11
-11
-12
-12
-11
-12
-12
-11
-11
-12
-13
-12
-12
-12
-12
-12
-12
-11
-11
-11
-10
-10
-10
-10
-9
-9
-8
-7
-7
-7
-7
-6
-6
-6
-6
-4
-4
-4
-4
-3
-2
-2
-2
-1
-1
-1
0
0
0
0
1
1
1
1
2
2
2
2
2
2
2
2
2
2
2
2
