56
93
40
101
53
77
81
53
97
53
88
61
80
72
69
85
57
96
49
93
69
60
96
45
105
56
81
81
56
100
57
93
64
84
73
73
89
57
97
52
97
69
65
100
45
108
56
85
81
60
101
61
93
65
89
72
80
88
60
101
52
104
69
68
100
49
109
60
89
80
69
100
64
97
64
93
69
84
88
64
105
53
109
72
76
101
52
112
61
93
81
76
100
68
100
69
100
68
92
89
64
108
57
112
72
80
101
57
116
64
96
80
80
101
73
101
68
104
69
97
92
69
108
56
116
72
85
104
61
117
68
100
81
88
97
76
104
73
108
72
104
92
73
113
61
117
72
93
104
64
121
69
104
80
92
96
81
104
72
109
69
109
92
77
116
61
121
76
97
104
72
120
72
108
80
101
96
88
108
77
113
72
112
89
80
117
64
125
77
100
101
77
120
76
113
84
105
92
92
108
80
117
72
121
92
85
121
68
129
77
105
101
84
120
80
116
85
112
89
100
109
80
121
73
125
89
92
120
68
132
81
113
100
93
121
84
117
88
117
89
109
109
85
124
76
128
89
97
120
73
132
84
116
97
100
117
89
120
89
121
89
117
108
88
128
76
133
92
105
124
81
137
84
120
97
108
116
96
124
89
128
88
125
108
93
133
80
137
93
113
120
85
137
89
124
100
117
113
104
125
93
133
89
132
109
96
136
80
145
93
121
120
96
137
93
129
101
125
108
112
125
96
137
88
137
108
104
136
85
148
97
128
116
105
137
97
133
101
133
104
124
125
97
140
88
145
104
116
136
89
149
97
132
112
116
133
108
137
104
137
101
133
125
105
145
92
149
105
124
136
96
153
101
136
113
125
129
116
137
105
145
101
141
120
109
148
92
156
104
133
132
108
152
105
141
113
136
120
124
136
109
149
101
152
117
117
149
96
160
109
141
128
120
148
113
145
112
144
116
136
137
113
152
100
157
116
128
149
104
161
109
145
125
133
140
120
149
117
153
112
149
133
117
156
104
165
117
141
145
112
161
116
153
124
145
133
132
148
117
157
113
160
129
125
161
108
169
117
148
140
125
160
121
156
125
152
129
144
149
121
164
112
168
129
136
161
113
172
121
157
136
141
153
132
160
124
161
124
157
144
129
169
112
173
128
148
153
124
172
124
161
133
153
144
141
161
129
169
124
168
141
137
169
116
180
129
157
148
137
169
132
168
133
165
136
156
160
132
173
121
176
140
148
168
125
184
133
168
145
153
164
141
168
136
172
132
168
156
137
180
124
185
137
161
164
133
185
137
172
145
165
156
156
169
141
181
132
180
153
148
181
129
193
137
172
160
149
180
145
177
144
176
148
168
168
145
185
133
192
149
161
181
136
193
141
181
156
165
173
156
181
148
185
145
184
165
153
192
137
197
149
176
173
149
192
148
185
153
180
161
169
181
149
192
145
196
160
164
192
141
204
152
185
165
168
188
160
189
157
193
156
188
176
157
200
145
205
157
181
188
153
205
157
192
165
185
176
173
192
160
200
152
204
172
169
200
148
212
160
192
176
173
200
164
200
164
200
165
193
188
165
209
152
212
168
188
196
161
216
164
201
172
193
185
181
201
168
209
160
209
181
176
209
156
221
169
200
188
181
209
172
209
172
209
173
200
196
173
217
161
221
177
197
205
168
224
172
209
181
204
193
189
208
177
217
169
220
189
185
221
164
228
176
212
196
189
217
181
216
180
217
181
213
204
181
224
169
232
184
204
213
177
233
180
221
189
212
201
201
216
185
228
176
229
197
196
228
176
240
184
220
200
204
220
192
224
189
228
188
225
212
192
233
177
241
192
217
217
192
237
189
228
196
225
204
213
225
192
236
184
240
201
209
233
185
248
192
229
208
217
224
204
232
197
236
193
237
216
205
241
188
249
197
229
220
208
241
200
240
205
236
208
229
229
201
245
193
253
208
224
237
200
256
204
240
212
232
224
220
241
205
248
201
252
217
220
248
197
260
205
244
224
225
245
216
249
212
249
212
249
232
217
257
200
265
213
244
241
217
260
216
253
221
252
224
240
244
216
260
209
268
224
237
253
212
269
217
257
229
248
241
233
257
220
265
217
268
236
232
264
213
276
220
257
240
240
257
229
261
229
265
224
264
248
232
272
217
281
228
260
253
236
272
228
269
236
268
236
260
260
233
276
220
281
237
257
265
229
285
232
273
241
265
252
253
268
237
281
228
285
244
252
277
228
292
236
277
248
264
268
252
276
240
285
236
285
257
252
288
229
297
241
277
261
257
281
248
284
249
285
248
281
268
252
293
236
300
248
277
273
256
292
252
288
252
289
257
280
280
253
297
244
305
256
281
285
252
304
253
292
260
289
269
280
288
256
304
248
309
265
281
297
253
313
261
300
269
289
281
277
296
261
308
256
309
272
280
305
257
317
265
304
276
289
292
276
304
269
312
264
313
284
281
313
257
325
268
305
285
289
305
277
309
273
313
269
313
293
281
321
264
328
273
308
293
289
317
280
317
281
320
281
316
300
285
328
269
336
280
313
305
288
325
284
321
288
324
288
316
309
288
333
273
337
288
317
313
292
336
288
328
292
329
297
320
317
293
336
281
345
293
321
321
293
340
292
333
300
332
301
321
324
297
345
284
349
300
325
328
297
345
297
340
305
337
308
328
328
301
349
292
353
304
329
333
305
352
304
345
309
340
313
333
336
305
352
297
361
309
336
337
308
357
309
348
316
348
320
337
340
313
360
301
365
316
341
344
317
365
317
356
321
356
324
348
348
321
365
309
372
320
349
349
325
368
321
364
325
360
329
356
352
325
373
312
377
328
356
353
333
372
328
368
332
368
333
361
352
333
377
317
384
332
364
352
341
376
337
373
337
373
336
372
357
341
384
325
393
337
373
357
353
376
344
380
340
381
340
381
357
348
389
329
397
340
381
357
365
376
352
385
345
389
341
392
361
360
393
336
405
345
388
360
376
376
360
389
349
397
345
400
361
369
396
345
408
352
393
364
385
373
372
393
356
405
349
409
361
380
396
357
413
357
400
368
397
373
385
393
361
412
352
416
365
392
396
368
413
365
409
372
408
373
400
396
372
417
357
425
369
404
392
385
413
377
413
376
416
373
417
392
384
425
365
432
376
417
393
400
412
389
420
380
429
377
432
396
401
429
376
440
381
425
397
417
408
405
424
388
437
380
441
392
417
425
388
445
389
436
396
433
401
425
424
397
444
384
452
397
429
420
408
441
400
440
400
444
400
441
417
409
448
392
460
400
444
416
428
433
416
444
405
456
400
457
416
429
449
404
464
409
453
417
448
425
437
445
413
464
405
469
416
448
444
424
464
417
461
421
461
421
457
440
428
472
408
480
421
461
440
445
457
433
465
425
472
420
476
436
448
472
421
484
428
473
437
468
448
457
465
432
485
424
489
436
468
464
444
484
437
480
441
480
440
480
461
448
488
428
500
441
484
456
469
472
457
484
444
492
440
497
452
472
488
445
504
449
493
457
489
461
481
481
456
504
441
512
453
493
477
473
496
464
501
460
508
456
508
476
480
508
456
521
460
508
473
501
484
488
501
468
517
457
524
472
501
497
477
520
472
517
476
517
473
516
492
484
525
464
536
473
520
489
508
504
493
516
477
532
472
536
484
513
513
485
536
484
528
488
528
489
529
508
496
537
476
549
489
532
505
520
517
508
532
493
545
485
548
501
525
528
500
549
500
545
501
544
500
545
521
512
553
493
561
501
548
513
537
528
528
544
505
561
497
568
508
544
533
524
556
516
557
512
560
509
564
528
537
561
509
573
516
561
525
560
528
553
549
525
572
509
581
520
564
537
552
552
541
565
525
580
517
584
532
560
560
536
580
532
576
532
581
529
580
548
552
581
529
597
533
584
544
580
549
573
569
545
597
532
604
544
589
560
573
577
564
592
549
601
541
609
556
584
584
560
601
557
601
557
604
552
605
569
577
605
552
617
557
604
565
604
569
596
589
569
616
553
624
561
608
580
596
596
584
608
568
621
560
629
573
608
597
585
620
576
621
577
624
572
628
588
604
621
577
636
577
629
585
625
588
624
605
593
637
573
648
584
633
597
624
604
617
624
593
645
580
653
592
636
612
617
629
609
640
596
649
588
656
601
633
628
609
652
605
648
605
653
601
657
617
628
652
600
665
605
656
612
653
613
652
633
620
665
600
677
612
661
625
653
632
644
653
621
673
608
681
617
664
636
649
653
636
665
625
680
616
684
629
664
653
641
673
636
676
632
681
628
688
640
661
673
637
692
637
685
640
684
637
689
656
660
689
637
705
645
696
652
692
656
689
676
661
704
640
717
652
701
664
692
669
684
689
660
712
644
721
656
705
673
693
688
680
704
661
720
652
725
664
705
684
689
705
680
712
668
725
660
728
673
708
700
685
720
680
721
676
728
669
733
685
709
712
685
733
681
729
685
733
681
737
697
713
732
685
745
689
737
693
740
689
740
709
713
741
689
757
693
744
700
744
701
744
720
713
753
692
765
700
752
708
749
713
745
732
716
760
697
773
704
756
720
753
721
745
741
720
772
701
780
712
765
728
756
736
748
753
724
776
708
784
720
769
733
760
744
752
765
729
784
716
793
725
776
745
765
756
753
772
736
793
725
800
736
784
752
772
769
761
781
740
801
729
808
744
789
760
777
776
765
789
748
808
737
812
749
796
768
781
785
773
800
757
816
749
828
761
809
784
796
800
785
812
768
829
760
837
769
817
789
804
808
793
816
773
836
765
841
777
824
796
812
812
801
824
781
841
773
848
781
833
801
821
812
809
828
789
848
777
856
788
840
804
829
817
820
836
797
857
784
864
796
848
812
840
821
833
841
808
865
796
873
804
857
821
852
825
848
844
821
872
801
880
813
868
825
864
828
861
849
833
876
813
888
821
877
829
873
832
873
848
844
881
824
896
828
884
836
884
836
885
852
860
884
836
900
837
889
840
893
836
900
852
873
884
849
900
844
896
845
904
841
908
852
889
881
865
901
860
904
853
913
844
921
856
900
880
884
897
877
908
861
924
852
928
861
912
880
904
889
896
909
873
932
856
937
869
924
881
920
889
913
904
889
933
868
948
876
936
889
936
892
941
909
917
944
893
960
893
949
897
952
896
960
909
936
936
912
957
908
956
904
964
897
969
908
953
929
936
944
925
957
908
972
901
981
912
965
925
956
933
949
952
925
977
908
988
916
972
925
973
929
973
944
949
977
924
993
928
984
933
985
929
992
941
972
968
948
989
941
992
937
1000
933
1009
944
989
964
977
976
968
989
949
1012
937
1020
948
1004
960
1000
964
997
981
972
1012
948
1024
953
1013
964
1013
960
1020
972
997
1001
973
1020
968
1021
965
1029
957
1036
968
1017
989
1004
1005
993
1016
972
1036
961
1045
972
1028
985
1024
989
1020
1005
996
1037
973
1049
980
1040
985
1041
981
1044
993
1025
1021
1001
1040
997
1044
988
1056
981
1060
993
1045
1012
1033
1024
1029
1041
1004
1064
989
1073
1000
1061
1013
1061
1016
1065
1032
1044
1069
1021
1084
1024
1080
1024
1084
1020
1093
1028
1076
1049
1060
1064
1048
1076
1033
1096
1021
1105
1029
1092
1044
1085
1044
1085
1061
1060
1092
1037
1105
1036
1096
1041
1100
1036
1108
1045
1089
1069
1069
1088
1061
1097
1045
1112
1036
1121
1045
1108
1060
1101
1065
1101
1084
1076
1116
1056
1129
1060
1120
1064
1125
1061
1132
1072
1112
1096
1096
1113
1088
1121
1072
1140
1064
1149
1072
1132
1088
1129
1089
1128
1104
1104
1137
1081
1152
1084
1145
1085
1149
1080
1157
1089
1137
1113
1124
1128
1117
1141
1097
1160
1085
1169
1093
1156
1104
1153
1101
1157
1116
1133
1144
1113
1160
1108
1160
1104
1169
1096
1177
1105
1164
1120
1157
1129
1153
1144
1128
1172
1109
1185
1113
1176
1116
1180
1113
1189
1125
1173
1152
1160
1169
1156
1181
1140
1208
1128
1217
1140
1205
1149
1204
1149
1209
1160
1189
1188
1169
1205
1161
1208
1153
1220
1144
1229
1153
1216
1165
1212
1169
1209
1180
1188
1213
1165
1225
1164
1221
1160
1228
1156
1236
1160
1220
1180
1212
1184
1204
1201
1185
1228
1165
1240
1168
1232
1172
1236
1169
1245
1176
1228
1197
1216
1209
1209
1224
1192
1248
1173
1261
1181
1249
1189
1249
1188
1257
1197
1241
1220
1224
1236
1216
1245
1201
1268
1188
1276
1196
1261
1205
1264
1205
1269
1217
1248
1240
1229
1256
1224
1264
1213
1280
1201
1288
1208
1276
1220
1273
1220
1277
1233
1257
1256
1236
1273
1232
1276
1220
1293
1212
1300
1221
1285
1233
1281
1232
1284
1244
1261
1272
1245
1288
1240
1288
1232
1301
1221
1309
1232
1297
1248
1297
1252
1300
1269
1285
1300
1269
1321
1268
1320
1261
1336
1256
1345
1269
1336
1285
1332
1284
1336
1296
1313
1325
1293
1341
1289
1341
1281
1352
1272
1360
1281
1349
1292
1345
1292
1348
1304
1328
1328
1309
1345
1305
1348
1292
1361
1281
1368
1289
1356
1297
1356
1293
1361
1304
1341
1325
1325
1340
1320
1348
1304
1369
1289
1377
1297
1365
1305
1369
1301
1380
1312
1364
1332
1352
1344
1348
1353
1333
1380
1312
1393
1317
1384
1317
1388
1313
1400
1324
1384
1340
1377
1344
1377
1356
1360
1384
1340
1400
1336
1396
1333
1405
1325
1416
1333
1401
1345
1400
1344
1404
1356
1384
1380
1368
1393
1364
1397
1348
1420
1336
1425
1344
1413
1353
1416
1348
1421
1357
1408
1376
1396
1384
1392
1396
1372
1424
1353
1433
1357
1425
1356
1429
1353
1437
1361
1425
1373
1420
1376
1421
1389
1401
1416
1384
1432
1384
1432
1376
1453
1368
1465
1380
1456
1397
1461
1397
1472
1409
1457
1432
1449
1445
1448
1457
1432
1485
1417
1497
1421
1488
1421
1496
1413
1505
1424
1492
1437
1488
1437
1489
1445
1472
1468
1456
1484
1453
1485
1440
1505
1424
1513
1429
1501
1432
1505
1429
1513
1433
1497
1448
1492
1449
1492
1461
1472
1481
1456
1497
1452
1497
1441
1516
1432
1524
1440
1513
1445
1513
1440
1525
1449
1512
1464
1505
1469
1505
1481
1488
1504
1473
1521
1469
1521
1461
1537
1453
1544
1460
1533
1465
1536
1464
1545
1472
1532
1488
1524
1493
1525
1504
1509
1524
1493
1540
1488
1540
1481
1557
1468
1564
1476
1552
1484
1553
1480
1561
1485
1549
1501
1540
1505
1544
1516
1525
1540
1508
1552
1504
1553
1493
1569
1484
1576
1489
1565
1497
1568
1492
1577
1500
1564
1517
1560
1520
1560
1528
1545
1552
1529
1569
1525
1568
1517
1588
1504
1596
1512
1588
1517
1592
1513
1600
1520
1588
1536
1585
1537
1588
1545
1573
1568
1560
1581
1557
1589
1549
1612
1536
1629
1544
1620
1549
1633
1549
1644
1560
1636
1576
1636
1576
1644
1585
1632
1608
1621
1617
1625
1629
1612
1652
1593
1661
1593
1657
1589
1673
1581
1677
1589
1665
1596
1668
1588
1676
1597
1664
1613
1656
1613
1660
1620
1641
1640
1628
1649
1624
1653
1613
1669
1596
1680
1597
1668
1596
1677
1589
1685
1596
1673
1605
1672
1600
1680
1605
1665
1625
1661
1628
1661
1636
1645
1656
1633
1672
1629
1672
1621
1692
1609
1700
1613
1689
1617
1696
1609
1705
1616
1693
1628
1693
1628
1700
1633
1689
1653
1680
1657
1680
1668
1664
1689
1653
1700
1649
1701
1644
1717
1632
1724
1637
1712
1640
1721
1633
1728
1641
1717
1656
1716
1652
1725
1661
1713
1677
1704
1685
1705
1693
1692
1717
1676
1729
1677
1725
1668
1745
1656
1753
1665
1741
1668
1749
1661
1757
1669
1748
1681
1745
1681
1753
1688
1741
1704
1736
1709
1736
1717
1724
1737
1709
1749
1708
1753
1701
1769
1689
1777
1692
1768
1696
1780
1688
1785
1697
1776
1708
1781
1709
1792
1717
1785
1736
1781
1741
1792
1752
1781
1773
1772
1785
1777
1788
1765
1809
1752
1821
1756
1817
1752
1832
1745
1840
1752
1832
1752
1840
1749
1848
1757
1837
1764
1837
1761
1844
1765
1833
1777
1829
1776
1836
1781
1821
1796
1812
1801
1812
1804
1801
1820
1789
1828
1788
1828
1780
1844
1765
1849
1768
1841
1768
1852
1760
1861
1765
1848
1772
1852
1769
1861
1773
1853
1788
1849
1784
1861
1789
1848
1805
1844
1808
1848
1813
1837
1828
1829
1840
1828
1845
1821
1864
1809
1873
1808
1868
1804
1884
1797
1893
1800
1881
1801
1892
1796
1900
1804
1889
1813
1889
1809
1900
1816
1888
1828
1889
1825
1896
1832
1884
1848
1877
1852
1881
1857
1869
1872
1860
1881
1860
1884
1853
1904
1844
1913
1844
1908
1840
1924
1833
1928
1836
1921
1840
1929
1832
1937
1840
1925
1849
1929
1845
1936
1853
1929
1865
1924
1860
1933
1868
1924
1880
1920
1885
1925
1889
1912
1905
1904
1913
1905
1916
1897
1936
1889
1945
1888
1944
1885
1961
1877
1969
1884
1965
1885
1976
1884
1985
1893
1977
1897
1985
1896
1997
1904
1988
1913
1988
1912
1997
1916
1989
1928
1985
1925
1992
1929
1980
1945
1977
1944
1977
1944
1965
1961
1960
1965
1960
1968
1953
1981
1941
1989
1944
1985
1941
2001
1928
2008
1933
2001
1933
2017
1924
2025
1932
2016
1932
2025
1929
2032
1936
2025
1941
2029
1936
2037
1944
2028
1952
2032
1948
2040
1953
2033
1965
2032
1965
2040
1968
2032
1981
2028
1984
2033
1984
2025
2000
2020
2001
2024
2004
2017
2020
2009
2024
2013
2029
2009
2045
2000
2052
2005
2052
2004
2065
1996
2073
1997
2069
1996
2080
1989
2088
1997
2077
1997
2089
1992
2097
1997
2084
2001
2092
1997
2101
2000
2088
2005
2093
2004
2104
2008
2092
2017
2093
2016
2104
2021
2096
2029
2093
2029
2101
2033
2096
2044
2092
2045
2101
2049
2093
2061
2089
2061
2096
2065
2089
2081
2084
2085
2093
2089
2088
2104
2085
2112
2088
2113
2088
2128
2081
2137
2085
2133
2085
2145
2076
2149
2077
2144
2076
2157
2069
2160
2072
2148
2072
2160
2064
2164
2069
2153
2069
2164
2064
2172
2072
2160
2073
2168
2068
2177
2076
2164
2077
2173
2077
2180
2085
2172
2088
2177
2084
2185
2093
2180
2101
2180
2096
2189
2100
2185
2112
2184
2109
2192
2112
2185
2124
2184
2117
2192
2121
2188
2132
2184
2132
2192
2132
2189
2145
2185
2145
2193
2144
2184
2157
2184
2157
2189
2160
2185
2173
2181
2172
2188
2176
2180
2184
2177
2188
2185
2188
2181
2201
2176
2205
2181
2205
2181
2216
2173
2221
2181
2216
2180
2228
2173
2236
2177
2229
2180
2241
2172
2248
2177
2240
2180
2253
2172
2257
2180
2253
2181
2264
2173
2269
2180
2260
2184
2273
2177
2276
2184
2269
2185
2280
2180
2284
2188
2277
2188
2289
2185
2297
2192
2288
2200
2297
2197
2308
2205
2300
2208
2309
2208
2317
2213
2309
2217
2317
2212
2324
2217
2313
2220
2320
2217
2324
2220
2316
2220
2317
2217
2328
2224
2317
2225
2321
2225
2332
2228
2324
2233
2328
2228
2337
2232
2329
2240
2333
2236
2340
2241
2332
2244
2337
2244
2349
2248
2340
2256
2345
2252
2353
2257
2349
2264
2353
2261
2361
2264
2356
2268
2357
2268
2368
2269
2361
2276
2365
2273
2373
2276
2368
2285
2368
2281
2381
2285
2373
2288
2377
2285
2385
2292
2381
2296
2381
2292
2393
2297
2385
2304
2388
2300
2397
2305
2392
2309
2392
2308
2405
2309
2400
2316
2400
2312
2413
2316
2404
2321
2409
2317
2417
2321
2413
2328
2413
2324
2425
2328
2420
2336
2421
2329
2432
2333
2424
2341
2429
2337
2437
2341
2433
2345
2436
2344
2444
2344
2440
2352
2441
2349
2452
2353
2445
2356
2449
2356
2460
2361
2456
2365
2461
2364
2472
2368
2468
2377
2473
2372
2481
2376
2477
2381
2480
2376
2489
2381
2480
2381
2484
2376
2489
2381
2480
2384
2488
2380
2496
2388
2488
2388
2496
2388
2501
2392
2493
2397
2500
2393
2509
2401
2496
2405
2509
2401
2513
2412
2501
2413
2512
2412
2516
2421
2508
2425
2516
2425
2520
2432
2509
2440
2520
2437
2520
2444
2512
2453
2520
2449
2520
2457
2513
2465
2520
2465
2520
2473
2513
2476
2516
2480
2516
2488
2508
2489
2512
2492
2513
2504
2505
2508
2513
2509
2508
2520
2504
2521
2508
2524
2505
2533
2500
2536
2508
2537
2504
2549
2501
2548
2508
2553
2501
2564
2501
2561
2508
2565
2500
2576
2501
2572
2508
2576
2501
2585
2501
2585
2508
2584
2500
2596
2501
2592
2505
2597
2501
2605
2505
2600
2509
2604
2504
2617
2509
2608
2512
2616
2509
2624
2516
2620
2520
2628
2520
2636
2525
2629
2528
2637
2529
2641
2533
2633
2537
2641
2537
2644
2544
2633
2548
2640
2545
2641
2556
2628
2560
2637
2560
2637
2568
2624
2577
2632
2577
2629
2588
2621
2592
2621
2596
2617
2609
2613
2612
2613
2616
2612
2628
2605
2628
2609
2632
2604
2648
2600
2649
2605
2653
2601
2664
2597
2665
2605
2669
2596
2681
2596
2677
2601
2681
2596
2692
2596
2688
2596
2692
2596
2704
2596
2697
2597
2704
2597
2712
2600
2704
2604
2713
2600
2721
2609
2712
2612
2720
2612
2724
2621
2713
2628
2720
2625
2721
2636
2709
2648
2716
2644
2716
2660
2704
2668
2708
2672
2704
2681
2697
2688
2697
2693
2692
2705
2685
2709
2688
2716
2681
2729
2676
2729
2681
2733
2673
2749
2669
2749
2673
2752
2668
2765
2668
2761
2673
2768
2668
2780
2672
2777
2673
2781
2673
2792
2677
2785
2680
2792
2676
2796
2685
2784
2688
2793
2689
2792
2697
2784
2705
2788
2708
2784
2721
2776
2725
2772
2733
2768
2744
2761
2752
2761
2757
2752
2772
2745
2777
2748
2781
2740
2796
2733
2797
2737
2805
2733
2817
2728
2816
2732
2821
2725
2833
2728
2829
2729
2836
2725
2845
2729
2837
2732
2849
2732
2853
2740
2844
2745
2852
2745
2852
2756
2840
2765
2845
2768
2840
2781
2828
2788
2829
2796
2824
2812
2812
2817
2812
2828
2805
2840
2797
2845
2801
2849
2792
2864
2785
2869
2789
2869
2780
2884
2780
2880
2781
2888
2776
2896
2780
2889
2785
2901
2784
2905
2789
2893
2797
2904
2801
2901
2808
2892
2820
2892
2825
2888
2841
2877
2852
2877
2861
2869
2877
2860
2881
2860
2889
2849
2905
2844
2908
2844
2916
2836
2928
2832
2925
2833
2932
2825
2941
2829
2937
2828
2945
2828
2952
2832
2944
2841
2952
2841
2948
2852
2941
2864
2940
2865
2936
2881
2924
2893
2921
2901
2912
2917
2901
2925
2901
2933
2892
2949
2884
2952
2888
2961
2876
2973
2876
2973
2873
2976
2872
2989
2873
2984
2876
2993
2873
2996
2881
2988
2888
2993
2893
2992
2904
2981
2916
2980
2925
2972
2940
2960
2948
2956
2960
2948
2976
2936
2980
2937
2989
2924
3004
2921
3005
2921
3012
2912
3024
2912
3021
2913
3028
2913
3037
2916
3029
2924
3036
2928
3036
2936
3025
2949
3025
2957
3016
2972
3004
2981
2997
2993
2988
3012
2977
3017
2980
3028
2969
3045
2961
3049
2964
3057
2957
3069
2957
3065
2956
3073
2953
3080
2960
3072
2964
3076
2969
3076
2981
3065
2993
3060
3000
3052
3017
3037
3029
3032
3037
3020
3057
3008
3064
3009
3072
2997
3088
2992
3088
2992
3093
2984
3105
2985
3100
2989
3109
2989
3113
2997
3104
3009
3108
3017
3100
3032
3088
3045
3081
3057
3073
3073
3057
3081
3057
3093
3045
3108
3033
3116
3032
3120
3024
3133
3024
3132
3024
3141
3020
3148
3025
3141
3036
3148
3040
3144
3052
3129
3065
3128
3077
3117
3092
3100
3104
3097
3116
3084
3132
3073
3141
3072
3148
3061
3164
3057
3164
3056
3169
3052
3180
3056
3172
3064
3180
3069
3180
3080
3165
3093
3165
3100
3152
3121
3136
3132
3133
3145
3121
3161
3105
3168
3105
3176
3092
3193
3089
3197
3088
3204
3085
3212
3092
3208
3096
3213
3100
3213
3113
3201
3128
3196
3136
3184
3153
3169
3168
3161
3181
3149
3197
3136
3205
3133
3213
3120
3228
3116
3225
3117
3233
3112
3244
3120
3236
3128
3241
3132
3236
3145
3224
3161
3217
3173
3205
3192
3188
3205
3185
3217
3172
3236
3161
3244
3160
3249
3148
3264
3148
3264
3148
3272
3149
3276
3156
3268
3169
3268
3172
3260
3193
3245
3208
3237
3220
3224
3240
3209
3248
3205
3260
3193
3277
3185
3281
3181
3289
3177
3300
3176
3297
3180
3304
3185
3304
3197
3292
3213
3288
3220
3277
3241
3260
3257
3253
3268
3241
3288
3225
3296
3224
3304
3213
3320
3208
3321
3205
3329
3205
3336
3213
3325
3221
3329
3229
3321
3248
3308
3261
3300
3277
3284
3296
3269
3309
3265
3320
3252
3337
3244
3345
3240
3353
3236
3364
3236
3360
3245
3365
3248
3361
3261
3348
3277
3341
3292
3324
3309
3308
3324
3300
3340
3284
3356
3273
3365
3268
3368
3260
3381
3261
3381
3264
3389
3265
3388
3276
3377
3293
3372
3304
3361
3325
3340
3340
3333
3356
3316
3376
3304
3385
3301
3393
2
1
1
1
1
1
0
0
1
1
1
1
0
0
0
-1
-1
0
1
1
1
0
0
0
0
0
0
0
1
1
0
0
0
1
1
1
1
1
1
0
0
1
1
1
1
1
0
0
0
0
0
1
2
2
2
2
2
2
3
3
3
3
3
4
3
3
3
2
2
2
2
1
1
1
1
1
0
0
-1
-1
-1
-1
-1
-1
-1
-1
-1
-2
-2
-2
-2
-1
-1
-1
-1
-1
-1
-1
-1
-1
0
0
0
0
0
0
0
0
0
0
0
0
0
0
0
0
0
0
0
0
0
0
0
0
0
0
0
0
0
0
0
0
0
0
0
0
0
0
0
0
0
0
0
1
1
1
1
1
1
1
1
1
1
1
1
1
0
0
0
0
0
1
1
1
1
1
1
1
1
1
1
1
1
1
0
0
0
0
0
0
0
0
0
0
0
0
0
0
0
0
0
0
0
0
0
0
0
0
0
0
0
0
0
0
0
0
0
0
1
1
1
1
2
2
2
2
2
2
2
2
2
1
2
2
2
1
1
1
1
1
1
1
1
1
1
-1
-1
-1
-1
-1
-1
-1
-1
-1
-1
-2
-2
-2
-1
-1
-1
-1
-1
-1
-1
-1
-1
-1
0
0
0
0
0
0
0
0
0
0
0
0
0
0
1
1
1
1
0
0
1
1
1
1
0
0
0
0
0
0
0
1
1
0
-1
-1
-1
0
0
1
0
0
0
0
0
0
0
0
0
1
1
1
0
0
0
0
0
0
0
0
1
1
0
0
0
0
0
0
0
0
0
0
0
0
0
0
0
0
0
0
0
0
0
0
0
0
0
0
0
0
0
0
0
0
-1
-1
-1
-1
-1
-1
0
0
0
0
0
0
0
1
1
2
2
2
2
1
2
2
2
2
2
2
2
2
1
2
2
2
2
1
1
1
0
0
0
0
0
0
-1
-1
-2
-2
-2
-2
-2
-1
-1
-1
-1
-2
-2
-2
-2
-1
-2
-2
-2
-2
-2
-2
-2
-2
-1
-1
-1
-1
-1
0
1
1
1
1
1
1
1
1
1
1
1
1
1
-1
-1
0
0
0
0
-1
-1
0
-1
-1
-1
-1
0
0
0
0
0
0
0
0
0
1
1
1
1
1
1
0
0
0
0
1
1
0
0
0
0
0
0
1
1
1
1
1
1
1
1
1
1
1
1
1
0
0
0
0
0
0
0
0
0
0
0
0
0
0
0
0
0
0
0
0
0
0
0
0
0
1
1
1
1
1
2
2
2
2
2
3
3
3
2
2
3
3
3
2
2
2
2
2
1
0
1
1
1
0
-1
0
-1
-1
-1
-1
-1
-2
0
-1
-1
-1
-2
0
-1
0
0
-1
-1
-1
0
-1
-1
-1
-1
0
-1
-1
-1
-1
0
0
0
0
0
0
0
0
0
0
0
0
0
0
0
0
0
0
0
0
0
0
0
0
0
0
0
0
0
0
0
0
0
0
0
0
-1
-1
0
0
0
-1
-1
-1
-1
-1
-1
-1
0
1
1
0
-1
0
1
1
1
0
1
1
1
0
0
0
0
1
0
0
0
0
1
0
0
0
0
0
0
0
0
0
0
0
0
0
0
0
0
0
0
0
1
1
1
1
0
1
1
1
2
2
2
3
3
2
3
3
3
4
4
4
4
3
3
3
2
2
1
0
0
0
0
-1
-1
-1
-1
-2
-2
-2
-2
-1
-1
-1
-2
-2
-2
-2
-2
-2
-1
-2
-2
-2
-2
-2
-2
-1
-1
-1
-1
-1
-1
-1
0
0
0
0
0
0
0
0
0
0
-1
0
0
0
0
0
0
-1
-1
-1
-1
-1
-1
0
-1
-1
-1
-1
-1
-1
0
0
0
0
1
1
1
1
0
0
0
0
0
0
0
0
1
0
0
0
-1
1
1
1
1
1
1
0
1
0
0
0
0
1
0
0
0
0
0
0
1
0
0
0
0
0
0
0
0
0
0
0
0
0
0
0
0
0
0
0
0
0
0
0
0
1
1
1
1
2
2
2
3
3
3
3
4
4
3
4
4
4
3
3
3
2
2
2
2
1
1
1
0
-1
-1
-1
-1
-1
-1
-1
-1
-2
-2
-2
-2
-2
-1
-1
-1
-2
-2
-2
-2
-2
-1
-1
-1
-1
-1
-1
-1
-2
-1
-1
-1
-1
-1
-1
-1
-1
-2
-2
-2
-2
-1
-1
-1
-1
-1
-1
-1
-1
-1
0
0
0
0
0
0
0
0
0
0
0
0
0
0
0
0
0
0
0
0
1
1
1
1
0
1
1
1
1
0
0
0
1
0
0
0
0
1
-1
-1
-1
0
1
1
1
-1
-1
-1
-1
-1
-1
0
0
0
0
0
0
0
1
1
0
1
1
1
1
1
1
-1
-1
-1
-1
-1
-1
0
-1
-1
-1
-1
0
0
1
1
1
1
2
2
2
2
2
3
3
2
3
3
4
4
4
4
4
4
4
4
3
3
3
2
2
1
1
1
0
0
0
0
-1
-1
-1
-1
-1
-2
-2
-2
-2
-2
-2
-2
-2
-2
-2
-2
-2
-2
-1
-1
-2
-2
-2
-2
-2
-2
-1
-1
-1
-1
-1
-1
-1
0
0
0
-1
-1
-1
-1
-1
-1
-1
-1
-1
-1
-1
-1
-1
0
0
-1
-1
-1
-1
-1
-1
-1
-1
-1
-1
-1
-1
-1
0
0
0
0
0
0
0
0
0
0
1
1
1
1
1
1
1
1
1
1
1
1
1
1
1
1
1
1
1
1
1
1
1
0
1
1
0
0
0
0
0
0
-1
-1
-1
-1
1
0
0
0
0
0
0
0
0
1
1
1
1
0
0
0
0
0
0
0
0
0
0
0
0
1
1
1
1
1
2
2
3
3
4
4
4
4
4
4
4
4
4
3
3
2
2
1
1
1
1
-1
-1
-1
-1
-1
-2
-2
-2
-2
-2
-2
-3
-3
-2
-2
-2
-2
-2
-1
-1
-2
-2
-2
-2
-1
-1
-1
-1
-1
-1
-1
-1
-1
0
0
0
0
0
0
0
0
0
-1
-1
-1
-1
-1
-1
-1
-1
-1
-1
-1
-1
-1
0
0
0
0
0
0
0
0
0
0
0
0
0
0
0
0
0
0
0
0
0
0
0
0
0
0
0
0
0
1
1
1
1
0
0
1
1
1
1
1
1
1
0
0
0
0
1
1
0
0
0
0
0
0
0
0
0
0
0
0
0
0
0
0
0
0
0
0
0
0
0
0
0
0
0
0
0
0
0
0
0
0
0
0
0
0
0
1
1
1
2
2
2
2
3
3
4
4
4
5
4
5
5
4
4
4
4
3
3
2
1
1
0
0
-1
-2
-2
-2
-2
-2
-2
-2
-3
-2
-2
-2
-2
-3
-2
-2
-2
-2
-3
-3
-3
-2
-2
-2
-2
-2
-1
-2
-2
-2
-2
-1
-1
-1
-1
-1
-1
-1
-1
-1
0
-1
-1
-1
-1
-1
-1
-1
-1
-1
-1
-1
-1
-1
0
0
0
0
0
0
0
0
0
0
0
0
0
0
0
0
0
0
0
0
0
0
0
0
0
0
0
1
1
1
1
1
1
1
1
0
1
1
1
1
0
0
-1
0
0
0
0
0
1
0
0
0
0
-1
-1
0
-1
-1
-1
0
0
0
0
0
0
0
1
1
1
1
1
1
0
0
0
0
0
0
0
0
1
0
0
0
0
0
0
0
1
1
1
1
1
1
2
3
3
3
4
4
5
4
5
5
5
6
5
5
4
4
4
3
3
2
2
1
1
0
-1
-1
-1
-1
-2
-2
-2
-2
-2
-3
-3
-3
-2
-2
-3
-3
-3
-2
-3
-3
-3
-3
-2
-3
-3
-3
-3
-2
-2
-2
-3
-2
-2
-2
-2
-2
-1
-1
-1
-1
-1
-1
-1
0
0
0
0
0
0
0
0
0
0
0
0
0
-1
-1
-1
-1
-1
-1
-1
-1
-1
-1
-1
-1
-1
0
1
1
1
1
0
0
1
1
1
1
1
1
1
0
0
0
0
1
1
0
0
0
0
0
0
0
0
0
0
0
0
0
0
0
0
0
0
0
0
0
0
0
0
0
0
0
0
0
0
0
0
1
1
1
1
0
0
0
0
0
0
0
0
0
-1
-1
0
0
1
1
1
1
1
1
1
2
2
2
3
2
3
3
4
4
5
5
5
6
5
5
6
5
5
4
4
3
3
2
2
1
0
0
0
-2
-2
-2
-2
-2
-3
-3
-3
-3
-2
-3
-3
-3
-2
-3
-3
-3
-3
-2
-2
-2
-3
-3
-2
-2
-2
-3
-1
-1
-1
-1
-1
-1
-1
-1
-1
-1
-1
-1
0
-1
-1
-1
-1
-1
-1
-1
-1
0
0
0
0
-1
-1
-1
-1
-1
-1
-1
-1
0
-1
-1
0
0
1
1
1
1
1
1
1
1
1
1
1
-1
-1
-1
-1
0
0
0
0
0
0
0
0
0
1
1
1
0
-1
-1
-1
-1
-1
-1
0
0
0
0
0
0
1
1
1
1
1
1
1
0
0
0
0
0
0
0
0
0
0
0
0
0
0
0
0
0
0
0
0
0
0
0
0
0
0
1
1
1
2
2
3
3
3
4
4
5
6
6
6
6
6
6
6
5
6
6
5
5
4
3
3
1
1
1
0
-1
-1
-3
-3
-3
-4
-4
-4
-4
-4
-4
-4
-4
-3
-4
-3
-3
-4
-3
-3
-3
-3
-3
-3
-3
-3
-3
-2
-2
-2
-1
-1
-1
-2
-2
-1
-1
-1
-1
-1
-1
-1
-1
-1
-1
-1
0
-1
-1
-1
-1
-1
-1
-1
-1
-1
-1
-1
-1
-1
0
0
0
0
0
0
0
0
1
1
1
1
1
1
1
1
1
1
1
1
1
0
0
0
0
0
0
0
0
0
0
0
0
0
0
1
1
1
1
1
1
1
1
1
1
1
1
1
0
0
0
-1
-1
-1
-1
-1
-1
-1
0
0
0
0
0
0
0
1
1
1
1
1
1
0
1
1
1
1
1
3
2
2
3
3
4
4
4
4
5
5
6
6
6
7
7
6
7
6
6
6
5
4
4
3
3
1
0
0
0
-2
-2
-3
-3
-3
-3
-4
-4
-5
-4
-4
-5
-5
-4
-5
-4
-4
-4
-4
-4
-4
-3
-3
-4
-3
-3
-3
-2
-2
-2
-2
-2
-1
-1
-1
-1
0
0
-1
-1
-1
-1
-1
-1
-1
-1
-1
-2
-2
-2
-2
-1
-1
-1
-1
-1
-2
-2
-2
-2
-1
-1
-1
0
0
0
0
0
0
1
1
1
1
1
1
1
0
0
0
0
0
0
0
0
1
1
1
0
1
1
1
1
1
1
1
1
1
0
0
0
1
0
0
0
0
0
0
0
0
0
0
0
0
0
0
0
0
0
0
0
0
0
0
0
0
0
0
0
0
1
1
1
1
1
1
2
2
3
3
4
4
5
4
5
6
7
7
8
7
8
7
8
7
7
7
7
6
5
4
3
2
2
1
1
-1
-1
-2
-3
-4
-4
-5
-5
-4
-5
-5
-6
-6
-5
-6
-5
-5
-4
-5
-4
-4
-5
-4
-4
-4
-4
-4
-3
-3
-4
-4
-3
-3
-3
-3
-3
-3
-2
-2
-2
-2
-2
-1
-1
-1
-1
-1
0
0
-1
-1
-1
-1
-1
-1
-1
-1
-1
-1
-1
-2
-2
-1
-1
0
0
0
0
-1
-1
-1
0
0
1
1
2
2
1
1
1
1
2
2
2
1
2
2
2
1
1
1
1
1
1
1
1
1
1
0
0
0
0
0
0
0
0
0
0
0
0
0
0
0
0
0
0
0
0
0
0
0
0
0
0
1
1
1
1
1
1
1
1
2
2
2
2
3
2
3
4
4
5
5
6
7
7
7
8
9
8
9
8
7
7
6
7
6
5
4
4
3
2
2
0
0
-1
-1
-2
-3
-4
-4
-5
-5
-6
-6
-7
-6
-7
-6
-7
-6
-7
-6
-7
-6
-6
-5
-5
-5
-5
-4
-4
-4
-4
-3
-4
-3
-3
-3
-3
-3
-2
-2
-2
-2
-1
-1
-2
-1
-1
-1
-1
-1
-1
-1
-1
-1
-1
-1
-1
0
0
0
0
0
0
0
0
0
0
0
0
0
0
0
0
1
1
1
1
1
1
1
1
1
1
1
1
1
0
0
0
0
0
1
1
1
1
1
1
1
1
1
1
1
1
1
0
0
0
0
0
0
0
0
0
0
1
1
1
1
1
1
1
1
1
1
1
1
1
1
1
2
2
2
3
3
4
5
5
6
7
7
7
8
7
8
9
8
9
8
7
7
7
6
6
5
4
4
2
1
1
0
-1
-1
-1
-3
-3
-4
-5
-5
-6
-5
-6
-6
-7
-6
-7
-7
-7
-7
-6
-6
-6
-5
-5
-5
-5
-4
-4
-4
-4
-3
-3
-3
-3
-3
-3
-3
-2
-2
-2
-2
-1
-2
-2
-2
-2
-1
-1
-1
-1
-1
-1
-1
-1
-1
0
0
0
0
0
0
0
0
0
0
0
0
0
0
0
0
0
0
0
0
1
1
1
1
1
1
1
1
1
1
2
2
2
1
1
1
1
1
1
1
1
1
1
0
0
0
0
0
0
0
0
0
0
0
0
0
0
0
0
0
0
0
0
0
0
0
0
1
1
1
2
2
2
3
4
4
5
5
6
7
7
7
8
8
9
9
9
8
9
9
9
8
7
6
6
5
4
3
3
1
1
0
-1
-2
-2
-3
-3
-4
-4
-5
-5
-6
-5
-6
-7
-7
-7
-7
-7
-7
-6
-7
-6
-6
-6
-6
-5
-5
-5
-4
-5
-4
-4
-4
-3
-4
-4
-3
-3
-3
-3
-3
-3
-2
-3
-3
-3
-3
-2
-2
-2
-2
-2
-1
-1
-1
-1
0
0
0
0
0
0
0
0
0
0
0
0
0
0
1
1
1
1
1
1
2
2
2
2
2
2
2
1
1
1
1
1
1
1
1
1
1
1
1
1
1
1
2
2
2
2
1
1
1
1
1
1
1
1
1
0
0
0
0
0
0
0
0
0
0
0
0
0
1
1
1
1
2
2
3
3
4
5
5
6
7
7
7
8
9
9
10
10
10
9
8
9
8
7
7
7
6
4
3
2
1
1
1
0
-1
-1
-1
-3
-3
-3
-2
-3
-4
-4
-4
-5
-4
-5
-5
-6
-6
-6
-7
-7
-7
-7
-7
-8
-7
-8
-7
-8
-7
-7
-7
-6
-7
-6
-5
-5
-4
-4
-4
-4
-3
-3
-3
-3
-3
-2
-2
-2
-2
-2
-3
-2
-2
-2
-2
-1
-1
-1
-1
-1
-1
-1
-1
1
1
1
1
1
1
1
1
1
1
1
1
1
0
0
0
0
0
0
1
1
1
1
2
2
2
2
2
2
2
2
2
1
1
2
2
1
1
1
1
1
1
1
1
1
1
2
1
1
1
0
0
0
1
1
1
1
1
1
0
0
0
0
1
2
2
1
1
2
2
3
3
4
5
6
7
8
7
8
9
10
10
10
10
10
9
9
8
8
7
7
6
5
4
3
3
2
2
2
1
0
-1
-1
-2
-2
-2
-2
-3
-3
-4
-4
-5
-6
-5
-6
-6
-6
-7
-7
-8
-8
-8
-8
-8
-8
-7
-7
-6
-7
-6
-6
-6
-5
-5
-5
-4
-5
-4
-4
-4
-4
-4
-4
-3
-3
-4
-3
-3
-3
-2
-3
-3
-3
-3
-2
-2
-2
-2
-1
-1
-1
-1
-1
0
0
0
0
0
0
0
0
0
1
1
1
1
1
1
2
2
2
2
2
2
2
2
2
2
2
2
2
1
1
1
1
1
2
2
1
1
1
1
1
1
1
1
1
1
1
0
1
1
1
1
1
1
1
1
1
1
1
1
1
1
1
1
2
2
3
4
4
5
6
7
8
8
8
9
10
10
10
10
9
9
9
8
8
7
7
6
5
4
4
4
2
2
2
0
0
-1
-1
-2
-2
-2
-3
-4
-5
-4
-5
-5
-5
-5
-6
-7
-6
-7
-8
-7
-8
-7
-8
-7
-7
-6
-7
-6
-6
-6
-5
-5
-5
-4
-5
-4
-4
-4
-5
-4
-4
-3
-4
-4
-3
-3
-3
-2
-3
-3
-3
-3
-2
-2
-2
-1
-1
-1
-1
-1
-1
-1
0
0
1
0
0
0
0
0
0
0
0
0
2
1
1
1
1
1
1
1
2
2
2
2
2
1
2
2
2
2
2
2
2
1
1
1
1
1
1
0
0
0
0
0
0
0
0
1
1
1
1
1
1
2
2
2
1
2
2
2
1
1
1
2
2
2
2
2
3
5
4
5
6
7
8
8
8
9
10
10
10
10
9
10
9
8
8
7
7
7
6
5
4
4
2
2
1
0
0
-1
-1
-1
-2
-3
-3
-4
-4
-3
-4
-4
-4
-5
-5
-6
-6
-7
-7
-7
-7
-8
-8
-7
-8
-7
-7
-7
-7
-7
-6
-5
-6
-5
-5
-5
-5
-4
-5
-4
-4
-4
-4
-4
-4
-3
-4
-3
-3
-3
-4
-3
-3
-3
-2
-2
-2
-2
-2
-1
-1
-1
-1
0
0
0
0
0
0
0
1
1
1
1
1
1
1
1
1
1
1
1
2
1
1
1
1
1
1
1
1
1
1
1
2
1
1
1
1
1
1
1
1
1
1
1
1
1
1
1
1
1
1
1
1
1
1
2
2
2
1
1
1
1
2
2
3
3
4
4
4
5
6
6
7
8
9
10
11
10
11
11
11
11
11
10
11
10
9
9
7
6
6
5
4
3
2
1
1
0
0
-1
-2
-2
-3
-3
-4
-4
-4
-4
-5
-5
-5
-5
-5
-5
-6
-6
-6
-6
-7
-7
-7
-7
-8
-8
-8
-8
-8
-8
-7
-8
-7
-7
-6
-6
-6
-5
-6
-6
-6
-6
-5
-5
-4
-5
-4
-4
-4
-4
-4
-3
-3
-2
-2
-3
-3
-3
-2
-2
-2
-2
-1
-1
-1
-1
-1
-1
0
0
0
0
0
1
1
1
1
1
1
1
1
1
2
2
2
2
1
1
1
1
1
1
2
2
2
1
1
1
1
1
1
1
1
2
2
1
1
1
1
1
2
2
2
2
1
2
1
1
1
1
1
2
2
1
1
1
2
3
2
2
3
4
4
5
5
6
7
8
9
9
10
11
11
11
11
11
11
11
10
10
9
8
8
7
6
6
5
4
4
2
1
1
0
-1
-1
-2
-2
-3
-3
-3
-4
-4
-4
-4
-4
-5
-4
-4
-4
-5
-5
-5
-6
-5
-6
-5
-6
-7
-6
-7
-7
-8
-7
-7
-7
-6
-6
-6
-6
-6
-5
-5
-5
-5
-4
-5
-4
-4
-5
-5
-4
-4
-3
-4
-4
-3
-3
-3
-3
-3
-3
-2
-3
-3
-3
-3
-2
-2
-2
-3
-3
-2
-2
-2
-2
-1
-1
-1
-1
-1
-1
-1
1
1
1
1
1
1
1
1
1
1
1
1
2
1
1
1
1
2
2
2
2
2
2
2
2
1
1
2
2
2
1
1
1
2
2
2
2
2
2
2
2
2
3
3
3
4
4
4
6
7
7
9
10
10
11
10
11
11
11
11
12
10
10
10
8
8
7
6
7
6
6
5
4
3
3
2
2
2
0
0
0
-2
-2
-2
-3
-3
-4
-4
-5
-5
-6
-5
-5
-6
-5
-6
-6
-6
-7
-6
-7
-6
-6
-6
-6
-6
-5
-5
-5
-5
-5
-4
-4
-4
-4
-5
-4
-5
-5
-5
-5
-4
-4
-4
-4
-5
-4
-4
-3
-4
-3
-3
-3
-3
-4
-4
-3
-3
-3
-3
-3
-3
-2
-2
-2
-3
-3
-2
-2
-2
-2
-1
-1
-1
-2
-2
-2
-2
-1
-1
-1
0
0
0
0
0
0
1
1
1
1
2
2
2
1
1
1
1
2
2
2
2
2
2
1
1
1
1
1
2
2
1
2
2
3
3
4
5
5
6
7
8
8
10
11
11
12
12
12
12
12
12
12
11
11
11
9
9
8
8
7
7
7
6
6
5
5
4
3
3
2
2
1
1
1
-1
-1
-1
-1
-1
-2
-2
-3
-3
-4
-4
-4
-5
-4
-4
-5
-5
-6
-5
-6
-5
-5
-4
-5
-5
-5
-5
-5
-5
-5
-4
-5
-4
-5
-6
-6
-6
-6
-6
-6
-7
-6
-6
-7
-6
-7
-6
-6
-6
-5
-5
-5
-5
-4
-5
-5
-4
-5
-4
-4
-3
-4
-4
-4
-3
-3
-4
-3
-3
-3
-2
-3
-3
-3
-2
-2
-2
-2
-2
-1
-2
-2
-2
-2
-1
-1
-1
-1
-1
-1
-1
-1
-1
0
0
0
0
0
0
1
1
1
1
1
1
1
1
2
2
2
3
3
3
4
5
6
7
8
9
10
11
12
13
14
15
15
14
14
14
13
13
13
12
11
11
10
9
9
8
9
8
7
8
7
6
7
6
5
5
4
3
3
2
2
2
1
1
0
-1
-2
-2
-3
-3
-3
-4
-4
-5
-6
-6
-7
-6
-6
-6
-7
-7
-7
-8
-7
-7
-7
-7
-8
-7
-7
-8
-7
-7
-7
-7
-7
-8
-9
-8
-8
-8
-8
-8
-7
-8
-7
-7
-8
-7
-6
-5
-6
-5
-4
-5
-5
-5
-5
-5
-4
-4
-4
-4
-4
-3
-3
-4
-3
-3
-3
-2
-3
-3
-2
-2
-2
-2
-2
-2
-2
-1
-1
-1
-1
0
0
0
0
-1
-1
-1
0
1
0
0
-1
-1
-1
0
0
0
1
1
1
1
1
1
2
4
4
5
5
6
7
8
10
10
11
12
13
13
13
14
14
14
14
13
13
12
13
12
12
12
11
11
11
11
10
10
10
9
9
8
7
7
6
6
5
4
2
2
1
1
0
-1
-1
-2
-3
-3
-4
-4
-5
-5
-5
-6
-6
-5
-6
-6
-6
-7
-8
-7
-8
-7
-6
-7
-7
-8
-8
-7
-8
-7
-7
-7
-8
-7
-8
-8
-8
-7
-7
-7
-8
-7
-7
-7
-6
-6
-6
-6
-6
-5
-6
-5
-5
-5
-5
-5
-4
-5
-4
-4
-3
-3
-4
-3
-3
-3
-2
-2
-2
-2
-1
-1
-1
-1
-2
-1
-1
-1
0
0
0
0
-1
-1
-1
-1
-1
0
0
0
0
-1
-1
-1
-1
0
0
1
1
1
1
1
1
1
1
1
2
2
2
3
3
3
4
5
6
7
8
10
10
10
11
12
12
12
13
14
13
13
13
13
12
13
12
12
11
11
10
10
9
9
9
8
7
6
6
6
5
5
3
3
2
1
1
-1
-1
-1
-1
-3
-3
-4
-4
-4
-4
-5
-6
-6
-6
-6
-7
-7
-7
-8
-7
-7
-7
-8
-7
-6
-7
-6
-7
-6
-7
-7
-6
-7
-7
-7
-6
-7
-8
-7
-8
-7
-7
-6
-6
-6
-6
-6
-5
-6
-5
-4
-4
-3
-4
-4
-4
-3
-3
-2
-2
-3
-2
-2
-2
-2
-2
-1
-1
-1
-1
-2
-2
-2
0
0
0
0
-1
-1
-1
-1
-1
-1
0
-1
-1
-2
-2
-1
-1
0
0
0
0
0
0
0
1
1
1
2
1
1
1
1
1
2
2
3
4
5
6
7
7
8
9
10
11
12
12
13
13
13
12
12
12
12
12
11
11
10
10
9
9
9
8
9
8
7
7
6
6
5
5
4
4
3
1
1
-1
-1
-2
-3
-3
-4
-4
-4
-5
-5
-6
-5
-6
-5
-5
-5
-6
-7
-6
-6
-6
-6
-6
-6
-6
-6
-6
-7
-6
-6
-6
-6
-7
-7
-7
-7
-7
-7
-6
-7
-6
-7
-6
-5
-5
-4
-5
-4
-5
-4
-4
-4
-4
-4
-3
-3
-3
-3
-3
-2
-3
-2
-2
-2
-2
-1
-1
-1
-1
-2
-2
-2
-2
-1
-1
-1
-1
-1
-2
-2
-2
-2
-1
-1
-1
-1
-1
0
0
-1
-1
0
0
0
0
0
0
0
0
0
-1
-1
0
0
0
0
0
0
0
0
0
0
1
1
2
2
2
3
4
5
6
7
8
9
10
10
12
12
13
14
14
13
13
13
14
14
14
13
13
12
12
11
11
10
11
10
10
8
7
6
6
6
5
4
4
3
2
1
1
0
-1
-1
-1
-2
-3
-4
-5
-5
-6
-5
-5
-6
-7
-7
-7
-8
-7
-8
-8
-8
-8
-7
-8
-8
-8
-7
-7
-8
-8
-8
-7
-7
-6
-7
-7
-6
-7
-6
-6
-6
-5
-5
-5
-6
-5
-5
-5
-5
-5
-5
-5
-5
-5
-5
-4
-4
-3
-3
-3
-2
-3
-3
-2
-2
-2
-1
-1
-1
-1
-1
-1
-1
-1
0
0
0
0
0
-1
0
0
0
0
-1
-1
-1
-1
-1
-1
-1
-1
0
-1
-1
-1
-1
0
0
0
0
0
-1
-1
0
0
0
0
-1
-1
-1
-1
0
0
0
2
2
2
3
4
5
7
8
9
10
10
11
12
12
13
13
13
12
12
12
12
12
12
11
11
10
9
9
9
8
9
8
7
6
6
5
5
4
4
4
3
1
1
0
-1
-1
-2
-3
-3
-4
-4
-5
-5
-5
-5
-5
-6
-6
-7
-6
-7
-7
-7
-7
-7
-7
-8
-7
-8
-7
-7
-6
-7
-7
-7
-7
-7
-7
-7
-6
-7
-6
-6
-6
-6
-5
-4
-4
-4
-4
-3
-4
-4
-3
-3
-3
-2
-2
-3
-3
-3
-2
-2
-2
-1
-1
-1
-1
-1
-1
-1
0
0
0
0
0
0
0
0
0
0
-1
-1
-1
0
0
0
0
-1
-1
-1
-1
-1
-1
0
0
0
-1
-1
-1
-1
0
0
0
0
0
0
0
0
0
0
0
0
0
0
0
0
0
1
1
1
2
2
3
3
4
5
6
7
8
9
9
10
11
11
12
12
13
13
12
12
12
12
12
11
11
10
9
9
8
7
7
7
6
5
4
3
3
2
2
2
1
0
0
-1
-1
-2
-2
-3
-3
-4
-5
-5
-6
-6
-6
-6
-7
-7
-7
-7
-6
-7
-6
-6
-6
-5
-6
-6
-6
-6
-6
-5
-6
-6
-5
-6
-5
-6
-6
-5
-5
-5
-4
-5
-5
-4
-5
-5
-4
-4
-3
-4
-4
-3
-3
-3
-2
-3
-3
-2
-2
-2
-2
-2
-1
-1
-1
-1
-1
-1
0
0
-1
-1
-1
-1
-1
-1
-1
-1
-1
-1
-1
-1
-1
0
0
0
0
0
0
0
0
0
0
0
0
0
0
0
-1
-1
-1
-1
-1
-1
-1
-1
-1
-1
-1
0
0
2
3
4
5
6
7
7
9
10
11
12
11
12
12
12
11
11
11
10
11
10
9
8
8
8
7
6
6
6
5
5
5
5
4
4
4
2
2
2
2
1
0
0
-1
-2
-3
-3
-4
-5
-5
-5
-6
-6
-7
-6
-6
-6
-6
-6
-7
-6
-6
-5
-5
-5
-5
-4
-5
-5
-5
-5
-5
-5
-5
-4
-5
-5
-4
-5
-5
-4
-5
-5
-4
-4
-3
-3
-4
-3
-3
-3
-2
-2
-2
-1
-1
-1
-1
-2
-2
-1
-1
-1
-1
-1
-1
-1
-1
-1
-1
-1
0
0
0
0
0
0
-1
-1
-1
-1
-1
-1
-1
-1
-1
-1
-2
-1
-1
0
0
-1
-1
-1
-1
-1
-1
-1
-1
0
-1
-1
-1
-1
0
0
0
0
0
0
0
1
1
1
2
2
3
4
5
6
6
7
8
10
10
11
12
12
12
12
12
11
11
12
12
12
10
10
9
8
8
8
8
7
7
7
6
5
5
5
4
4
4
3
2
1
0
0
-2
-2
-2
-4
-4
-4
-5
-5
-6
-6
-6
-6
-6
-6
-6
-7
-6
-7
-7
-7
-7
-7
-6
-6
-6
-6
-5
-6
-5
-6
-5
-6
-6
-6
-5
-6
-6
-5
-6
-6
-5
-5
-4
-4
-3
-2
-3
-3
-2
-3
-3
-2
-2
-2
-2
-2
-2
-2
-2
-1
-1
-1
0
0
0
0
0
0
0
0
0
0
-1
-1
-1
-1
-1
-1
-1
-1
-2
-2
-2
-2
-2
-1
-1
-1
-1
-1
-1
-1
-1
0
-1
-1
-1
-1
-1
-1
-1
-1
-1
-1
-1
-1
-1
0
0
0
0
0
1
1
1
2
2
3
4
5
6
7
8
8
10
10
11
12
12
12
11
11
11
11
11
10
11
9
9
8
7
7
7
8
7
7
6
5
5
4
4
3
3
3
2
2
1
0
-1
-1
-1
-2
-2
-3
-3
-4
-4
-5
-6
-6
-6
-6
-7
-7
-7
-7
-6
-7
-6
-7
-6
-6
-7
-6
-7
-6
-6
-6
-6
-6
-6
-6
-5
-5
-5
-4
-4
-4
-4
-4
-4
-4
-4
-3
-3
-3
-3
-3
-3
-3
-2
-2
-2
-1
-1
-1
-1
-1
-1
-1
0
-1
-1
-1
-1
-1
-1
-1
-1
-1
-2
-1
-1
-1
0
-1
-1
-1
-1
-1
-1
-1
-1
0
-1
-1
-1
-1
0
0
0
-1
0
0
-1
0
-1
-1
0
-1
-1
-1
-1
0
1
0
0
0
-1
0
0
0
1
1
1
1
0
1
2
2
4
5
6
6
6
7
9
10
11
12
11
11
11
11
10
10
11
11
10
9
8
7
6
7
6
6
6
6
5
4
4
4
3
3
3
3
2
1
1
0
0
-1
-1
-2
-3
-3
-4
-4
-4
-5
-4
-4
-5
-6
-6
-6
-6
-5
-6
-5
-6
-6
-6
-6
-6
-6
-5
-4
-5
-5
-5
-5
-5
-4
-4
-4
-4
-4
-3
-3
-3
-3
-3
-3
-3
-3
-3
-3
-2
-2
-2
-3
-3
-3
-2
-2
-2
-1
-1
-1
-1
-1
-1
-1
0
0
0
0
0
0
0
0
-1
-1
-1
-1
-1
-1
-1
-1
-1
-1
-1
-1
-1
0
0
-1
-1
-1
-1
-1
-1
-1
-1
-1
-1
-1
-1
-2
-1
-1
-1
-1
-1
-1
-1
-1
-1
-1
0
0
2
2
3
3
4
5
6
7
8
8
9
9
10
10
10
10
10
10
9
9
8
8
8
7
7
6
6
6
6
6
5
5
4
4
3
2
2
1
1
0
-1
-2
-2
-3
-3
-3
-4
-4
-4
-4
-5
-5
-5
-4
-4
-5
-4
-5
-5
-5
-5
-4
-5
-4
-4
-5
-5
-5
-4
-5
-4
-5
-4
-4
-5
-4
-4
-4
-3
-3
-3
-4
-3
-3
-2
-2
-2
-1
-1
-1
-2
-2
-2
-2
-1
-1
-1
-1
-1
-1
-1
-1
-1
0
0
0
0
0
0
0
-1
-1
-1
-1
-1
-1
-1
-1
-1
-1
-1
-1
-1
0
0
0
0
0
0
-1
-1
-1
-1
-1
-1
-1
-1
-1
-1
-1
-1
-2
-1
-1
-1
-1
0
0
0
0
0
0
1
1
2
3
3
4
5
4
5
6
7
8
9
9
10
11
10
11
10
10
11
11
10
10
9
9
8
7
7
7
6
7
6
5
4
5
4
4
3
3
3
1
1
1
0
0
-1
-1
-3
-4
-4
-5
-5
-5
-5
-5
-6
-6
-7
-6
-6
-6
-5
-5
-5
-6
-6
-5
-5
-5
-5
-4
-5
-5
-4
-5
-5
-4
-3
-4
-4
-4
-4
-4
-4
-3
-3
-3
-3
-3
-3
-3
-3
-3
-3
-2
-2
-2
-2
-2
-2
-1
-1
-1
-1
0
0
0
-1
-1
-1
-1
-1
-1
-1
-1
-1
-1
-1
-2
-2
-1
-1
-1
-1
-1
-1
-1
-1
-1
-1
-2
-1
-1
-1
-1
-1
-1
-1
-1
-1
-2
-2
-2
-1
-1
-1
-1
-1
-1
-1
-1
-1
-1
0
1
1
2
2
3
3
4
5
6
7
8
9
10
9
10
10
10
10
10
10
10
9
9
8
7
7
7
7
7
7
6
7
6
5
5
4
4
4
3
3
2
1
0
0
-1
-1
-1
-2
-2
-2
-3
-3
-4
-4
-5
-5
-5
-6
-6
-6
-5
-5
-6
-5
-5
-5
-5
-4
-4
-4
-3
-4
-4
-4
-4
-4
-4
-4
-4
-4
-4
-3
-4
-4
-3
-3
-3
-3
-3
-3
-3
-2
-2
-2
-2
-2
-2
-2
-2
-2
-2
-1
-1
-1
-1
-1
-2
-2
-1
0
0
0
-1
-1
-1
-1
-1
-1
-1
0
0
0
-1
-1
-1
-1
0
0
0
0
0
0
-1
-1
-1
-1
-1
-1
0
-1
-1
-1
-1
-2
-2
-1
-1
-1
-1
-1
-1
-1
-1
-1
-1
0
1
1
2
2
3
4
4
5
6
6
7
8
8
9
10
9
10
9
9
9
9
8
8
8
7
6
6
5
6
5
5
5
5
4
5
5
4
4
4
3
3
1
1
1
0
-1
-1
-2
-3
-3
-4
-4
-4
-5
-5
-5
-6
-6
-5
-5
-6
-5
-5
-5
-5
-5
-4
-4
-4
-3
-3
-4
-4
-3
-3
-3
-3
-3
-3
-3
-2
-3
-3
-3
-2
-3
-3
-3
-3
-3
-2
-2
-2
-2
-2
-2
-2
-2
-1
-1
-1
-1
0
-1
-1
-1
-1
0
0
0
0
0
0
0
-1
-1
-1
-1
-1
-1
-1
-1
-1
-1
-1
-1
-1
0
0
-1
-1
-1
-1
-1
-1
-1
-1
-1
-1
-1
-1
-1
0
0
0
0
0
0
0
1
1
2
2
3
4
4
5
5
6
7
8
8
8
8
8
8
7
7
7
6
7
6
6
5
6
5
5
4
4
4
3
3
3
2
2
0
0
-1
-1
-1
-2
-2
-2
-3
-3
-3
-3
-3
-3
-3
-3
-3
-4
-3
-3
-4
-3
-3
-3
-4
-4
-3
-3
-3
-4
-3
-3
-3
-3
-3
-3
-4
-3
-3
-3
-4
-4
-3
-3
-3
-3
-2
-2
-2
-2
-2
-2
-1
0
0
0
0
0
0
0
0
0
0
1
1
0
0
-1
-1
-1
-1
-1
-1
-1
-1
0
-1
-1
-2
-2
-1
-1
-1
-1
-1
-1
-1
-1
-1
-1
-1
-1
-1
-1
-1
-1
-1
-1
-1
-1
-1
-1
-1
-1
0
0
0
0
0
0
0
0
1
1
2
2
3
3
4
5
6
6
7
8
9
8
9
8
8
8
8
7
7
7
7
7
6
5
6
5
5
5
4
5
5
4
3
3
2
2
2
1
1
1
0
0
-1
-1
-2
-2
-2
-3
-3
-4
-4
-4
-5
-4
-4
-5
-5
-4
-5
-5
-4
-5
-4
-4
-5
-4
-4
-5
-4
-4
-4
-4
-4
-4
-3
-3
-4
-3
-3
-3
-2
-2
-2
-2
-2
-2
-2
-2
-2
-1
-1
-1
-1
-1
-1
-1
-1
0
-1
-1
-1
-1
-1
-1
-1
-1
-1
-1
-1
-1
-1
-1
-1
-1
-1
-1
-1
-1
-1
-1
-1
-1
-1
-1
0
0
-1
-1
-1
-1
-1
-1
-1
-1
-1
-1
-1
-1
-1
0
0
0
0
0
0
0
0
0
0
0
0
1
1
1
2
2
3
4
5
5
6
7
8
8
8
9
9
8
8
8
8
7
8
7
6
6
6
5
4
5
5
5
4
3
4
3
3
3
2
2
2
2
1
1
0
0
0
-2
-2
-2
-3
-3
-3
-4
-4
-5
-5
-4
-5
-5
-4
-4
-4
-3
-4
-4
-4
-4
-4
-4
-4
-4
-4
-4
-4
-5
-5
-4
-4
-4
-4
-3
-3
-3
-3
-3
-3
-3
-2
-2
-2
-2
-2
-2
-2
-2
-2
-1
-1
-1
-1
-1
-1
-1
-2
-1
-1
-1
-1
-1
-1
-1
-1
-1
-1
-1
-1
0
0
0
0
0
0
0
0
0
0
0
0
-1
-1
-1
-1
-1
-1
-1
-1
-1
-1
-1
-1
-1
0
0
0
0
0
0
0
0
0
0
0
1
1
1
1
2
2
3
3
4
4
5
6
6
6
7
8
9
8
8
7
7
7
8
7
7
7
6
5
5
4
4
4
5
5
4
3
3
2
2
2
2
1
1
0
0
-1
-1
-2
-2
-2
-3
-3
-3
-4
-4
-5
-4
-4
-4
-4
-3
-4
-4
-3
-4
-4
-3
-3
-2
-3
-3
-3
-4
-4
-3
-3
-3
-3
-3
-3
-3
-3
-3
-3
-3
-2
-2
-2
-2
-2
-1
-1
-1
-1
-1
-1
-1
-1
-1
-1
-1
-1
-1
-1
-1
-1
-1
-2
-1
-1
-1
-1
-1
-1
-1
-1
-1
-1
-1
-1
0
0
0
0
0
0
0
0
-1
-1
-1
-1
-1
-1
-1
-1
-1
-1
-1
-1
-1
0
0
0
0
0
0
0
-1
-1
-1
-1
-1
-1
-1
-1
0
0
0
0
1
2
3
4
4
5
5
6
7
6
7
8
8
8
8
7
7
7
6
7
6
6
6
6
5
5
5
5
5
4
4
4
3
3
2
2
0
0
0
-1
-2
-2
-2
-3
-3
-3
-4
-4
-4
-4
-4
-4
-4
-3
-3
-4
-3
-3
-3
-3
-3
-3
-3
-3
-3
-4
-4
-4
-3
-3
-4
-4
-3
-3
-3
-2
-2
-3
-2
-2
-2
-2
-2
-2
-2
-2
-2
-2
-2
-2
-1
-1
-1
-1
-1
-1
-1
-1
-1
-1
-1
-1
-1
-1
-1
-1
-1
-1
-1
0
0
0
0
0
0
0
0
0
0
0
-1
-1
-1
-1
-1
-1
-1
-1
-1
-1
-1
-1
-1
0
0
0
0
0
0
0
-1
-1
-1
-1
-1
-1
-1
-1
0
0
0
0
0
1
1
1
2
2
2
3
3
3
4
4
5
6
7
7
8
8
8
9
8
9
8
8
9
8
8
7
8
7
6
7
6
6
5
5
4
3
3
2
2
1
1
1
0
-1
-1
-2
-2
-3
-3
-3
-3
-4
-4
-4
-5
-5
-5
-5
-4
-4
-4
-4
-4
-4
-3
-4
-4
-4
-4
-3
-3
-4
-4
-3
-4
-4
-4
-4
-4
-4
-3
-3
-4
-4
-3
-3
-3
-2
-2
-3
-3
-2
-2
-2
-2
-1
-1
-2
-1
-1
-1
-1
-1
-1
-1
-1
-1
-1
-1
-1
0
-1
-1
-1
-1
0
0
0
0
0
0
-1
-1
-1
-1
-1
-1
-1
-1
-1
-1
-1
-2
-2
-1
-1
-1
-1
-1
-1
-1
-1
-1
-1
-1
0
0
-1
-1
-1
0
0
0
0
0
0
0
0
1
1
2
3
4
3
4
5
5
6
7
8
9
8
9
9
8
8
9
8
8
8
7
6
6
5
5
4
4
4
3
3
3
2
3
3
3
2
2
2
2
1
1
1
0
-1
-1
-3
-4
-4
-5
-5
-6
-6
-5
-5
-5
-6
-5
-5
-5
-4
-4
-4
-4
-3
-4
-4
-4
-4
-3
-3
-4
-3
-3
-3
-2
-3
-3
-2
-2
-2
-3
-3
-3
-1
-1
-1
-1
-1
0
0
0
0
0
1
1
1
-1
0
0
0
0
-1
-1
-1
-1
-1
-1
-2
-2
-1
-2
-1
-1
-1
-1
-1
-1
-1
-1
-1
0
0
0
0
-1
-1
-1
0
0
0
0
-1
-1
-1
-1
-1
-1
-1
-1
-1
-1
-1
-1
-1
0
0
0
0
0
0
1
1
1
1
1
1
2
2
3
3
4
5
5
4
5
6
7
8
8
7
8
7
8
7
7
7
7
7
6
5
4
4
5
4
4
3
3
2
2
2
1
0
0
0
-1
-2
-2
-2
-2
-3
-3
-3
-4
-4
-3
-4
-4
-3
-3
-3
-4
-4
-3
-3
-4
-3
-3
-4
-3
-3
-3
-3
-4
-3
-3
-3
-3
-2
-2
-2
-2
-2
-2
-2
-2
-1
-2
-2
-2
-2
-2
-2
-2
-1
-1
-1
-1
-1
-1
0
0
0
-1
-1
-1
-1
-1
-1
-1
-1
-1
-1
-1
-1
-1
0
0
0
0
0
0
0
0
0
0
0
0
-1
-1
-1
-1
-1
-1
-1
-1
-1
-1
-1
-1
-1
0
0
0
-1
-1
0
0
0
0
0
0
1
2
2
2
3
4
5
5
5
6
6
7
7
7
6
6
6
5
6
5
4
5
4
5
4
4
3
3
4
4
4
3
3
3
2
2
0
0
0
0
-1
-2
-2
-3
-3
-4
-4
-4
-4
-3
-3
-3
-3
-2
-3
-3
-2
-3
-2
-2
-2
-2
-3
-3
-3
-4
-4
-3
-3
-3
-2
-3
-3
-3
-3
-2
-3
-3
-2
-2
-2
-2
-2
-2
-1
-1
-1
-1
-1
0
0
0
0
0
-1
-1
-1
-1
-1
-1
-1
-1
-1
-1
-1
-1
-2
-1
-1
-1
0
0
0
0
-1
-1
-1
-1
-1
0
0
0
0
-1
-1
-1
-1
0
0
0
0
0
0
0
0
0
0
0
0
0
0
0
0
0
0
0
0
0
0
1
1
1
2
2
3
4
4
5
6
6
7
7
7
7
8
7
7
7
0
0
0
0
0
0
0
0
0
0
0
0
0
0
0
0
0
0
0
0
0
0
0
0
0
0
0
0
0
0
0
0
0
0
0
0
0
0
0
0
0
0
0
0
0
0
0
0
0
0
0
0
0
0
0
0
0
0
0
0
160
115
69
25
-19
-64
-108
-154
-199
-243
-288
-332
-378
14
-31
-33
-32
-32
-32
-33
-33
-34
-33
-34
-34
-34
-33
-34
-33
-33
-32
-32
-32
-32
-32
-32
-31
-31
-31
-30
-30
-30
-30
-29
-30
-29
-29
-30
-30
-30
-30
-30
-30
-30
-30
-30
-31
-31
-31
-31
-31
-31
-31
-31
-32
-32
-32
-32
-32
-32
-33
-33
-33
-33
-33
-33
-34
-34
-34
-34
-34
-34
-34
-34
-35
-35
-35
-35
-35
-35
-34
-34
-34
-34
-34
-35
-35
-35
-35
-35
-35
-35
-35
-35
-34
-35
-35
-34
-34
-34
-35
-35
-34
-34
-34
-34
-34
-33
-34
-34
-33
-33
-33
-33
-33
-33
-32
-33
-33
-33
-33
-32
-32
-32
-32
-32
-32
-31
-32
-31
-32
-32
-32
-32
-32
-32
-31
-32
-32
-31
-32
-32
-32
-32
-32
-31
-31
-31
-31
-32
-32
-31
-31
-31
-31
-31
-31
-32
-31
-31
-31
-30
-30
-30
-31
-31
-31
-31
-31
-30
-30
-31
-31
-31
-30
-30
-30
-30
-30
-29
-29
-28
-28
-28
-28
-28
-27
-27
-27
-27
-27
-26
-27
-27
-27
-26
-26
-27
-27
-26
-26
-26
-27
-27
-26
-27
-28
-27
-27
-27
-27
-28
-28
-27
-28
-29
-28
-28
-28
-28
-29
-28
-28
-28
-29
-28
-28
-28
-29
-28
-28
-28
-28
-29
-28
-28
-28
-29
-28
-28
-28
-28
-28
-28
-28
-28
-28
-28
-28
-29
-28
-28
-28
-29
-29
-28
-28
-29
-29
-29
-28
-28
-29
-28
-28
-28
-28
-28
-28
-28
-28
-27
-28
-28
-27
-27
-28
-28
-27
-27
-27
-28
-27
-27
-26
-28
-27
-27
-26
-27
-27
-27
-26
-27
-27
-26
-26
-27
-27
-26
-26
-27
-26
-26
-26
-26
-26
-26
-26
-26
-26
-26
-26
-26
-26
-26
-26
-26
-26
-26
-27
-26
-26
-26
-26
-26
-26
-26
-26
-26
-26
-26
-26
-26
-26
-26
-25
-25
-25
-25
-24
-25
-24
-24
-25
-24
-24
-24
-24
-24
-23
-24
-24
-23
-24
-23
-23
-24
-24
-23
-24
-24
-24
-25
-24
-24
-25
-25
-25
-24
-25
-25
-25
-25
-25
-25
-25
-25
-25
-26
-25
-25
-26
-25
-25
-25
-25
-25
-25
-25
-25
-25
-26
-25
-25
-25
-25
-25
-25
-25
-24
-25
-25
-25
-25
-25
-24
-25
-25
-25
-25
-25
-25
-24
-25
-25
-24
-25
-25
-25
-25
-25
-25
-25
-25
-24
-25
-25
-25
-24
-25
-25
-25
-25
-25
-24
-24
-25
-25
-24
-25
-25
-24
-25
-24
-24
-25
-24
-24
-25
-25
-24
-25
-25
-24
-24
-25
-25
-24
-25
-24
-24
-25
-24
-24
-24
-24
-24
-25
-24
-24
-25
-24
-24
-25
-25
-24
-25
-25
-25
-25
-25
-25
-25
-25
-25
-24
-25
-24
-24
-25
-24
-24
-24
-24
-23
-24
-23
-22
-23
-22
-23
-22
-22
-23
-22
-22
-22
-22
-21
-22
-22
-21
-22
-22
-22
-22
-22
-23
-23
-22
-23
-23
-23
-24
-23
-23
-24
-24
-23
-24
-24
-24
-25
-24
-25
-25
-24
-26
-25
-25
-26
-25
-25
-25
-25
-25
-26
-25
-25
-25
-25
-24
-25
-25
-24
-25
-25
-24
-25
-25
-24
-25
-25
-25
-25
-25
-24
-25
-25
-25
-25
-25
-24
-26
-25
-25
-25
-25
-25
-24
-25
-25
-25
-25
-25
-24
-25
-25
-24
-24
-24
-24
-24
-25
-24
-24
-24
-24
-24
-24
-24
-24
-24
-24
-23
-24
-24
-23
-24
-23
-23
-24
-24
-23
-24
-23
-23
-24
-23
-23
-24
-23
-23
-24
-24
-23
-24
-23
-23
-24
-23
-23
-24
-23
-24
-23
-23
-23
-23
-23
-23
-23
-22
-23
-22
-22
-22
-21
-22
-21
-20
-21
-20
-21
-20
-20
-20
-19
-20
-20
-19
-20
-19
-20
-20
-20
-20
-19
-20
-20
-20
-20
-19
-21
-20
-21
-21
-21
-21
-20
-21
-21
-21
-21
-20
-21
-21
-21
-21
-21
-21
-21
-21
-21
-21
-21
-21
-21
-21
-21
-21
-22
-21
-21
-21
-21
-21
-21
-21
-21
-21
-21
-21
-21
-21
-22
-21
-22
-21
-21
-22
-21
-22
-22
-21
-22
-21
-22
-21
-22
-22
-21
-22
-21
-22
-22
-22
-22
-22
-21
-22
-22
-23
-22
-22
-22
-22
-22
-22
-21
-22
-22
-22
-22
-21
-22
-22
-22
-22
-21
-22
-21
-22
-21
-21
-22
-21
-22
-21
-21
-21
-21
-22
-21
-21
-21
-21
-21
-21
-21
-21
-21
-21
-21
-21
-21
-21
-21
-21
-21
-21
-20
-21
-21
-21
-21
-20
-20
-19
-19
-19
-19
-18
-18
-17
-18
-17
-16
-17
-16
-17
-16
-17
-16
-17
-17
-17
-17
-17
-17
-18
-17
-18
-17
-18
-18
-19
-18
-19
-18
-19
-19
-19
-19
-19
-19
-19
-20
-20
-20
-20
-20
-20
-20
-20
-21
-20
-21
-20
-20
-20
-20
-21
-20
-21
-20
-21
-20
-21
-20
-21
-21
-21
-21
-20
-21
-20
-21
-21
-21
-21
-21
-21
-21
-21
-21
-21
-21
-21
-21
-21
-21
-21
-21
-21
-21
-21
-20
-21
-21
-21
-21
-21
-21
-21
-21
-21
-21
-21
-20
-21
-21
-21
-21
-20
-21
-20
-21
-21
-21
-21
-20
-21
-20
-21
-20
-20
-20
-20
-21
-20
-21
-20
-21
-21
-20
-21
-20
-21
-20
-21
-21
-20
-21
-20
-21
-20
-21
-20
-20
-21
-20
-20
-20
-21
-20
-19
-20
-19
-19
-19
-19
-18
-18
-17
-18
-17
-17
-16
-16
-16
-16
-15
-16
-15
-15
-15
-16
-15
-15
-15
-16
-15
-16
-16
-16
-16
-16
-16
-16
-16
-17
-17
-17
-17
-17
-17
-18
-17
-18
-18
-18
-18
-18
-18
-19
-18
-19
-18
-19
-18
-19
-19
-19
-19
-19
-20
-19
-20
-19
-20
-20
-20
-20
-20
-20
-20
-20
-21
-20
-21
-20
-21
-20
-21
-20
-20
-20
-20
-20
-20
-20
-20
-21
-20
-21
-20
-20
-20
-20
-21
-20
-21
-20
-20
-20
-19
-20
-20
-20
-20
-19
-20
-20
-20
-20
-20
-20
-19
-20
-19
-20
-20
-20
-20
-20
-20
-19
-20
-20
-20
-20
-20
-20
-20
-20
-20
-20
-20
-20
-19
-20
-19
-20
-20
-20
-20
-19
-20
-19
-20
-20
-20
-20
-20
-20
-20
-20
-20
-20
-20
-20
-20
-20
-19
-20
-20
-19
-19
-18
-19
-18
-19
-17
-18
-17
-17
-16
-16
-15
-15
-15
-15
-14
-15
-14
-14
-15
-14
-15
-14
-15
-14
-15
-14
-15
-14
-15
-15
-15
-15
-15
-16
-16
-16
-16
-16
-16
-17
-16
-17
-17
-17
-17
-17
-17
-17
-18
-18
-18
-18
-18
-18
-18
-18
-18
-18
-19
-18
-19
-18
-19
-18
-19
-19
-19
-20
-19
-19
-19
-19
-19
-20
-19
-20
-19
-20
-19
-20
-20
-20
-20
-20
-20
-20
-20
-21
-20
-21
-20
-20
-20
-20
-21
-20
-21
-20
-20
-20
-20
-20
-20
-20
-20
-19
-20
-19
-19
-19
-20
-19
-20
-19
-20
-19
-19
-19
-18
-19
-19
-19
-18
-19
-18
-19
-19
-19
-19
-18
-19
-18
-19
-18
-19
-19
-19
-19
-19
-19
-19
-18
-19
-19
-19
-18
-18
-19
-18
-19
-18
-19
-18
-19
-18
-19
-18
-19
-18
-18
-18
-18
-18
-18
-18
-18
-17
-18
-17
-17
-16
-16
-15
-15
-14
-14
-14
-14
-14
-13
-13
-13
-13
-13
-13
-13
-13
-14
-13
-14
-14
-14
-15
-14
-15
-15
-15
-15
-16
-15
-16
-16
-16
-16
-16
-17
-16
-17
-16
-17
-17
-17
-18
-17
-18
-17
-18
-17
-18
-17
-17
-18
-18
-18
-17
-18
-17
-18
-17
-18
-17
-18
-18
-18
-18
-18
-19
-18
-19
-18
-19
-18
-19
-19
-18
-19
-19
-19
-18
-19
-18
-19
-19
-18
-19
-18
-19
-18
-18
-18
-18
-18
-18
-18
-18
-18
-18
-18
-19
-18
-19
-18
-19
-18
-18
-18
-17
-18
-18
-18
-18
-18
-17
-18
-17
-18
-17
-18
-17
-18
-17
-18
-17
-17
-17
-18
-18
-17
-18
-17
-18
-17
-17
-17
-18
-17
-18
-17
-17
-17
-17
-17
-18
-17
-17
-17
-17
-17
-18
-17
-18
-17
-18
-17
-17
-17
-17
-17
-17
-17
-17
-17
-17
-17
-16
-16
-15
-16
-15
-15
-14
-14
-14
-13
-13
-12
-12
-12
-11
-12
-11
-11
-12
-11
-12
-11
-12
-13
-12
-13
-12
-13
-14
-13
-14
-13
-14
-14
-14
-15
-14
-15
-15
-15
-16
-15
-16
-15
-16
-17
-16
-17
-16
-16
-16
-17
-17
-17
-17
-17
-17
-17
-18
-18
-17
-18
-18
-18
-17
-18
-18
-18
-18
-18
-18
-18
-18
-18
-18
-18
-18
-18
-18
-18
-18
-18
-18
-18
-18
-19
-18
-18
-18
-18
-18
-18
-18
-19
-18
-18
-18
-18
-18
-18
-18
-18
-18
-18
-18
-18
-18
-18
-17
-18
-18
-17
-17
-18
-18
-18
-18
-17
-18
-17
-18
-18
-18
-18
-17
-18
-18
-18
-17
-18
-17
-18
-18
-18
-18
-18
-18
-18
-18
-18
-17
-18
-17
-18
-17
-18
-17
-17
-17
-17
-17
-17
-17
-17
-17
-17
-17
-18
-16
-17
-17
-17
-18
-17
-17
-17
-17
-17
-17
-16
-17
-16
-16
-15
-15
-15
-14
-14
-13
-13
-12
-12
-12
-11
-11
-11
0
-11
-10
-10
-10
-10
-10
-10
-10
-11
-10
-11
-12
-11
-12
-11
-12
-13
-12
-13
-13
-13
-13
-13
-14
-14
-14
-14
-15
-15
-15
-15
-15
-16
-16
-16
-16
-16
-17
-16
-17
-17
-17
-17
-17
-17
-17
-17
-17
-17
-17
-17
-18
-17
-17
-18
-17
-18
-17
-17
-18
-18
-18
-17
-18
-17
-18
-18
-18
-19
-18
-19
-18
-18
-18
-18
-18
-19
-18
-19
-18
-18
-18
-17
-18
-18
-18
-18
-18
-17
-18
-17
-17
-17
-18
-17
-18
-17
-17
-17
-17
-17
-18
-17
-18
-17
-17
-17
-17
-17
-17
-17
-17
-17
-17
-17
-17
-17
-17
-18
-17
-18
-17
-18
-17
-17
-17
-17
-17
-17
-17
-17
-17
-17
-16
-17
-17
-17
-17
-17
-18
-17
-17
-17
-17
-17
-17
-17
-17
-16
-17
-16
-17
-16
-16
-16
-16
-16
-15
-15
-14
-14
-13
-13
-13
-12
-11
-11
-11
-11
-10
-10
-10
0
-10
-9
-9
-10
-9
-10
-10
-10
-10
-11
-11
-11
-12
-11
-12
-11
-12
-13
-12
-13
-13
-13
-13
-14
-14
-14
-14
-14
-15
-14
-15
-15
-15
-16
-15
-16
-16
-16
-16
-15
-16
-16
-15
-16
-16
-16
-16
-16
-16
-17
-16
-16
-16
-17
-17
-16
-17
-17
-17
-17
-16
-17
-17
-17
-18
-17
-17
-17
-17
-17
-17
-17
-17
-17
-17
-16
-17
-16
-17
-16
-17
-16
-17
-16
-16
-17
-17
-17
-17
-17
-17
-17
-16
-17
-16
-17
-16
-17
-16
-17
-16
-17
-17
-17
-17
-17
-18
-17
-17
-17
-17
-16
-17
-16
-17
-16
-17
-16
-17
-17
-16
-17
-17
-17
-16
-17
-16
-17
-16
-16
-16
-17
-17
-16
-17
-16
-17
-16
-17
-16
-16
-16
-16
-16
-16
-16
-16
-16
-16
-16
-15
-15
-14
-14
-14
-13
-13
-12
-12
-11
-10
-10
-10
-9
-9
-9
-8
-8
-8
0
-8
-8
-7
-8
-8
-8
-8
-9
-9
-9
-10
-10
-11
-11
-11
-11
-12
-11
-12
-13
-12
-13
-13
-13
-14
-13
-14
-15
-14
-15
-15
-15
-15
-16
-15
-15
-16
-16
-16
-15
-16
-16
-16
-16
-16
-16
-16
-16
-16
-16
-16
-16
-16
-16
-17
-17
-17
-17
-17
-17
-17
-17
-17
-17
-17
-17
-17
-18
-17
-17
-17
-17
-17
-17
-17
-17
-17
-17
-16
-17
-16
-17
-16
-17
-16
-17
-16
-16
-16
-16
-16
-16
-16
-16
-16
-16
-16
-16
-16
-16
-16
-16
-16
-16
-16
-15
-16
-16
-15
-16
-16
-16
-15
-16
-15
-16
-16
-15
-16
-16
-16
-16
-16
-17
-16
-16
-16
-16
-15
-16
-15
-16
-16
-16
-16
-15
-16
-15
-15
-15
-15
-15
-14
-15
-14
-14
-14
-13
-13
-12
-12
-12
-11
-11
-10
-9
-9
-9
-7
-7
-7
-6
-6
-6
0
-5
-5
-6
-5
-5
-6
-6
-6
-6
-7
-7
-7
-8
-9
-8
-9
-9
-9
-10
-10
-11
-11
-11
-12
-11
-12
-13
-12
-13
-13
-13
-13
-14
-14
-14
-14
-14
-14
-14
-15
-14
-15
-15
-14
-15
-15
-14
-15
-15
-15
-15
-16
-15
-16
-16
-15
-16
-16
-16
-16
-17
-16
-17
-17
-16
-17
-17
-17
-17
-17
-17
-17
-17
-17
-17
-16
-17
-17
-17
-16
-17
-16
-17
-16
-17
-16
-17
-16
-17
-16
-16
-16
-17
-16
-16
-15
-16
-16
-16
-16
-15
-16
-15
-15
-15
-15
-16
-15
-15
-15
-15
-15
-15
-16
-15
-16
-15
-15
-15
-15
-16
-15
-15
-15
-16
-15
-15
-16
-15
-16
-15
-16
-15
-15
-15
-15
-16
-15
-15
-15
-15
-14
-14
-15
-14
-14
-13
-13
-13
-12
-11
-11
-10
-10
-9
-8
-7
-7
-6
-6
-5
-5
-4
-4
-4
-4
0
-3
-4
-4
-4
-4
-4
-5
-5
-5
-6
-7
-6
-7
-8
-9
-8
-9
-9
-10
-10
-11
-11
-11
-11
-12
-12
-12
-13
-13
-13
-14
-14
-14
-14
-15
-14
-15
-15
-16
-15
-16
-16
-16
-16
-17
-16
-16
-17
-16
-16
-17
-16
-17
-17
-16
-17
-17
-17
-17
-18
-17
-18
-17
-17
-18
-17
-18
-18
-18
-18
-18
-18
-18
-17
-18
-18
-18
-18
-18
-18
-17
-17
-17
-17
-16
-17
-16
-17
-16
-17
-16
-16
-16
-16
-15
-16
-16
-15
-16
-15
-16
-15
-15
-15
-15
-15
-15
-16
-15
-16
-15
-15
-15
-15
-16
-15
-16
-15
-15
-15
-15
-15
-15
-15
-15
-15
-15
-15
-16
-15
-15
-15
-15
-14
-15
-14
-15
-15
-14
-14
-13
-14
-14
-13
-12
-12
-11
-10
-10
-9
-9
-8
-7
-6
-6
-5
-4
-4
-4
-3
-3
-3
-3
-3
0
-2
-2
-3
-2
-2
-3
-4
-4
-4
-5
-5
-6
-6
-7
-7
-8
-8
-9
-10
-10
-10
-11
-11
-12
-12
-13
-13
-14
-13
-14
-14
-14
-14
-15
-15
-15
-16
-16
-16
-16
-16
-16
-16
-17
-16
-16
-17
-16
-17
-17
-17
-17
-17
-18
-17
-17
-17
-18
-18
-17
-18
-17
-17
-18
-18
-18
-17
-18
-17
-18
-17
-17
-17
-18
-17
-17
-17
-17
-17
-17
-16
-17
-17
-17
-16
-16
-16
-16
-16
-16
-16
-16
-16
-16
-16
-16
-16
-16
-15
-16
-15
-15
-15
-15
-16
-15
-15
-15
-15
-15
-15
-15
-15
-15
-15
-15
-15
-15
-15
-15
-15
-14
-14
-15
-15
-14
-14
-15
-14
-14
-15
-14
-14
-13
-13
-13
-12
-12
-12
-10
-10
-10
-8
-8
-8
-6
-6
-5
-5
-4
-3
-3
-2
-2
-2
-2
-2
0
-1
-1
-2
-2
-2
-2
-3
-3
-3
-4
-4
-4
-5
-6
-7
-6
-7
-8
-9
-8
-9
-10
-11
-10
-11
-12
-12
-12
-12
-13
-13
-13
-13
-14
-14
-14
-14
-15
-14
-15
-15
-16
-15
-15
-16
-15
-15
-16
-16
-16
-16
-16
-16
-16
-16
-17
-16
-16
-16
-16
-16
-16
-16
-17
-16
-16
-16
-17
-16
-16
-16
-16
-17
-16
-16
-16
-17
-16
-17
-16
-16
-16
-16
-15
-16
-15
-15
-15
-15
-15
-15
-15
-15
-14
-15
-15
-14
-15
-14
-15
-14
-15
-15
-14
-15
-14
-14
-14
-14
-15
-14
-14
-15
-14
-15
-14
-14
-14
-14
-14
-14
-14
-14
-14
-14
-14
-14
-14
-14
-14
-13
-13
-13
-12
-12
-11
-10
-10
-10
-8
-8
-8
-6
-5
-5
-4
-3
-3
-2
-2
-1
0
0
0
0
0
0
0
0
-1
-1
-1
-1
-1
-2
-2
-3
-4
-3
-4
-5
-6
-6
-6
-7
-8
-8
-9
-9
-10
-10
-11
-11
-11
-12
-12
-12
-12
-13
-14
-14
-13
-14
-15
-14
-15
-15
-15
-15
-15
-16
-16
-16
-16
-17
-17
-17
-17
-17
-17
-17
-17
-17
-17
-18
-17
-17
-18
-17
-17
-17
-18
-17
-18
-18
-17
-18
-17
-18
-17
-17
-17
-17
-17
-16
-17
-16
-16
-16
-16
-15
-16
-16
-16
-15
-16
-15
-15
-16
-15
-15
-15
-15
-14
-14
-14
-14
-14
-14
-14
-14
-14
-13
-14
-14
-13
-14
-13
-14
-14
-13
-14
-13
-13
-14
-13
-14
-13
-14
-14
-13
-14
-13
-13
-14
-13
-13
-13
-12
-13
-12
-11
-11
-10
-10
-9
-9
-7
-7
-7
-5
-4
-4
-3
-2
-1
0
0
0
1
1
0
2
2
2
2
2
1
2
2
1
1
0
0
0
-1
-2
-1
-1
-2
-3
-3
-4
-4
-4
-5
-5
-6
-7
-8
-7
-8
-9
-10
-11
-11
-11
-12
-13
-13
-13
-14
-14
-15
-15
-15
-15
-16
-16
-15
-16
-16
-17
-16
-17
-17
-18
-17
-18
-18
-17
-18
-18
-18
-18
-19
-18
-19
-19
-18
-19
-18
-18
-18
-18
-18
-18
-17
-18
-17
-18
-17
-18
-17
-18
-17
-17
-17
-17
-17
-17
-17
-17
-17
-17
-17
-16
-16
-16
-16
-15
-16
-15
-16
-15
-15
-16
-15
-15
-15
-15
-14
-15
-14
-14
-15
-14
-15
-14
-14
-14
-14
-14
-13
-14
-14
-14
-14
-14
-14
-13
-14
-14
-13
-14
-13
-14
-14
-13
-13
-12
-13
-13
-12
-11
-11
-10
-10
-9
-7
-7
-6
-6
-4
-4
-3
-2
-2
0
0
0
1
1
2
0
3
2
3
3
3
2
2
3
3
2
2
2
1
1
0
0
-1
-1
-1
-2
-2
-3
-4
-5
-5
-5
-6
-7
-7
-8
-9
-10
-9
-10
-11
-11
-12
-11
-12
-12
-13
-14
-13
-14
-14
-15
-15
-15
-15
-15
-16
-16
-16
-16
-17
-17
-17
-17
-18
-18
-17
-18
-19
-18
-19
-18
-19
-19
-18
-19
-18
-19
-18
-19
-18
-18
-18
-18
-18
-18
-18
-18
-18
-18
-17
-18
-17
-17
-17
-17
-16
-17
-16
-16
-16
-16
-16
-15
-16
-15
-15
-16
-15
-15
-15
-15
-15
-15
-14
-15
-14
-14
-15
-14
-15
-14
-14
-14
-14
-14
-14
-14
-13
-14
-14
-13
-14
-13
-13
-14
-13
-13
-13
-13
-13
-12
-12
-12
-11
-10
-10
-8
-8
-7
-6
-5
-5
-4
-2
-2
-1
-1
0
0
1
2
2
2
2
2
2
0
3
3
3
3
2
2
2
1
1
1
1
0
-1
-1
-2
-2
-3
-4
-3
-4
-5
-6
-6
-7
-8
-8
-9
-9
-10
-10
-11
-10
-11
-11
-12
-12
-13
-13
-13
-14
-14
-14
-14
-15
-15
-15
-15
-16
-16
-16
-17
-16
-17
-17
-16
-17
-18
-18
-18
-18
-17
-18
-18
-17
-18
-17
-18
-18
-18
-18
-17
-18
-17
-17
-17
-17
-17
-17
-17
-17
-17
-17
-16
-17
-16
-16
-16
-16
-16
-16
-15
-16
-15
-15
-15
-15
-14
-15
-14
-15
-14
-15
-15
-14
-15
-14
-14
-14
-14
-14
-14
-14
-14
-14
-14
-14
-14
-13
-13
-14
-13
-13
-12
-13
-13
-13
-13
-12
-13
-13
-12
-12
-12
-11
-11
-11
-10
-9
-9
-7
-7
-6
-6
-4
-3
-3
-2
-1
1
1
2
2
2
3
3
3
0
4
4
4
4
4
4
4
3
3
3
2
3
3
3
2
1
1
1
0
-1
-1
-2
-3
-4
-3
-4
-5
-6
-6
-7
-8
-8
-9
-8
-9
-10
-10
-11
-11
-12
-11
-12
-12
-13
-13
-14
-13
-14
-14
-15
-15
-15
-15
-15
-16
-16
-16
-16
-17
-17
-17
-17
-17
-17
-17
-18
-17
-18
-17
-17
-18
-17
-18
-17
-18
-17
-18
-17
-17
-17
-17
-16
-17
-17
-17
-16
-17
-16
-17
-16
-16
-16
-16
-15
-16
-16
-16
-15
-16
-15
-15
-16
-15
-15
-14
-15
-14
-15
-14
-14
-15
-14
-14
-14
-14
-14
-14
-14
-13
-14
-13
-13
-14
-13
-13
-13
-13
-13
-12
-13
-13
-12
-12
-12
-12
-11
-10
-10
-10
-9
-8
-7
-7
-5
-5
-3
-3
-1
0
1
2
2
3
4
4
5
5
0
6
6
6
6
6
6
6
6
5
5
5
5
5
5
4
4
4
3
2
2
1
1
0
0
0
-1
-1
-2
-3
-3
-4
-5
-6
-6
-7
-8
-8
-9
-8
-9
-10
-10
-11
-11
-12
-12
-13
-13
-13
-14
-14
-15
-15
-16
-15
-15
-16
-16
-17
-16
-17
-17
-18
-17
-17
-18
-18
-18
-19
-18
-19
-18
-18
-18
-18
-19
-18
-19
-18
-19
-18
-18
-18
-18
-18
-18
-17
-18
-17
-18
-17
-17
-17
-17
-17
-16
-16
-16
-17
-16
-16
-16
-16
-16
-16
-15
-15
-16
-15
-16
-15
-16
-15
-15
-15
-15
-14
-14
-15
-15
-14
-14
-14
-13
-14
-14
-14
-14
-13
-14
-14
-13
-13
-12
-13
-13
-12
-12
-11
-12
-12
-10
-10
-10
-9
-8
-7
-6
-5
-4
-3
-2
-2
0
1
2
2
3
3
5
5
5
0
6
6
6
6
6
6
6
6
6
5
5
5
5
4
4
4
4
3
3
2
2
1
1
1
1
0
0
-1
-2
-2
-3
-3
-4
-4
-5
-6
-6
-7
-7
-8
-8
-9
-9
-10
-9
-10
-10
-11
-11
-12
-12
-12
-13
-13
-13
-13
-14
-14
-15
-15
-14
-15
-15
-16
-15
-16
-16
-16
-16
-17
-17
-17
-18
-17
-18
-17
-18
-18
-18
-19
-18
-19
-18
-18
-18
-18
-18
-18
-18
-18
-18
-18
-17
-18
-17
-17
-17
-17
-17
-17
-17
-17
-17
-17
-16
-17
-16
-16
-15
-16
-16
-15
-16
-15
-16
-15
-15
-15
-15
-14
-15
-15
-14
-14
-13
-14
-13
-13
-14
-13
-13
-12
-12
-12
-11
-11
-11
-9
-8
-8
-6
-5
-5
-3
-2
-1
-1
0
2
2
3
3
4
4
5
5
5
0
6
6
6
6
6
6
6
6
6
6
6
6
5
5
5
4
4
3
3
3
2
1
1
0
0
-1
-1
-2
-2
-3
-4
-4
-5
-5
-6
-6
-6
-7
-6
-6
-7
-8
-8
-8
-9
-9
-9
-10
-10
-11
-11
-12
-12
-11
-12
-12
-12
-13
-14
-14
-13
-14
-14
-15
-14
-15
-15
-15
-15
-16
-15
-16
-17
-16
-17
-16
-17
-17
-17
-18
-17
-18
-17
-18
-17
-18
-18
-18
-19
-18
-19
-18
-18
-18
-18
-17
-18
-17
-17
-17
-18
-17
-17
-17
-17
-16
-17
-16
-16
-16
-16
-16
-15
-16
-15
-16
-15
-15
-16
-15
-15
-15
-15
-14
-14
-13
-13
-13
-12
-11
-11
-9
-9
-8
-6
-5
-5
-3
-2
-1
0
1
2
2
3
3
4
4
6
6
6
7
7
0
8
8
8
8
8
8
8
8
8
8
8
8
8
8
8
7
7
7
7
7
5
5
5
5
4
4
4
3
3
2
2
2
1
0
0
-1
-1
-1
-2
-2
-3
-3
-3
-4
-4
-4
-5
-5
-7
-7
-8
-8
-8
-9
-10
-9
-10
-10
-11
-11
-12
-12
-13
-12
-13
-13
-14
-14
-14
-15
-15
-15
-15
-16
-16
-16
-17
-16
-17
-17
-17
-18
-17
-18
-18
-18
-18
-18
-19
-18
-19
-18
-19
-19
-19
-20
-19
-20
-19
-20
-19
-20
-19
-20
-19
-20
-19
-20
-19
-20
-19
-19
-19
-19
-18
-19
-19
-19
-18
-18
-18
-18
-17
-17
-16
-16
-15
-14
-13
-12
-10
-10
-9
-7
-6
-5
-3
-2
-1
-1
1
2
2
3
3
5
5
6
6
7
8
8
9
9
10
10
10
11
11
11
0
11
11
11
11
12
11
11
11
11
11
11
10
9
9
9
8
8
8
6
6
5
5
5
4
4
3
2
1
1
0
0
0
-2
-3
-3
-4
-4
-4
-5
-6
-6
-7
-8
-9
-9
-10
-11
-11
-12
-11
-12
-12
-13
-14
-14
-15
-14
-15
-15
-16
-16
-16
-17
-17
-17
-18
-18
-18
-18
-19
-18
-19
-19
-19
-19
-19
-20
-20
-20
-20
-21
-20
-21
-20
-21
-21
-21
-21
-20
-21
-20
-21
-20
-21
-21
-21
-21
-21
-21
-20
-21
-21
-21
-21
-21
-21
-20
-21
-20
-20
-20
-20
-19
-19
-18
-18
-16
-16
-14
-14
-12
-12
-10
-9
-9
-7
-6
-5
-4
-3
-2
0
0
1
2
3
4
5
6
6
7
7
9
10
10
10
10
11
11
0
12
12
12
12
12
12
12
11
11
11
11
10
10
10
9
9
9
8
7
6
6
6
5
5
5
4
2
2
2
1
0
0
-1
-2
-3
-3
-4
-4
-4
-5
-6
-6
-8
-8
-9
-9
-9
-10
-11
-11
-11
-12
-11
-12
-13
-13
-14
-14
-15
-14
-15
-16
-16
-16
-16
-17
-17
-17
-17
-17
-18
-18
-18
-18
-18
-18
-19
-18
-19
-18
-19
-18
-19
-19
-19
-19
-19
-19
-19
-18
-19
-19
-19
-19
-19
-19
-19
-19
-19
-19
-20
-19
-20
-19
-19
-19
-19
-19
-18
-19
-18
-19
-18
-19
-18
-18
-18
-17
-16
-17
-15
-15
-14
-13
-12
-10
-9
-9
-7
-7
-6
-4
-4
-3
-1
0
1
1
2
4
5
5
6
7
7
7
8
8
10
10
0
10
11
11
11
11
11
11
11
10
10
10
10
10
9
9
9
9
8
7
7
7
5
5
5
4
3
3
3
2
1
1
-1
-1
-2
-2
-3
-3
-3
-4
-5
-5
-5
-7
-7
-8
-8
-8
-9
-10
-10
-11
-11
-12
-12
-11
-12
-13
-13
-14
-14
-14
-14
-14
-15
-15
-15
-15
-16
-16
-15
-16
-16
-16
-16
-16
-16
-17
-16
-16
-16
-17
-17
-17
-17
-17
-17
-16
-17
-17
-17
-17
-17
-18
-17
-18
-18
-18
-18
-18
-18
-18
-17
-18
-17
-18
-17
-18
-17
-18
-17
-17
-17
-17
-16
-17
-17
-16
-16
-15
-15
-14
-13
-13
-11
-10
-9
-8
-7
-6
-5
-4
-3
-2
-1
0
1
2
3
4
4
5
6
6
6
7
7
9
9
9
0
10
10
10
10
10
10
10
10
10
10
9
8
8
7
7
7
7
6
6
5
5
4
4
4
3
3
2
1
0
0
0
-1
-1
-2
-3
-3
-3
-4
-4
-5
-6
-6
-7
-7
-8
-8
-9
-9
-10
-10
-10
-11
-11
-12
-11
-12
-12
-12
-13
-13
-14
-13
-14
-14
-15
-14
-14
-15
-14
-15
-15
-15
-15
-16
-15
-16
-16
-15
-16
-16
-16
-16
-16
-16
-16
-17
-16
-17
-17
-17
-17
-17
-17
-17
-17
-17
-17
-17
-17
-16
-17
-18
-17
-18
-17
-18
-17
-17
-17
-17
-17
-17
-17
-17
-17
-17
-18
-17
-17
-17
-18
-17
-17
-16
-16
-16
-15
-15
-14
-13
-12
-11
-10
-9
-8
-7
-5
-4
-3
-3
0
0
1
2
3
5
6
6
7
8
9
9
10
10
11
11
12
12
0
12
13
13
13
13
13
13
13
13
12
12
12
12
11
11
11
10
9
8
8
8
7
7
6
5
4
4
3
3
2
2
0
-1
-1
-1
-2
-2
-3
-4
-5
-5
-6
-6
-6
-7
-7
-8
-8
-8
-9
-9
-9
-10
-10
-11
-11
-12
-12
-12
-13
-13
-13
-13
-14
-14
-15
-14
-14
-15
-14
-15
-15
-15
-15
-16
-15
-15
-16
-15
-15
-15
-16
-16
-15
-16
-15
-16
-15
-16
-16
-16
-16
-15
-16
-16
-16
-16
-16
-17
-16
-17
-16
-17
-16
-17
-16
-17
-16
-17
-17
-16
-17
-17
-17
-17
-17
-16
-17
-17
-17
-17
-17
-17
-17
-16
-16
-15
-15
-14
-13
-12
-11
-10
-9
-8
-7
-6
-5
-4
-3
-1
-1
0
1
2
3
4
5
5
6
6
7
7
7
9
9
0
9
10
10
10
10
10
10
10
10
10
10
9
9
8
8
8
7
7
6
6
6
5
5
4
4
3
2
1
1
0
-1
-1
-2
-2
-3
-3
-4
-4
-5
-5
-6
-6
-8
-8
-9
-9
-9
-10
-10
-10
-11
-11
-11
-11
-11
-12
-12
-12
-13
-13
-13
-13
-13
-14
-14
-13
-14
-14
-15
-14
-14
-14
-14
-15
-15
-14
-15
-14
-14
-15
-14
-15
-14
-15
-15
-14
-15
-14
-15
-15
-15
-15
-15
-15
-14
-15
-15
-15
-15
-15
-15
-15
-15
-15
-15
-15
-15
-15
-15
-15
-16
-15
-15
-15
-15
-15
-15
-16
-15
-16
-15
-15
-16
-15
-15
-15
-15
-15
-14
-14
-13
-13
-13
-11
-11
-10
-9
-8
-7
-6
-4
-3
-3
-2
0
1
2
2
3
4
5
6
6
7
7
8
8
8
0
9
9
9
9
9
9
9
9
9
9
9
9
9
8
8
8
8
7
6
6
5
4
4
3
3
2
2
1
1
1
0
-1
-1
-2
-2
-3
-3
-3
-5
-5
-5
-6
-6
-6
-7
-7
-7
-8
-8
-9
-9
-9
-10
-10
-10
-11
-11
-11
-11
-11
-12
-12
-12
-13
-12
-12
-13
-13
-13
-13
-14
-14
-13
-14
-14
-13
-13
-14
-14
-14
-13
-14
-14
-14
-14
-14
-14
-14
-14
-14
-15
-14
-14
-14
-15
-14
-14
-15
-14
-15
-14
-14
-15
-14
-15
-14
-15
-15
-14
-15
-14
-15
-16
-15
-16
-15
-16
-16
-15
-16
-14
-15
-15
-13
-13
-12
-11
-10
-10
-8
-7
-7
-5
-4
-3
-3
-2
-1
0
1
1
2
4
4
4
5
5
5
5
6
6
6
6
6
0
8
8
8
8
8
8
7
7
7
7
7
6
6
6
5
5
4
3
2
2
1
1
1
0
0
-1
-1
-2
-2
-3
-3
-4
-4
-4
-5
-5
-5
-6
-6
-6
-7
-7
-8
-8
-8
-9
-9
-9
-9
-10
-11
-10
-11
-10
-10
-11
-11
-12
-12
-11
-11
-12
-12
-12
-11
-12
-12
-12
-12
-12
-13
-12
-12
-13
-12
-13
-13
-12
-13
-13
-12
-13
-13
-12
-13
-13
-13
-13
-13
-13
-13
-13
-14
-13
-14
-14
-14
-14
-13
-14
-14
-14
-14
-15
-14
-14
-14
-14
-15
-14
-14
-15
-15
-15
-14
-15
-15
-14
-15
-14
-14
-14
-13
-13
-13
-11
-11
-10
-9
-8
-8
-7
-5
-4
-3
-3
-1
0
1
2
2
3
4
5
6
6
7
7
8
8
8
9
9
10
10
10
0
11
11
11
11
11
11
11
11
10
9
9
9
8
8
8
7
7
7
6
5
4
4
3
3
2
2
1
1
0
0
-2
-2
-2
-3
-3
-3
-4
-4
-4
-5
-5
-6
-7
-7
-8
-8
-8
-9
-9
-9
-9
-9
-10
-10
-9
-10
-10
-10
-11
-11
-11
-11
-11
-11
-11
-11
-11
-11
-11
-12
-11
-11
-12
-11
-11
-12
-11
-12
-12
-11
-12
-12
-11
-12
-13
-12
-13
-13
-12
-13
-13
-13
-13
-13
-13
-14
-13
-13
-14
-13
-14
-14
-13
-14
-14
-14
-14
-14
-14
-15
-14
-14
-14
-15
-15
-14
-15
-15
-14
-15
-14
-14
-14
-14
-13
-13
-12
-12
-11
-10
-9
-8
-8
-6
-5
-5
-3
-2
-1
0
0
1
2
3
4
4
5
5
6
6
7
7
7
8
9
9
9
9
9
0
10
10
9
9
9
9
9
9
9
8
8
8
8
7
6
6
6
5
4
3
3
2
2
1
1
0
0
-1
-1
-2
-2
-3
-4
-5
-5
-5
-6
-6
-6
-7
-7
-7
-7
-8
-8
-8
-9
-9
-9
-10
-10
-10
-11
-11
-10
-10
-11
-11
-11
-12
-11
-11
-12
-12
-11
-11
-12
-12
-11
-11
-12
-12
-12
-12
-12
-12
-12
-13
-12
-13
-13
-13
-13
-12
-13
-13
-13
-13
-13
-13
-13
-13
-13
-14
-13
-14
-13
-14
-14
-13
-14
-14
-14
-14
-13
-14
-15
-13
-14
-14
-14
-14
-14
-14
-14
-13
-14
-14
-14
-14
-14
-14
-14
-13
-14
-14
-13
-13
-12
-11
-11
-10
-9
-8
-8
-7
-5
-4
-3
-3
-1
0
0
1
1
2
3
4
5
5
5
5
6
6
6
7
7
7
7
0
8
8
8
8
8
8
8
8
8
7
7
7
7
6
6
5
5
5
4
4
4
3
3
2
1
0
0
0
-1
-2
-2
-2
-3
-3
-4
-4
-4
-5
-5
-5
-6
-6
-6
-6
-6
-7
-7
-8
-7
-7
-8
-8
-8
-9
-9
-9
-10
-10
-10
-9
-10
-10
-10
-10
-10
-10
-10
-10
-11
-10
-10
-10
-11
-10
-10
-11
-10
-10
-11
-11
-10
-11
-11
-11
-11
-12
-11
-11
-12
-11
-11
-12
-11
-11
-12
-11
-12
-12
-12
-12
-12
-12
-12
-13
-12
-13
-13
-12
-13
-13
-13
-13
-13
-13
-13
-13
-13
-13
-14
-12
-13
-13
-12
-11
-11
-11
-9
-9
-8
-7
-6
-5
-5
-4
-3
-2
-1
-1
0
0
2
2
3
3
3
4
4
4
5
0
6
6
6
6
6
6
6
6
6
5
5
5
5
5
4
4
4
3
3
2
2
1
1
1
0
0
0
-1
-2
-2
-2
-3
-3
-4
-4
-4
-5
-5
-5
-5
-6
-6
-6
-7
-7
-8
-8
-8
-9
-9
-8
-8
-9
-9
-9
-9
-9
-9
-10
-10
-9
-10
-10
-10
-11
-11
-10
-10
-11
-11
-10
-10
-11
-11
-10
-11
-11
-10
-10
-11
-10
-11
-11
-11
-11
-11
-11
-11
-11
-11
-11
-11
-12
-11
-11
-12
-11
-12
-12
-11
-12
-12
-12
-12
-13
-12
-12
-13
-12
-12
-13
-12
-13
-13
-13
-13
-13
-13
-13
-13
-12
-13
-13
-12
-12
-12
-11
-11
-10
-10
-9
-8
-8
-7
-5
-4
-4
-3
-3
-1
0
1
1
2
3
3
5
5
6
6
6
7
7
7
8
8
8
8
0
9
9
9
9
9
9
9
9
8
8
8
8
8
6
6
5
5
5
4
4
3
3
2
2
2
1
1
1
0
-1
-2
-2
-3
-2
-3
-3
-4
-4
-4
-5
-5
-5
-5
-5
-6
-6
-7
-7
-7
-8
-7
-7
-8
-8
-8
-8
-9
-9
-9
-9
-9
-9
-9
-9
-9
-9
-9
-9
-9
-10
-10
-9
-10
-10
-10
-10
-10
-11
-10
-10
-11
-10
-10
-11
-11
-11
-11
-12
-11
-11
-12
-11
-11
-12
-11
-12
-12
-12
-12
-12
-12
-12
-12
-12
-12
-13
-13
-13
-13
-13
-13
-13
-13
-13
-13
-14
-13
-13
-14
-12
-13
-13
-12
-11
-11
-10
-10
-9
-8
-6
-6
-5
-5
-3
-2
-2
-1
-1
0
2
2
3
3
3
4
4
4
5
6
6
7
7
7
7
7
0
8
7
7
7
7
7
7
7
6
6
6
6
6
5
5
4
4
4
3
2
1
1
0
0
0
-1
-1
-1
-2
-2
-2
-3
-3
-3
-4
-4
-4
-4
-5
-5
-5
-6
-6
-6
-6
-7
-7
-7
-7
-7
-7
-8
-8
-8
-9
-9
-9
-8
-9
-9
-9
-9
-10
-9
-9
-9
-9
-10
-9
-10
-10
-10
-10
-10
-10
-9
-10
-10
-11
-10
-10
-11
-10
-10
-11
-11
-10
-10
-11
-11
-11
-11
-10
-11
-11
-10
-11
-11
-12
-11
-12
-12
-11
-12
-12
-11
-12
-12
-12
-12
-13
-13
-12
-13
-13
-12
-13
-13
-12
-12
-12
-11
-11
-11
-10
-9
-8
-8
-8
-6
-5
-5
-4
-2
-2
-1
-1
0
0
2
2
2
3
3
3
4
4
4
5
5
6
6
6
0
7
7
7
7
7
7
7
7
7
6
6
6
6
5
5
4
4
4
3
3
2
1
1
0
0
-1
-1
-1
-2
-2
-2
-2
-3
-3
-3
-3
-4
-4
-4
-4
-4
-5
-5
-5
-5
-5
-6
-6
-6
-6
-7
-7
-7
-7
-8
-8
-8
-8
-7
-8
-8
-8
-8
-8
-9
-8
-8
-9
-9
-9
-8
-8
-9
-9
-8
-8
-9
-9
-8
-9
-9
-9
-9
-9
-9
-9
-9
-9
-10
-9
-9
-10
-10
-9
-10
-10
-10
-10
-10
-11
-10
-10
-11
-11
-10
-11
-11
-11
-10
-11
-11
-11
-10
-11
-11
-10
-9
-9
-9
-8
-7
-6
-6
-6
-4
-4
-3
-2
-2
-2
0
0
1
1
1
2
2
2
3
4
4
4
4
4
0
5
4
4
4
4
4
4
4
3
3
3
3
3
2
2
1
2
2
1
1
0
0
0
-1
-1
-2
-2
-2
-2
-3
-3
-3
-3
-3
-4
-4
-4
-5
-4
-5
-5
-6
-6
-6
-6
-7
-7
-7
-7
-8
-8
-8
-7
-7
-8
-8
-8
-8
-8
-8
-7
-7
-7
-8
-8
-8
-7
-8
-8
-8
-8
-7
-8
-8
-8
-8
-8
-8
-9
-8
-8
-9
-9
-8
-9
-9
-10
-9
-9
-10
-9
-9
-10
-10
-9
-9
-10
-10
-10
-10
-10
-11
-10
-10
-10
-11
-10
-10
-10
-10
-10
-11
-11
-10
-11
-10
-11
-10
-10
-10
-9
-8
-8
-7
-7
-6
-5
-4
-4
-3
-2
-2
0
0
1
1
1
2
2
2
4
4
4
5
5
5
5
5
0
6
6
6
6
6
6
6
6
6
6
6
6
6
5
5
5
5
4
4
3
3
3
2
2
2
1
1
1
0
-1
-2
-1
-2
-2
-3
-3
-3
-4
-4
-4
-4
-5
-5
-5
-5
-5
-6
-6
-6
-6
-6
-6
-6
-6
-7
-7
-7
-7
-7
-7
-7
-7
-7
-8
-8
-8
-7
-7
-8
-8
-8
-8
-8
-8
-9
-9
-8
-8
-8
-9
-8
-9
-9
-9
-9
-9
-9
-10
-9
-9
-9
-10
-9
-10
-10
-9
-10
-10
-10
-10
-10
-10
-10
-10
-11
-11
-10
-11
-11
-11
-10
-11
-11
-11
-10
-10
-11
-10
-11
-10
-11
-10
-10
-10
-9
-9
-8
-8
-7
-6
-5
-5
-4
-3
-3
-1
-1
0
0
1
1
1
3
3
3
4
4
4
4
5
5
5
5
5
0
6
6
6
6
6
6
6
6
6
6
6
6
5
5
5
4
4
4
3
3
2
2
2
1
1
1
0
0
0
0
-1
-1
-2
-3
-3
-3
-4
-4
-4
-4
-5
-5
-5
-5
-6
-6
-6
-6
-6
-7
-7
-7
-7
-8
-8
-7
-7
-8
-8
-8
-8
-9
-9
-8
-8
-8
-9
-9
-8
-9
-9
-9
-9
-9
-9
-9
-9
-9
-9
-9
-10
-9
-10
-10
-10
-9
-10
-10
-9
-9
-10
-10
-10
-9
-10
-10
-10
-10
-10
-10
-10
-10
-10
-10
-10
-10
-10
-10
-11
-11
-10
-11
-11
-10
-10
-10
-11
-10
-10
-10
-10
-9
-9
-9
-9
-8
-7
-7
-7
-5
-5
-4
-4
-3
-2
-1
0
0
0
1
1
1
3
3
3
3
4
4
4
4
0
5
5
5
5
5
5
5
5
5
5
5
5
5
4
4
4
4
3
3
3
2
2
1
1
1
0
0
0
0
-1
-1
-2
-2
-2
-3
-2
-3
-3
-3
-4
-4
-4
-4
-4
-5
-5
-5
-5
-5
-6
-6
-6
-6
-6
-6
-6
-6
-6
-6
-7
-6
-6
-7
-7
-7
-7
-8
-8
-7
-7
-7
-8
-8
-7
-8
-8
-8
-9
-8
-8
-8
-8
-8
-8
-8
-8
-8
-8
-9
-9
-8
-8
-9
-9
-8
-9
-9
-9
-9
-9
-9
-10
-9
-9
-9
-10
-9
-9
-9
-10
-9
-10
-9
-10
-9
-10
-10
-10
-10
-10
-10
-10
-10
-10
-10
-10
-9
-9
-9
-9
-8
-7
-6
-6
-6
-4
-4
-3
-3
-2
-2
0
0
1
1
1
2
2
2
3
4
4
4
0
5
5
5
5
5
5
5
5
5
5
5
5
4
4
4
4
3
3
3
2
2
1
1
1
1
0
0
0
-1
-1
-1
-1
-2
-2
-2
-3
-3
-3
-4
-4
-4
-4
-4
-5
-5
-5
-5
-5
-5
-5
-6
-6
-6
-6
-6
-6
-7
-7
-7
-7
-7
-7
-7
-8
-8
-8
-7
-7
-7
-8
-8
-8
-8
-8
-8
-9
-9
-8
-8
-9
-9
-8
-8
-8
-9
-8
-8
-9
-9
-8
-9
-9
-9
-8
-9
-9
-10
-9
-9
-10
-10
-9
-10
-10
-10
-9
-10
-10
-10
-9
-10
-10
-9
-10
-10
-10
-10
-10
-10
-10
-10
-10
-10
-10
-9
-10
-10
-10
-9
-9
-9
-9
-8
-8
-7
-7
-6
-5
-5
-4
-3
-3
-1
-1
0
1
1
2
2
3
3
5
5
6
6
6
0
7
7
7
7
7
7
7
7
7
7
7
7
7
7
7
7
6
5
5
5
4
4
4
4
3
3
2
2
2
1
1
1
1
0
0
0
0
-2
-2
-2
-2
-3
-3
-3
-4
-4
-4
-4
-5
-5
-5
-5
-6
-6
-6
-6
-6
-6
-6
-7
-7
-7
-7
-8
-8
-7
-7
-8
-8
-8
-8
-7
-8
-8
-8
-8
-8
-8
-8
-8
-8
-8
-8
-8
-9
-9
-8
-8
-9
-9
-8
-9
-9
-9
-9
-9
-9
-9
-9
-9
-10
-9
-10
-10
-10
-10
-10
-10
-11
-10
-10
-10
-10
-10
-11
-11
-10
-11
-11
-11
-11
-11
-11
-10
-10
-11
-11
-10
-10
-10
-10
-9
-9
-8
-8
-6
-6
-5
-5
-4
-2
-2
-1
-1
0
0
0
2
3
3
3
3
4
4
4
4
4
4
4
5
5
5
0
6
6
6
6
6
6
6
6
6
5
5
5
5
3
3
2
2
1
1
1
0
0
0
-1
-1
-2
-2
-2
-3
-3
-3
-4
-4
-4
-4
-4
-4
-5
-5
-5
-5
-5
-6
-6
-6
-6
-6
-7
-7
-7
-7
-7
-7
-6
-6
-6
-6
-6
-6
-7
-7
-6
-6
-7
-7
-7
-7
-6
-7
-7
-7
-8
-7
-7
-8
-8
-8
-8
-8
-8
-8
-7
-8
-8
-9
-7
-8
-8
-9
-8
-8
-9
-9
-8
-8
-9
-9
-8
-9
-9
-9
-9
-9
-9
-9
-10
-9
-9
-9
-9
-9
-9
-9
-9
-9
-9
-9
-9
-9
-9
-8
-9
-9
-8
-8
-7
-7
-7
-5
-5
-5
-4
-4
-3
-2
-1
0
0
1
1
2
2
3
3
4
4
4
0
4
5
5
5
5
5
5
5
5
5
5
5
5
4
4
4
3
4
3
3
3
2
2
2
1
1
0
0
0
-1
-1
-1
-1
-2
-2
-2
-2
-3
-3
-4
-3
-4
-4
-4
-4
-4
-4
-4
-4
-5
-5
-5
-5
-6
-5
-6
-6
-6
-6
-7
-7
-7
-6
-6
-6
-6
-6
-6
-7
-7
-6
-7
-7
-7
-7
-7
-7
-7
-7
-7
-7
-7
-7
-7
-7
-7
-7
-7
-8
-7
-7
-7
-8
-8
-7
-7
-8
-8
-8
-8
-8
-9
-9
-8
-8
-9
-9
-8
-8
-9
-9
-9
-8
-9
-9
-10
-8
-8
-8
-9
-9
-7
-7
-7
-6
-6
-5
-5
-4
-3
-3
-3
-2
-1
-1
0
0
0
1
1
1
1
2
3
3
3
3
3
0
4
4
4
4
4
4
4
4
4
4
3
3
3
3
2
1
2
1
0
0
0
0
0
0
0
-1
-1
-1
-1
-2
-2
-3
-2
-3
-3
-3
-4
-4
-4
-4
-5
-4
-5
-5
-5
-5
-5
-6
-6
-6
-6
-6
-6
-6
-6
-6
-6
-6
-6
-6
-6
-7
-7
-7
-6
-7
-7
-7
-7
-8
-7
-7
-7
-7
-8
-7
-7
-8
-8
-8
-8
-8
-8
-8
-7
-8
-8
-8
-8
-8
-8
-9
-8
-8
-9
-9
-9
-8
-9
-9
-9
-8
-8
-9
-9
-8
-8
-8
-8
-9
-8
-8
-9
-9
-8
-8
-8
-9
-9
-8
-8
-8
-8
-7
-7
-6
-6
-5
-5
-3
-3
-3
-2
-1
-1
0
1
1
2
2
2
3
3
