179
219
166
227
179
202
207
175
226
179
215
183
210
191
199
210
179
223
170
226
187
199
219
175
235
179
219
194
206
211
195
219
186
226
182
226
198
194
231
175
239
187
219
203
203
226
194
226
191
227
191
223
211
194
234
178
243
191
219
218
195
239
194
230
198
227
202
219
222
194
238
186
246
198
218
231
191
247
194
235
206
227
214
214
231
199
242
191
246
207
215
242
191
255
199
239
214
227
230
214
239
203
246
198
247
218
215
247
195
259
203
239
222
222
243
214
247
211
250
206
247
230
214
255
198
262
210
243
234
218
255
214
251
215
250
218
247
238
218
262
203
267
218
243
246
218
262
218
255
223
254
227
243
251
219
267
211
271
226
242
254
215
271
222
259
230
255
239
243
259
226
270
218
275
234
242
266
218
278
226
267
238
254
250
243
263
231
275
223
274
242
243
274
222
286
230
267
246
255
263
243
271
238
279
231
278
251
247
283
227
291
238
275
255
258
274
247
279
242
283
239
283
259
250
290
230
298
242
279
263
259
283
251
286
250
287
246
282
267
251
294
235
303
250
279
271
258
291
254
291
254
291
254
287
275
258
299
243
310
254
286
279
263
299
259
295
262
295
262
291
283
263
306
250
315
262
290
286
266
306
262
302
266
303
270
295
290
266
310
254
318
267
295
294
271
314
267
307
271
307
274
302
294
271
319
258
326
271
303
298
279
319
275
315
279
314
279
306
299
278
322
266
330
279
307
302
283
322
279
318
282
318
282
314
303
286
331
270
335
282
314
307
294
327
286
326
286
326
287
322
307
291
334
275
343
287
322
307
303
331
295
331
294
334
294
334
314
302
343
283
350
295
331
314
315
334
306
338
298
343
294
343
314
310
347
290
354
299
338
315
323
334
311
343
303
350
299
350
315
319
350
298
362
306
347
319
335
331
322
347
310
355
302
359
318
330
351
307
367
310
354
323
347
331
334
350
315
363
307
370
322
342
350
318
371
319
362
326
359
331
350
350
323
371
311
379
327
354
351
330
371
327
366
330
367
330
366
351
331
378
318
386
331
366
350
347
371
339
374
334
379
331
378
350
346
383
323
391
334
375
351
362
367
351
379
339
387
335
391
350
359
386
335
398
342
382
351
375
362
363
382
346
395
339
398
351
375
382
350
402
350
390
355
390
358
383
382
355
403
342
410
354
390
379
367
402
359
398
362
403
359
403
382
371
411
351
418
363
402
379
387
398
378
406
366
415
363
418
379
386
410
363
426
367
411
378
406
390
395
406
375
422
366
430
379
403
407
379
426
378
422
383
419
382
418
403
386
431
371
438
379
419
398
402
418
391
427
387
430
383
435
398
402
434
378
446
386
431
398
423
411
411
426
394
442
383
447
398
423
427
399
447
398
439
403
439
402
438
422
406
451
390
459
399
439
419
423
438
415
446
406
451
399
454
418
426
451
399
463
406
450
419
446
426
435
443
414
462
402
470
415
447
439
423
462
419
459
419
463
418
462
435
430
467
410
479
419
463
434
451
447
438
462
422
475
415
479
431
454
462
427
482
427
471
434
470
434
466
458
438
482
419
490
434
474
450
458
470
447
482
438
487
434
491
451
466
482
438
499
442
487
450
487
454
479
475
450
498
438
507
450
490
470
467
490
459
495
454
502
447
506
467
474
498
451
511
454
502
463
499
471
490
490
463
514
451
522
462
502
483
483
502
471
507
467
515
463
519
478
491
511
467
526
470
515
478
514
483
506
502
478
527
463
535
474
518
494
499
515
490
523
479
530
475
534
487
510
519
483
539
483
530
490
530
490
527
511
495
539
478
551
486
534
503
526
515
514
531
494
547
487
554
498
531
523
511
542
502
543
502
547
498
551
515
522
546
499
563
502
550
511
547
515
542
534
514
563
499
571
511
554
527
539
539
530
555
515
566
507
570
518
550
547
527
567
523
566
522
571
522
574
538
543
574
518
586
526
575
538
571
543
567
563
538
587
522
595
531
575
550
563
563
554
579
539
591
531
598
542
574
571
550
591
547
590
546
591
543
594
559
567
591
539
606
546
595
554
591
559
590
578
558
607
543
615
551
599
570
587
583
575
599
559
614
550
622
562
598
587
579
607
571
611
567
618
563
623
575
595
611
567
626
570
619
578
619
575
619
594
587
627
567
638
574
622
587
618
595
610
614
582
638
570
643
582
626
603
611
618
599
631
587
642
582
647
595
627
623
602
639
595
642
594
647
591
651
607
623
643
595
655
598
647
606
647
607
646
626
614
654
595
667
602
655
618
650
623
642
642
614
667
603
679
614
662
631
651
647
638
662
622
679
614
683
626
663
650
646
670
635
675
627
682
623
686
635
663
667
638
686
635
683
639
686
635
690
651
663
683
635
698
639
690
646
687
646
686
662
658
695
634
706
643
695
654
690
658
686
679
658
707
642
718
651
703
667
694
675
683
695
662
718
647
723
659
706
679
695
694
683
707
666
722
658
731
667
710
691
691
710
682
718
671
730
667
734
679
714
707
691
726
687
726
682
735
674
739
687
718
718
694
739
687
735
690
742
686
746
699
719
730
694
750
695
742
699
747
694
750
711
722
743
698
759
698
751
706
754
703
755
719
727
755
703
771
706
758
714
758
714
758
731
731
767
706
779
715
770
726
770
726
770
747
739
782
718
794
727
778
734
779
738
775
759
746
787
723
799
730
786
742
783
746
778
767
750
798
730
806
739
794
751
791
754
787
774
758
803
738
815
747
798
758
795
762
790
782
763
811
746
819
754
806
766
803
770
799
790
770
822
755
831
762
818
775
814
778
811
799
782
830
763
839
770
826
783
823
786
818
806
791
834
771
847
779
834
787
830
790
831
811
799
843
778
851
786
842
795
842
795
838
814
810
846
787
862
794
847
802
847
803
851
818
823
850
798
867
802
858
810
858
807
859
823
835
854
807
870
810
863
814
867
811
871
827
846
858
822
875
819
871
823
874
818
883
831
859
858
835
879
830
878
827
887
822
894
835
874
859
854
878
843
886
835
895
830
902
839
886
862
870
878
859
890
843
907
838
918
851
903
870
895
883
886
903
863
923
850
931
859
915
875
911
882
906
898
879
927
859
939
867
926
875
922
879
923
894
898
926
874
942
875
931
882
934
878
939
890
914
923
894
939
887
938
886
946
878
951
891
934
914
918
931
906
943
894
958
886
967
895
950
914
942
926
931
942
911
966
894
975
903
963
918
959
918
958
935
934
967
911
983
915
971
919
975
919
978
930
958
962
934
979
927
979
926
987
918
995
927
975
950
959
966
951
979
934
999
922
1006
934
991
947
983
954
978
971
954
999
935
1014
942
999
950
999
946
1003
963
979
994
958
1010
954
1006
954
1015
946
1022
958
1002
982
987
999
979
1010
963
1026
954
1035
962
1022
978
1015
982
1010
999
986
1031
962
1042
970
1031
979
1031
978
1035
991
1014
1019
990
1038
987
1035
982
1047
978
1054
986
1038
1010
1027
1026
1022
1046
1003
1070
995
1079
1007
1066
1019
1062
1019
1062
1035
1039
1066
1015
1083
1015
1074
1019
1078
1014
1086
1023
1067
1046
1050
1066
1039
1075
1026
1090
1015
1099
1026
1083
1039
1079
1042
1075
1058
1050
1087
1027
1102
1030
1091
1035
1095
1031
1099
1042
1082
1066
1062
1087
1054
1095
1042
1111
1035
1118
1046
1103
1059
1099
1066
1098
1083
1074
1114
1051
1126
1055
1119
1063
1123
1059
1127
1070
1110
1095
1091
1111
1082
1119
1071
1135
1059
1146
1070
1130
1082
1126
1086
1127
1103
1103
1135
1079
1147
1079
1139
1082
1146
1078
1154
1087
1138
1106
1122
1118
1114
1131
1094
1158
1079
1166
1090
1154
1099
1151
1094
1158
1107
1134
1134
1118
1151
1111
1155
1099
1167
1090
1178
1099
1163
1115
1159
1118
1159
1131
1135
1162
1114
1178
1114
1171
1111
1179
1106
1187
1114
1170
1135
1162
1146
1155
1159
1135
1187
1118
1199
1123
1187
1130
1187
1123
1194
1135
1178
1159
1162
1175
1155
1186
1138
1206
1126
1211
1135
1199
1146
1202
1147
1207
1166
1191
1195
1174
1218
1171
1223
1167
1238
1158
1246
1170
1234
1183
1231
1186
1230
1202
1207
1230
1186
1243
1183
1243
1179
1250
1175
1258
1183
1243
1199
1239
1203
1238
1219
1215
1247
1195
1258
1191
1254
1190
1258
1186
1266
1194
1251
1210
1242
1214
1239
1230
1219
1258
1199
1271
1198
1263
1199
1267
1195
1279
1203
1262
1222
1255
1230
1250
1246
1230
1275
1210
1290
1214
1279
1219
1287
1215
1294
1223
1279
1242
1270
1250
1267
1266
1247
1295
1227
1307
1230
1295
1235
1303
1231
1311
1238
1295
1258
1286
1267
1283
1278
1262
1306
1242
1319
1247
1310
1247
1314
1242
1323
1251
1310
1267
1299
1275
1298
1287
1275
1315
1258
1326
1258
1319
1255
1327
1250
1334
1258
1322
1274
1315
1279
1314
1291
1291
1322
1274
1334
1271
1330
1266
1339
1258
1346
1270
1334
1282
1331
1283
1330
1298
1310
1323
1291
1339
1287
1338
1282
1354
1270
1362
1279
1350
1291
1346
1290
1351
1302
1334
1327
1315
1343
1310
1350
1299
1366
1287
1375
1295
1362
1303
1363
1299
1370
1311
1355
1331
1343
1347
1342
1362
1330
1390
1318
1406
1326
1399
1334
1406
1331
1414
1342
1403
1363
1399
1371
1398
1386
1382
1414
1363
1426
1363
1422
1359
1435
1350
1439
1358
1426
1371
1423
1370
1430
1379
1410
1402
1394
1415
1391
1423
1375
1442
1363
1451
1367
1438
1371
1438
1367
1447
1371
1430
1390
1422
1394
1418
1407
1399
1430
1383
1443
1379
1442
1374
1451
1367
1459
1379
1446
1390
1446
1387
1451
1399
1435
1419
1423
1434
1419
1443
1406
1467
1390
1475
1394
1467
1398
1470
1394
1482
1402
1466
1419
1463
1422
1462
1435
1443
1459
1426
1475
1426
1475
1415
1490
1407
1499
1415
1486
1422
1486
1418
1495
1427
1483
1443
1470
1451
1470
1462
1450
1486
1431
1498
1434
1494
1430
1506
1418
1514
1427
1499
1438
1498
1438
1507
1446
1491
1462
1479
1475
1475
1483
1458
1507
1443
1518
1442
1511
1443
1518
1435
1527
1446
1515
1458
1514
1454
1523
1466
1507
1483
1495
1495
1491
1506
1478
1530
1462
1539
1466
1531
1463
1542
1459
1551
1467
1538
1479
1535
1478
1543
1486
1531
1506
1518
1514
1515
1526
1503
1547
1487
1559
1486
1554
1486
1566
1478
1575
1486
1563
1502
1566
1502
1579
1514
1567
1534
1563
1546
1566
1563
1555
1583
1539
1598
1539
1599
1534
1615
1527
1623
1538
1615
1542
1618
1543
1626
1551
1614
1563
1610
1566
1614
1574
1599
1595
1586
1606
1582
1611
1570
1630
1554
1638
1558
1630
1555
1635
1547
1643
1555
1630
1563
1626
1558
1634
1566
1618
1583
1610
1587
1610
1595
1595
1615
1578
1626
1578
1626
1570
1643
1558
1650
1562
1639
1566
1643
1562
1654
1571
1642
1582
1639
1583
1646
1591
1635
1610
1622
1619
1623
1626
1610
1646
1594
1659
1594
1655
1591
1671
1582
1679
1587
1667
1594
1671
1590
1678
1599
1666
1614
1662
1611
1666
1618
1655
1639
1642
1646
1643
1654
1630
1679
1615
1686
1618
1683
1614
1695
1603
1703
1611
1691
1619
1694
1615
1703
1623
1690
1639
1690
1638
1695
1646
1678
1667
1670
1675
1670
1683
1658
1706
1642
1714
1646
1711
1642
1722
1634
1730
1639
1718
1646
1723
1642
1735
1650
1722
1663
1722
1662
1726
1670
1714
1690
1706
1694
1707
1703
1691
1723
1679
1734
1679
1734
1674
1750
1663
1758
1671
1746
1671
1755
1667
1767
1678
1759
1690
1762
1687
1774
1699
1766
1718
1766
1719
1774
1730
1763
1747
1755
1755
1758
1762
1747
1779
1738
1790
1739
1791
1734
1806
1723
1814
1727
1803
1727
1814
1723
1823
1727
1810
1734
1814
1730
1822
1738
1810
1747
1810
1743
1814
1747
1803
1762
1794
1766
1794
1771
1783
1786
1771
1791
1770
1795
1763
1814
1750
1823
1751
1818
1747
1831
1738
1838
1747
1826
1750
1835
1743
1843
1751
1834
1759
1834
1758
1842
1767
1834
1778
1831
1778
1838
1783
1827
1802
1818
1807
1823
1811
1810
1830
1799
1839
1803
1842
1795
1859
1783
1866
1790
1859
1787
1874
1778
1878
1786
1870
1787
1875
1786
1883
1791
1871
1803
1875
1799
1882
1806
1874
1818
1870
1818
1874
1826
1863
1839
1859
1846
1859
1851
1850
1867
1842
1875
1843
1878
1834
1898
1827
1903
1830
1899
1826
1910
1818
1919
1827
1910
1826
1915
1822
1927
1830
1915
1838
1915
1835
1927
1843
1915
1854
1915
1851
1922
1859
1914
1871
1907
1875
1911
1878
1902
1895
1895
1902
1898
1907
1890
1923
1879
1930
1883
1931
1878
1947
1871
1955
1874
1951
1875
1967
1874
1975
1883
1971
1887
1978
1886
1990
1894
1982
1903
1986
1899
1995
1906
1986
1914
1986
1911
1990
1914
1983
1927
1978
1926
1986
1930
1974
1943
1970
1943
1974
1950
1963
1963
1958
1967
1959
1967
1954
1983
1943
1987
1946
1986
1939
1999
1930
2003
1934
1999
1930
2014
1923
2018
1930
2010
1930
2023
1927
2031
1931
2019
1935
2027
1934
2034
1938
2027
1947
2031
1943
2038
1951
2030
1958
2031
1959
2038
1963
2031
1975
2031
1974
2038
1979
2027
1991
2026
1990
2031
1995
2023
2007
2018
2010
2022
2014
2015
2027
2007
2034
2010
2038
2007
2051
1998
2059
2002
2055
1999
2067
1990
2074
1994
2067
1994
2083
1986
2086
1994
2078
1994
2090
1990
2095
1999
2087
1999
2094
1998
2102
2002
2091
2011
2095
2007
2107
2011
2095
2022
2098
2018
2107
2023
2099
2035
2099
2030
2106
2034
2102
2046
2099
2046
2107
2050
2098
2063
2094
2062
2102
2066
2094
2079
2091
2082
2094
2082
2091
2095
2083
2099
2090
2103
2086
2114
2078
2119
2083
2118
2083
2131
2075
2139
2079
2134
2082
2151
2075
2159
2082
2154
2083
2167
2079
2175
2086
2170
2091
2182
2087
2191
2094
2182
2095
2191
2091
2198
2098
2187
2098
2195
2095
2199
2099
2190
2098
2194
2094
2202
2099
2191
2103
2194
2098
2203
2103
2191
2106
2194
2103
2203
2107
2194
2115
2198
2110
2206
2115
2199
2122
2199
2119
2210
2123
2202
2134
2206
2130
2215
2135
2211
2146
2211
2142
2219
2147
2215
2155
2214
2154
2223
2154
2219
2167
2218
2166
2227
2167
2219
2178
2218
2175
2226
2175
2222
2187
2222
2187
2227
2187
2222
2198
2222
2195
2231
2198
2226
2207
2223
2206
2231
2206
2226
2219
2227
2218
2234
2218
2227
2227
2226
2231
2234
2230
2231
2239
2230
2242
2238
2239
2235
2251
2234
2250
2238
2250
2239
2258
2234
2262
2243
2258
2239
2266
2239
2270
2243
2267
2243
2278
2243
2279
2247
2278
2250
2286
2246
2290
2250
2287
2254
2294
2250
2298
2255
2295
2258
2302
2254
2306
2263
2302
2263
2310
2259
2314
2267
2307
2267
2318
2266
2318
2271
2314
2275
2323
2271
2327
2278
2322
2278
2330
2275
2335
2282
2327
2287
2338
2283
2339
2291
2334
2295
2342
2291
2346
2302
2343
2307
2355
2303
2359
2314
2355
2315
2362
2315
2366
2323
2363
2326
2367
2326
2370
2330
2363
2331
2367
2327
2371
2335
2362
2334
2367
2334
2366
2339
2363
2342
2370
2342
2371
2351
2363
2350
2371
2351
2370
2358
2366
2359
2371
2358
2371
2370
2370
2371
2374
2370
2374
2382
2370
2379
2378
2382
2378
2391
2374
2394
2382
2394
2379
2403
2375
2403
2383
2406
2379
2415
2378
2415
2386
2419
2379
2427
2378
2427
2387
2431
2383
2442
2379
2439
2386
2439
2383
2451
2379
2450
2386
2450
2382
2462
2383
2458
2390
2463
2386
2474
2386
2470
2390
2470
2386
2483
2387
2479
2390
2482
2386
2490
2390
2487
2394
2490
2390
2499
2395
2495
2399
2498
2394
2510
2399
2499
2402
2506
2399
2514
2407
2507
2410
2515
2406
2523
2414
2511
2419
2523
2415
2526
2422
2519
2430
2526
2427
2531
2435
2522
2439
2530
2442
2530
2450
2522
2454
2530
2455
2530
2463
2522
2471
2527
2471
2523
2479
2519
2486
2523
2487
2522
2498
2514
2503
2514
2503
2515
2514
2507
2518
2510
2522
2507
2534
2503
2535
2510
2538
2506
2551
2503
2554
2510
2559
2506
2571
2503
2571
2510
2575
2506
2586
2506
2587
2511
2590
2506
2599
2506
2594
2507
2598
2502
2606
2502
2598
2503
2603
2499
2615
2503
2607
2507
2615
2506
2622
2511
2611
2514
2623
2511
2626
2519
2618
2523
2626
2522
2630
2530
2619
2538
2626
2538
2627
2547
2619
2554
2623
2555
2623
2566
2615
2574
2615
2575
2615
2590
2606
2595
2606
2599
2607
2611
2595
2615
2599
2618
2594
2630
2590
2634
2595
2639
2587
2650
2582
2651
2591
2654
2582
2667
2579
2667
2583
2671
2579
2679
2579
2675
2583
2682
2578
2690
2579
2683
2583
2690
2582
2702
2586
2691
2591
2702
2590
2706
2598
2694
2603
2703
2603
2703
2611
2695
2623
2699
2623
2699
2634
2687
2643
2691
2647
2683
2662
2678
2666
2675
2671
2670
2686
2662
2690
2667
2694
2659
2706
2654
2711
2658
2714
2651
2730
2646
2727
2650
2731
2642
2746
2642
2739
2643
2746
2642
2758
2642
2751
2647
2759
2646
2762
2650
2754
2654
2763
2655
2767
2662
2754
2671
2762
2675
2759
2683
2750
2694
2751
2698
2746
2711
2735
2719
2734
2726
2731
2739
2719
2743
2723
2751
2714
2766
2710
2770
2714
2775
2706
2790
2702
2790
2707
2794
2703
2810
2702
2807
2706
2814
2703
2823
2707
2815
2706
2822
2707
2826
2714
2815
2722
2823
2722
2819
2734
2807
2742
2811
2747
2806
2762
2795
2770
2790
2778
2783
2794
2775
2798
2774
2806
2767
2822
2759
2822
2762
2830
2754
2842
2750
2843
2750
2846
2743
2859
2746
2854
2747
2862
2747
2871
2751
2862
2759
2871
2762
2870
2770
2862
2782
2863
2786
2858
2799
2846
2810
2843
2819
2838
2831
2823
2839
2826
2850
2814
2863
2807
2871
2807
2874
2798
2890
2795
2890
2795
2894
2790
2907
2794
2903
2794
2910
2794
2915
2798
2907
2807
2915
2810
2914
2819
2903
2831
2903
2839
2895
2854
2882
2862
2878
2874
2870
2890
2859
2894
2859
2907
2846
2918
2842
2923
2843
2926
2834
2942
2834
2939
2834
2946
2830
2955
2835
2947
2839
2955
2842
2954
2851
2943
2862
2946
2871
2939
2883
2926
2895
2919
2906
2910
2923
2899
2931
2899
2942
2886
2958
2878
2959
2879
2963
2870
2979
2871
2978
2871
2983
2866
2994
2871
2986
2879
2994
2882
2991
2894
2979
2903
2979
2910
2975
2927
2958
2939
2955
2950
2942
2966
2930
2974
2930
2986
2918
2998
2911
3002
2911
3011
2906
3023
2906
3018
2907
3030
2911
3035
2919
3026
2926
3030
2931
3026
2946
3014
2959
3006
2970
2994
2987
2979
2994
2975
3007
2966
3023
2955
3030
2954
3038
2946
3050
2942
3047
2942
3054
2939
3063
2942
3054
2951
3063
2955
3059
2966
3047
2982
3042
2991
3031
3007
3019
3018
3014
3031
2999
3047
2990
3058
2987
3067
2979
3078
2975
3079
2974
3087
2970
3095
2974
3090
2983
3095
2987
3094
2998
3078
3015
3075
3026
3062
3043
3047
3054
3042
3067
3031
3083
3018
3094
3018
3103
3007
3114
3002
3114
3002
3122
3003
3130
3007
3119
3018
3126
3026
3118
3038
3103
3054
3098
3066
3083
3087
3067
3098
3063
3110
3050
3127
3043
3130
3038
3138
3031
3150
3030
3147
3035
3158
3035
3159
3047
3146
3059
3146
3070
3138
3086
3119
3102
3111
3115
3098
3135
3087
3143
3083
3154
3071
3170
3066
3170
3063
3179
3059
3187
3063
3178
3070
3187
3079
3182
3094
3166
3106
3159
3122
3147
3139
3131
3150
3126
3166
3111
3182
3103
3190
3098
3199
3091
3210
3091
3206
3090
3214
3095
3219
3106
3206
3122
3202
3131
3194
3151
3175
3166
3167
3182
3151
3202
3139
3211
3138
3223
3126
3238
3122
3235
3123
3247
3123
3250
3127
3239
3143
3242
3150
3230
3170
3214
3183
3202
3202
3187
3218
3171
3231
3167
3243
3155
3259
3150
3259
3146
3267
3146
3275
3150
3266
3162
3267
3170
3262
3190
3242
3206
3230
3223
3218
3243
3198
3255
3194
3266
3182
3283
3175
3283
3170
3295
3171
3303
3178
3290
3187
3294
3198
3286
3215
3266
3230
3255
3250
3239
3267
3222
3282
3218
3294
3206
3310
3199
3310
3194
3318
3195
3326
3199
3314
3214
3315
3222
3306
3239
3286
3255
3278
3275
3263
3294
3247
3307
3242
3319
3226
3335
3222
3334
3218
3343
3218
3350
3227
3339
3239
3338
3250
3331
3271
3310
3287
3298
3306
3282
3323
3266
3334
3262
3347
3250
3362
3246
3363
3246
3374
3246
3374
3255
3363
3270
3359
3282
3347
3302
3327
3319
3318
3338
3303
3355
3286
3366
3282
3379
3271
3390
1
1
1
0
0
0
0
0
0
1
1
1
1
0
0
1
1
1
1
1
1
1
0
0
0
0
1
1
0
1
1
1
1
0
1
1
1
1
1
1
1
1
0
0
0
0
2
1
1
1
1
2
2
2
2
2
3
3
3
2
2
2
2
2
1
1
1
1
1
0
0
0
0
0
0
0
0
-1
-1
-1
-1
0
0
0
0
0
0
0
0
-1
0
0
0
0
-1
-1
-1
-1
-1
-1
-1
-1
0
0
0
0
0
0
0
0
0
0
0
0
0
0
0
0
0
0
0
0
0
1
0
0
0
0
0
0
0
0
0
0
0
0
-1
0
0
0
0
0
0
0
1
1
1
1
0
0
0
1
1
1
1
1
1
0
0
0
0
1
1
1
0
0
0
0
0
0
0
0
0
0
0
0
0
0
0
0
0
0
0
0
0
0
1
1
1
1
1
1
1
1
1
1
1
1
1
0
0
0
0
0
0
0
0
0
0
0
0
0
0
0
0
0
0
0
0
0
0
1
1
1
0
0
0
0
0
0
1
1
1
1
0
0
0
1
1
1
1
1
1
0
0
0
0
0
0
1
1
1
1
1
2
2
2
2
2
2
2
2
1
2
2
2
2
1
1
1
1
1
1
1
1
1
0
0
-1
0
-1
-1
-1
-1
-1
-1
-1
-1
-1
-1
-1
0
-1
0
-1
-1
-1
-1
-1
-1
-1
-1
-1
-1
-1
-1
-1
0
0
0
0
0
0
-1
0
0
0
0
0
0
0
-1
0
0
0
0
1
0
0
0
0
0
-1
0
1
0
0
-1
-1
0
0
0
0
0
0
1
0
0
0
0
1
1
0
0
0
0
0
0
0
0
0
0
0
0
0
0
0
0
0
0
0
0
0
0
0
0
0
0
0
0
0
0
0
0
0
0
0
0
0
0
0
1
1
1
1
0
0
0
0
1
1
1
1
1
0
0
0
0
1
1
1
1
0
0
0
0
0
0
0
0
0
0
0
0
0
0
0
0
0
0
0
0
0
0
0
0
0
1
1
1
0
0
0
0
0
0
0
0
0
0
-1
-1
0
1
1
1
1
2
2
2
2
3
3
3
3
2
3
3
3
3
2
2
2
2
1
1
1
1
1
-1
-1
-1
-1
-1
-1
-1
-1
-1
-2
-1
-1
-1
0
0
0
-1
-1
-1
-1
-1
-1
0
-1
-1
-2
-2
-2
-2
-1
-1
-1
-1
-1
-1
-1
-1
-1
0
0
0
0
0
0
0
0
0
0
0
0
0
0
0
0
0
0
0
0
0
0
0
0
-1
0
0
0
0
0
0
0
0
0
0
0
0
1
0
-1
0
0
0
0
0
0
0
0
0
0
0
0
1
0
0
0
0
0
0
0
0
0
0
0
0
0
0
0
0
0
0
0
0
0
0
0
0
0
0
0
0
0
0
0
0
0
0
0
0
0
0
0
0
0
0
0
0
0
0
0
0
0
0
0
0
0
0
0
0
0
0
0
0
0
0
0
0
0
0
0
0
0
0
0
0
0
0
0
0
0
0
0
0
0
0
0
0
0
0
0
0
0
0
0
0
0
1
1
1
1
2
2
2
2
3
3
3
4
4
3
3
3
3
2
2
2
2
1
1
1
0
0
0
0
0
0
0
0
0
0
0
0
-1
-1
-1
-1
-1
-1
-1
-1
-2
-2
-2
-2
-2
-1
-1
-1
-1
-1
-1
-1
-1
0
0
0
0
0
0
0
0
-1
-1
-1
-1
-1
-1
-1
-1
-1
-1
-1
-1
-1
0
0
0
0
0
0
0
0
-1
0
0
0
0
0
0
-1
-1
-1
0
0
0
1
0
0
0
0
0
0
1
1
1
0
0
0
0
0
0
0
0
0
0
0
0
0
0
0
0
0
0
0
0
0
0
0
0
0
0
0
0
0
0
0
0
0
0
0
0
0
0
0
0
0
0
0
0
0
0
0
0
0
0
0
0
0
0
0
0
0
0
0
1
1
1
1
1
1
1
1
1
1
1
1
1
0
0
0
0
0
0
0
0
0
0
0
1
1
1
1
0
0
0
0
1
1
1
2
2
1
1
1
2
3
3
3
4
3
3
3
2
2
2
2
3
2
2
2
2
1
1
1
0
0
0
0
0
-2
-2
-2
-2
-2
-2
-2
-2
-2
-2
-2
-2
-2
-2
-2
-2
-2
-2
-2
-2
-2
-1
-1
-1
-1
-1
0
-1
-1
-1
-1
-1
-1
-1
-1
-1
-1
-1
-1
-1
0
0
0
0
0
0
0
0
0
0
0
-1
-1
-1
-1
-1
-1
-1
-1
-1
-1
-1
-1
-1
0
0
0
0
0
1
1
1
1
1
1
1
1
1
1
1
1
1
0
0
0
0
0
1
1
1
1
1
1
1
1
1
1
0
0
0
-1
-1
0
0
0
0
0
0
0
0
1
1
0
0
0
-1
-1
-1
-1
-1
-1
-1
-1
0
0
1
1
1
1
1
1
1
1
1
1
0
-1
-1
-1
-1
-1
0
0
0
0
0
0
0
1
1
1
1
1
1
0
0
0
0
0
0
0
0
0
0
1
1
1
1
1
1
2
2
2
2
2
3
3
2
2
3
3
3
3
3
3
3
3
3
2
2
2
2
1
1
1
1
0
0
0
0
0
-1
-1
-1
-1
-1
-2
-2
-2
-2
-2
-2
-2
-2
-1
-2
-2
-2
-2
-1
-1
-1
-2
-2
-2
-2
-2
-2
-1
-1
-1
-1
-1
-2
-2
-1
0
0
0
0
-1
-1
-1
-1
-1
-1
0
0
0
-1
-1
-1
-1
0
0
0
0
0
0
0
0
0
0
0
0
-1
-1
-1
-1
0
0
0
0
0
0
0
0
0
1
1
1
1
0
0
0
0
0
0
0
0
0
0
0
0
0
0
0
0
0
0
0
0
0
0
0
0
0
0
0
0
0
0
0
0
0
0
0
0
0
0
0
0
0
0
0
0
0
0
0
0
0
0
0
0
0
0
0
0
0
0
1
1
1
1
1
1
1
1
1
1
1
1
1
0
0
0
0
0
0
0
0
0
0
0
0
0
0
0
0
0
0
0
1
1
1
1
1
1
2
2
2
3
3
3
4
3
3
4
4
5
5
4
4
4
3
3
3
2
2
2
0
0
-1
-1
-1
-2
-2
-2
-2
-2
-3
-3
-3
-2
-2
-2
-2
-3
-2
-2
-2
-2
-3
-2
-2
-2
-2
-2
-3
-3
-2
-2
-2
-2
-2
0
0
0
0
-1
-1
0
0
0
0
0
0
0
-1
-1
-1
-1
0
0
0
0
0
0
0
0
0
0
-1
-1
-1
-1
-1
-1
0
0
0
0
0
0
0
1
1
1
1
1
1
0
0
0
0
0
-1
-1
-1
-1
-1
-1
0
0
0
0
-1
-1
0
1
1
1
1
1
1
0
0
0
0
1
1
0
0
0
0
0
0
0
0
0
0
0
0
0
0
0
0
0
0
0
0
0
0
0
0
1
1
1
1
0
0
0
0
1
1
1
1
0
-1
-1
-1
-1
0
0
0
0
-1
-1
0
0
1
1
1
1
1
1
1
1
1
1
0
-1
-1
-1
-1
-1
-1
0
0
0
0
0
1
2
2
3
3
4
4
5
4
4
5
5
6
5
5
5
4
4
4
3
2
2
2
1
1
-1
-1
-1
-1
-1
-2
-3
-2
-2
-2
-2
-2
-2
-2
-2
-2
-2
-2
-2
-2
-2
-2
-2
-3
-3
-3
-2
-2
-2
-2
-2
-1
-1
-1
-2
-2
-1
-1
-1
-1
-1
-2
-1
-1
-2
-2
-2
-1
-1
-1
-1
-1
-1
-1
0
-1
-1
0
0
0
0
0
0
0
0
0
0
0
0
0
0
0
0
0
0
0
0
0
0
0
0
0
0
1
1
1
1
1
1
1
1
1
1
1
1
1
0
0
0
0
0
0
0
0
0
0
0
0
0
0
0
0
0
0
0
0
0
0
0
0
0
0
0
0
0
0
0
0
0
0
0
0
0
0
0
0
0
0
0
1
1
1
1
0
0
0
0
0
1
1
1
1
-1
-1
-1
-1
0
1
1
1
1
0
0
-1
-1
1
1
1
1
2
1
1
2
2
3
3
4
5
4
5
5
5
5
5
5
5
5
4
4
4
3
3
2
2
2
1
0
0
-1
-1
-1
-2
-2
-2
-3
-3
-3
-3
-4
-3
-3
-3
-3
-4
-3
-3
-3
-3
-3
-3
-3
-2
-2
-2
-3
-3
-2
-3
-3
-3
-2
-2
-2
-2
-2
-2
-2
-1
-2
-1
0
0
0
-1
-1
-1
-1
-1
-1
-1
-1
0
-1
-1
-1
-1
0
0
0
0
0
0
0
0
0
0
0
0
0
0
0
0
0
0
1
1
1
1
1
1
1
1
1
1
1
1
1
0
0
0
0
0
0
0
0
0
0
0
0
0
0
0
0
0
0
0
0
0
0
0
0
0
0
0
0
0
0
0
0
0
0
0
0
0
0
0
0
0
0
0
0
0
0
1
1
1
1
1
1
1
1
1
1
1
1
1
0
0
0
0
0
0
0
0
0
0
0
0
0
0
0
0
0
1
1
1
1
1
2
2
2
3
4
4
5
5
5
5
5
6
7
6
7
7
6
5
6
5
5
4
4
4
3
2
2
1
1
1
0
-1
-2
-2
-2
-3
-3
-3
-4
-4
-4
-4
-5
-4
-4
-4
-4
-5
-4
-5
-5
-4
-4
-5
-5
-4
-4
-4
-4
-4
-3
-3
-2
-2
-2
-2
-1
-2
-2
-2
-2
-1
-1
-2
-2
-2
-2
-2
-2
-2
-1
-1
-1
-1
-2
-2
-1
-1
-1
0
0
0
0
0
0
-1
-1
0
0
1
1
1
0
-1
-1
0
0
0
1
1
1
1
0
0
0
0
1
1
0
0
0
0
0
0
0
0
0
1
1
1
1
1
1
1
1
1
1
1
1
1
0
0
0
0
1
1
0
0
0
0
0
0
0
1
1
1
1
0
0
1
1
1
1
1
2
2
1
1
0
0
0
1
1
1
1
0
0
-1
-1
-1
-1
0
0
0
-1
0
0
0
1
0
0
0
1
1
1
1
1
1
0
0
1
1
2
3
3
3
3
4
5
5
5
6
6
6
7
7
7
8
7
8
7
6
6
6
6
6
5
4
3
2
1
1
0
-1
-1
-1
-2
-3
-3
-4
-4
-4
-4
-5
-5
-5
-5
-5
-6
-5
-6
-6
-6
-6
-6
-6
-5
-5
-6
-5
-5
-5
-5
-4
-4
-4
-4
-3
-3
-3
-4
-3
-3
-3
-2
-2
-2
-2
-1
-1
-1
-1
-1
0
0
0
0
0
-1
0
0
0
0
-1
-1
-1
-1
0
0
0
0
0
-1
0
0
0
1
1
1
1
0
0
0
0
2
2
1
1
1
1
1
1
1
1
1
1
1
0
0
0
0
0
0
0
0
1
1
1
1
1
1
0
1
1
1
1
1
1
0
0
0
0
0
0
1
0
1
1
1
1
1
1
1
1
1
1
1
1
1
0
0
0
0
0
0
0
0
0
0
0
0
0
0
0
0
0
0
1
1
1
1
1
1
1
1
2
2
2
2
3
2
3
3
4
5
5
5
6
6
7
7
8
7
8
7
8
7
7
7
7
6
5
5
5
4
4
2
2
1
1
0
0
-1
-1
-2
-3
-3
-3
-4
-4
-4
-5
-5
-6
-6
-6
-6
-6
-6
-7
-8
-7
-7
-7
-6
-7
-6
-6
-6
-6
-5
-5
-5
-4
-5
-4
-4
-4
-3
-3
-3
-2
-3
-3
-3
-2
-2
-1
-1
-1
-1
-1
-2
-2
-2
-1
-1
-1
-1
-1
-1
-1
-1
-1
-1
0
0
0
0
0
0
0
0
0
0
0
0
1
1
1
1
1
1
1
1
1
1
1
1
1
0
1
1
1
1
1
1
1
1
2
2
2
2
2
1
1
1
1
1
1
1
1
0
0
0
0
0
0
0
0
0
0
0
0
1
1
1
1
0
0
0
1
1
1
1
1
1
0
0
0
0
1
1
1
0
0
0
0
0
1
1
1
1
1
1
1
1
1
1
1
1
2
1
1
1
1
1
2
2
3
3
4
5
5
5
6
7
8
8
9
9
10
10
10
9
9
9
8
8
7
6
7
6
4
3
2
2
2
1
1
1
-1
-1
-2
-3
-3
-2
-2
-3
-3
-3
-4
-4
-5
-5
-5
-5
-5
-6
-6
-7
-7
-8
-8
-8
-8
-8
-8
-8
-8
-8
-8
-8
-8
-7
-6
-6
-6
-6
-5
-5
-5
-4
-5
-4
-4
-3
-3
-4
-4
-3
-3
-3
-3
-2
-2
-1
-1
-2
-2
-2
-1
0
0
0
0
1
0
0
0
0
1
1
1
1
0
0
1
1
1
1
1
1
1
1
1
1
1
2
2
1
1
1
2
2
2
2
2
2
2
2
2
2
2
2
1
1
1
1
1
1
1
1
2
0
0
0
0
1
1
1
1
1
1
1
1
0
1
1
1
1
1
0
0
0
0
0
0
0
0
0
0
0
1
1
1
1
1
1
1
1
1
1
1
1
1
0
0
0
0
0
0
0
0
0
0
0
1
1
1
1
1
1
2
2
2
3
3
4
5
4
5
6
6
7
8
7
8
9
9
10
9
8
9
8
8
8
7
6
6
5
4
3
2
2
2
1
1
-1
-1
-1
-2
-2
-2
-2
-2
-2
-2
-3
-3
-4
-3
-4
-4
-4
-5
-5
-6
-7
-8
-8
-8
-8
-8
-9
-8
-8
-8
-7
-8
-7
-7
-6
-6
-6
-6
-5
-5
-5
-5
-4
-4
-4
-4
-3
-4
-4
-3
-3
-3
-2
-2
-2
-2
-3
-1
-1
-1
0
0
0
0
0
0
0
0
0
1
0
0
0
0
0
1
1
1
1
0
0
0
0
1
1
1
1
1
0
0
0
0
1
1
2
2
1
1
1
1
1
1
1
1
1
1
1
0
0
1
1
1
1
1
1
1
1
1
1
1
1
1
1
1
1
1
1
1
1
1
1
1
1
1
1
0
0
0
0
1
1
1
1
1
1
1
1
1
1
1
1
1
0
0
1
1
1
1
1
1
1
1
1
2
2
2
3
2
2
3
3
4
5
5
6
7
7
8
9
9
10
10
9
10
10
9
10
9
8
8
7
6
5
4
4
4
3
2
2
1
1
0
-1
-1
-2
-2
-2
-3
-3
-3
-4
-4
-4
-5
-4
-5
-5
-4
-5
-6
-5
-6
-7
-7
-7
-8
-7
-8
-7
-8
-8
-8
-8
-8
-7
-6
-6
-6
-6
-6
-5
-6
-5
-5
-5
-4
-4
-5
-5
-4
-4
-3
-4
-4
-3
-3
-3
-2
-2
-2
-1
-2
-2
-2
-2
-1
-1
-1
-1
-1
-1
-1
-1
-1
0
0
0
1
1
1
1
1
1
1
1
1
1
1
2
2
1
1
1
1
1
1
2
2
2
2
2
1
1
1
1
1
1
1
2
1
1
1
1
1
1
1
1
1
1
2
2
1
1
1
1
2
2
2
2
2
2
2
1
1
1
1
2
2
1
1
1
1
1
1
1
1
1
1
1
0
0
0
0
0
0
0
0
0
0
0
0
1
1
1
2
2
3
4
4
5
6
6
7
8
8
9
10
10
10
10
10
10
9
9
9
9
8
7
7
6
5
5
4
3
3
3
2
2
0
0
0
-1
-2
-2
-2
-3
-3
-3
-4
-4
-4
-4
-4
-4
-5
-4
-5
-5
-5
-5
-6
-5
-6
-7
-6
-7
-7
-7
-7
-7
-7
-6
-7
-6
-7
-6
-6
-6
-5
-6
-5
-6
-5
-6
-6
-5
-6
-5
-5
-5
-5
-5
-4
-5
-4
-4
-3
-3
-4
-3
-3
-3
-2
-2
-2
-2
-1
-2
-2
-2
-2
-1
-1
0
0
0
0
0
0
0
1
1
1
1
1
1
1
1
0
0
0
0
1
1
1
1
1
2
2
1
1
2
2
2
2
2
2
2
2
3
2
2
2
2
2
2
2
2
2
2
2
2
1
1
1
1
1
1
1
2
2
1
1
1
1
1
2
2
2
2
1
2
1
1
1
1
1
1
1
0
1
1
1
2
1
1
1
1
1
1
1
2
2
1
1
1
1
2
2
2
3
3
4
5
4
5
6
7
8
9
9
9
9
10
10
10
10
10
10
9
8
8
7
6
6
6
4
4
3
2
2
1
1
1
0
-1
-1
-1
-1
-1
-2
-2
-2
-3
-3
-4
-4
-5
-4
-5
-5
-5
-6
-5
-6
-7
-6
-7
-6
-7
-6
-7
-6
-7
-7
-7
-7
-7
-6
-6
-6
-6
-5
-6
-5
-6
-5
-6
-5
-6
-5
-5
-6
-5
-5
-5
-4
-5
-4
-4
-3
-3
-2
-2
-3
-2
-2
-2
-2
-3
-2
-2
-2
-2
-2
-2
-2
-1
-2
-2
-2
-2
-1
-1
-1
-1
-1
-1
-1
-1
-1
0
0
0
0
0
0
0
0
0
0
1
1
1
1
1
1
1
2
2
2
2
2
2
1
2
2
2
2
3
3
2
2
2
2
3
3
3
2
2
2
2
1
1
2
2
2
2
1
1
1
1
2
2
2
2
2
1
1
1
1
1
1
1
1
0
0
1
1
1
1
2
2
3
3
4
4
5
6
7
7
8
9
10
10
10
10
10
10
11
11
11
10
10
9
8
8
7
7
7
7
6
6
5
4
4
3
3
3
2
1
1
0
0
0
-1
-1
-1
-1
-1
-1
-2
-2
-2
-3
-3
-3
-3
-4
-4
-4
-5
-6
-6
-6
-6
-6
-5
-5
-5
-5
-5
-6
-6
-6
-5
-6
-5
-5
-5
-5
-6
-6
-7
-6
-6
-6
-6
-6
-6
-6
-7
-6
-7
-6
-6
-6
-6
-5
-6
-5
-5
-5
-5
-4
-5
-4
-4
-4
-4
-4
-4
-4
-4
-4
-3
-4
-4
-3
-3
-3
-3
-3
-3
-3
-2
-2
-2
-2
-1
-1
-2
-2
-2
-2
-1
-1
-1
-1
-2
-1
-1
-1
-1
0
0
0
0
0
0
0
0
1
1
1
1
1
1
1
1
1
2
2
2
2
3
2
2
2
2
2
3
3
3
3
3
3
3
2
2
2
2
3
3
2
2
2
1
2
2
2
2
2
3
3
2
2
2
3
3
4
3
4
5
6
6
7
8
9
10
11
11
12
12
12
12
12
12
12
11
11
11
11
10
10
9
9
9
8
8
7
8
7
6
6
5
5
4
5
4
4
4
3
3
2
1
1
0
0
0
-1
-2
-3
-4
-4
-5
-5
-6
-6
-6
-7
-8
-8
-8
-9
-8
-8
-9
-8
-9
-8
-8
-8
-8
-8
-9
-8
-8
-8
-8
-8
-9
-8
-9
-8
-9
-8
-8
-7
-8
-7
-7
-7
-7
-6
-7
-6
-6
-6
-6
-5
-6
-5
-5
-5
-4
-4
-4
-3
-4
-4
-3
-3
-4
-3
-3
-3
-3
-4
-3
-3
-3
-2
-2
-2
-3
-2
-2
-2
-2
-2
-1
-1
-2
-2
-2
-1
-1
0
0
0
0
0
0
0
0
1
1
2
1
1
1
1
1
1
1
2
2
2
2
3
2
2
2
2
2
2
3
3
2
2
2
3
2
2
2
2
2
2
2
2
2
2
2
3
2
2
2
3
3
4
5
6
6
6
8
8
8
10
11
12
12
13
13
12
12
12
13
12
13
13
12
12
11
11
11
11
11
11
10
10
9
8
7
6
5
6
5
4
3
3
2
2
2
2
1
1
0
0
-1
-2
-2
-3
-4
-4
-5
-6
-7
-7
-7
-7
-8
-8
-8
-9
-8
-8
-9
-9
-9
-8
-8
-9
-9
-8
-9
-9
-9
-9
-9
-9
-8
-9
-9
-9
-9
-8
-9
-8
-8
-7
-7
-7
-6
-7
-6
-6
-6
-5
-5
-5
-5
-4
-4
-5
-4
-4
-3
-3
-4
-3
-3
-3
-2
-2
-2
-3
-2
-2
-2
-2
-2
-1
-1
-1
-1
-1
-1
-1
0
0
0
0
0
0
0
0
0
0
0
0
0
0
0
0
0
0
0
0
0
0
0
0
0
0
0
1
1
1
1
1
1
1
1
1
2
2
2
2
2
2
2
3
3
3
3
3
3
2
3
3
3
2
2
3
2
2
3
3
4
4
5
4
5
6
7
8
8
10
11
11
13
12
13
13
14
15
15
15
15
15
14
14
14
13
13
13
13
12
10
10
9
8
8
8
7
6
5
5
4
3
3
3
2
1
1
0
-2
-2
-3
-3
-4
-5
-5
-6
-7
-7
-7
-8
-9
-9
-9
-9
-10
-10
-10
-10
-10
-10
-11
-10
-10
-9
-9
-10
-10
-9
-9
-9
-10
-9
-8
-8
-8
-8
-9
-9
-8
-7
-8
-7
-6
-6
-6
-7
-7
-7
-6
-5
-4
-5
-5
-4
-4
-4
-3
-3
-3
-2
-2
-3
-3
-3
-2
-2
-2
-2
-3
-3
-3
-2
-2
-2
-1
-1
-1
-1
-1
-1
-1
0
0
0
0
0
-1
-1
-1
0
0
0
0
-1
-1
-1
-1
-1
-1
0
0
0
-1
-1
-1
-1
0
0
0
0
0
0
0
0
0
1
1
1
1
1
1
1
1
1
1
1
2
2
1
1
2
2
2
2
2
2
3
3
3
3
3
4
4
4
5
6
7
7
9
9
10
11
11
13
13
14
14
14
14
14
15
14
15
15
15
15
14
14
14
13
13
12
11
11
10
9
8
8
7
5
4
3
3
2
2
2
1
0
-1
-1
-3
-3
-3
-4
-4
-5
-6
-7
-8
-9
-8
-9
-10
-9
-10
-10
-10
-10
-10
-10
-10
-9
-9
-9
-9
-9
-10
-9
-9
-9
-9
-9
-8
-8
-8
-8
-8
-8
-7
-6
-7
-6
-5
-6
-5
-6
-5
-5
-5
-5
-4
-4
-4
-3
-3
-3
-3
-3
-2
-2
-2
-1
-2
-2
-2
-2
-2
-2
-2
-1
-1
-1
-1
-1
-1
0
-1
-1
-1
-1
-1
-1
-1
-2
-2
-2
-2
-2
-2
-1
-1
-1
-1
-1
-1
-1
0
-1
-1
-1
-1
-1
-1
-1
-1
-1
-1
-1
-1
-1
0
1
1
1
1
1
1
1
1
1
1
1
1
2
1
1
1
1
1
1
1
2
2
2
2
2
1
2
2
2
3
3
4
5
5
6
7
8
9
9
10
11
12
13
14
13
13
13
13
13
13
13
14
13
13
13
11
11
11
11
10
10
9
8
7
6
5
4
3
4
3
2
1
1
-1
-1
-1
-2
-2
-3
-3
-4
-6
-6
-6
-6
-7
-7
-8
-8
-8
-9
-9
-9
-9
-8
-9
-8
-9
-8
-8
-8
-8
-8
-8
-7
-7
-7
-7
-7
-7
-7
-7
-7
-6
-7
-6
-5
-5
-6
-5
-5
-5
-5
-4
-4
-3
-4
-3
-3
-3
-3
-2
-2
-2
-1
-1
-1
-1
-1
0
-1
-1
-1
-1
-1
-1
-1
-1
-1
-1
-1
-1
-2
-1
-1
-1
-1
-1
-1
-1
-1
-1
-1
-2
-2
-1
-1
-1
-1
-1
-2
-2
-2
-2
-1
-1
0
0
0
0
-1
-1
-1
0
0
1
1
0
0
0
0
0
0
1
1
1
1
1
0
0
0
0
0
0
1
1
1
1
1
1
1
1
2
2
2
2
2
1
2
2
3
3
4
5
6
6
7
8
9
11
12
12
13
13
14
14
14
14
14
15
15
15
13
13
13
13
12
12
11
10
10
9
7
6
6
6
5
5
4
4
3
3
3
1
1
1
0
-1
-2
-2
-4
-4
-5
-6
-6
-7
-7
-8
-9
-9
-9
-9
-10
-9
-10
-10
-10
-10
-10
-9
-9
-9
-8
-9
-8
-8
-8
-8
-7
-6
-6
-6
-6
-6
-6
-6
-6
-6
-5
-5
-4
-4
-5
-5
-5
-5
-4
-3
-3
-2
-3
-3
-3
-3
-3
-2
-2
-1
-1
-2
-2
-2
-2
-1
-1
-1
-1
-2
-2
-2
-2
-2
-1
-1
-2
-2
-2
-2
-2
-2
-1
-2
-2
-2
-2
-2
-2
-1
-1
-2
-2
-2
-2
-2
-1
-1
-1
-1
-1
-1
-1
-1
0
1
1
1
1
1
1
1
1
1
1
1
1
1
0
0
0
0
0
0
1
1
1
1
1
2
2
2
2
2
2
2
2
1
1
1
1
1
0
0
0
1
1
1
1
1
1
2
3
4
4
5
6
7
7
8
9
11
12
13
13
13
13
14
14
14
14
14
13
13
12
12
11
11
11
10
10
9
9
8
7
8
7
6
5
5
4
3
3
1
1
0
-1
-1
-2
-3
-4
-4
-5
-5
-6
-7
-6
-7
-8
-8
-9
-9
-9
-9
-9
-9
-10
-9
-9
-9
-9
-8
-8
-8
-8
-8
-7
-8
-7
-7
-7
-7
-7
-7
-7
-6
-6
-6
-5
-5
-5
-5
-4
-4
-3
-4
-3
-3
-3
-2
-2
-2
-3
-2
-2
-2
-2
-2
-1
-1
-1
-1
-1
-1
-1
0
0
-1
-1
-1
-1
-1
-1
-1
-1
-1
-1
-1
-1
-2
-1
-1
-1
-1
-1
-1
-2
-2
-2
-2
-2
-2
-1
-1
-1
-1
-1
-1
-1
0
-1
0
0
0
0
0
0
0
0
0
0
0
0
1
0
0
0
0
0
0
0
0
0
0
0
0
0
0
1
1
1
1
1
1
1
1
1
2
2
2
2
1
2
2
3
4
5
6
7
8
8
9
10
11
12
12
13
13
13
13
13
13
13
13
13
13
13
12
12
11
11
10
9
8
7
6
6
5
4
3
3
2
1
0
0
0
0
0
-1
-2
-3
-3
-4
-5
-5
-5
-5
-6
-7
-7
-8
-7
-8
-8
-9
-9
-8
-8
-8
-8
-8
-8
-9
-9
-9
-9
-8
-8
-7
-7
-8
-7
-7
-7
-6
-5
-5
-5
-4
-4
-4
-4
-4
-4
-4
-4
-3
-3
-3
-2
-2
-2
-2
-1
-1
-1
0
0
0
0
0
0
0
-1
-1
-1
-1
-1
-1
-1
-1
-1
-1
-1
-1
-1
0
0
0
0
0
-1
-1
-1
-1
-1
-1
-1
-1
-1
-1
-2
-2
-2
-1
-1
-1
-1
-2
-1
-1
-2
-2
-2
-1
-1
-1
-1
-1
-1
-1
0
-1
-1
0
0
0
0
0
0
0
0
1
1
1
1
1
1
1
1
2
2
2
2
2
1
1
1
1
1
1
1
1
1
1
2
2
2
3
4
5
6
7
8
9
10
10
12
12
12
14
14
14
14
14
14
14
14
13
13
12
12
12
11
10
10
9
8
8
7
6
6
5
4
3
2
1
1
0
0
0
-2
-2
-3
-3
-4
-4
-5
-5
-6
-6
-7
-8
-9
-8
-9
-9
-10
-9
-10
-10
-9
-8
-9
-9
-9
-9
-9
-9
-8
-8
-8
-8
-8
-8
-8
-8
-7
-6
-5
-6
-5
-5
-5
-5
-4
-4
-4
-4
-3
-3
-3
-3
-2
-2
-2
-1
-1
-1
0
-1
-1
-1
-1
-1
-1
-1
-1
-1
-1
-1
-1
-1
0
0
0
0
-1
0
0
0
0
-1
-1
-1
-1
-1
-1
-1
-1
0
-1
-1
-1
-2
-1
-1
-1
-1
-1
-1
-1
-1
-1
-1
-1
-2
-1
-1
-1
-1
-1
-1
-1
-1
-1
-1
-1
-1
1
1
1
1
0
1
1
1
1
0
1
1
1
0
0
0
0
1
0
1
1
1
2
1
1
1
2
2
2
3
3
3
3
3
4
5
6
6
7
7
9
10
10
11
12
11
12
12
13
13
14
14
13
12
12
11
11
10
11
10
9
8
7
7
6
6
5
4
4
3
3
2
1
1
0
-1
-2
-2
-3
-3
-4
-4
-5
-5
-6
-6
-6
-7
-7
-7
-8
-7
-8
-8
-9
-8
-8
-8
-8
-8
-8
-8
-8
-8
-8
-7
-7
-6
-6
-6
-6
-5
-5
-5
-4
-4
-4
-4
-4
-4
-4
-4
-5
-4
-4
-4
-3
-3
-3
-2
-2
-2
-1
-2
-2
-1
-1
-1
-1
-1
-1
-1
-1
-1
-1
-1
0
0
0
0
0
0
0
0
0
0
0
0
0
0
0
0
0
-1
-1
-1
-1
-1
-1
-1
-1
-2
-2
-2
-2
-2
-1
-1
-1
-1
-1
-1
-1
-1
0
0
0
-1
0
0
0
0
0
-1
0
-1
0
0
0
0
1
0
0
0
0
0
1
0
1
0
1
1
1
1
2
2
2
3
4
5
6
7
7
7
9
10
11
11
12
12
12
12
12
12
12
12
12
11
10
10
9
9
9
9
8
7
6
6
6
5
4
4
3
3
2
2
0
0
0
-1
-2
-2
-2
-3
-3
-4
-4
-5
-6
-5
-6
-6
-6
-7
-7
-8
-8
-8
-7
-8
-7
-7
-7
-7
-7
-7
-6
-7
-6
-5
-5
-6
-5
-5
-4
-4
-4
-4
-3
-3
-2
-3
-3
-3
-3
-3
-3
-3
-3
-2
-2
-2
-2
-3
-2
-2
-2
-1
-1
-1
-1
-1
-1
-1
-1
-1
-1
-1
-1
-1
-1
-1
-1
-1
-1
-1
-1
-1
-1
0
0
-1
-1
-1
-1
-1
-1
-1
-1
-1
-2
-2
-2
-2
-1
-1
-1
-1
-2
-2
-2
-2
-2
-1
-1
-1
-1
-1
-1
-1
-1
0
0
0
0
0
0
0
0
0
1
1
1
1
1
1
0
1
1
1
1
1
1
0
0
1
1
1
2
3
3
3
4
5
6
7
8
9
8
9
10
11
11
11
12
12
12
12
12
11
11
12
11
11
9
9
9
8
7
6
6
5
5
4
3
3
2
2
2
1
1
0
0
-1
-2
-2
-3
-3
-4
-4
-4
-5
-6
-6
-6
-6
-7
-6
-7
-6
-7
-7
-7
-7
-6
-6
-6
-5
-6
-5
-6
-5
-6
-5
-4
-5
-5
-5
-5
-5
-5
-5
-5
-4
-4
-4
-4
-4
-3
-4
-4
-3
-3
-3
-2
-2
-3
-3
-2
-2
-2
-2
-1
-1
-1
-1
-2
-2
-2
0
0
0
0
-1
-1
-1
-1
-1
-1
0
0
0
-1
-1
-1
-1
0
0
0
-1
-1
-1
-1
-1
-1
-1
-1
-2
-2
-2
-2
-2
-1
-1
-1
-1
-1
-1
-1
-1
0
0
0
0
0
-1
0
0
0
0
0
0
0
0
0
1
1
1
2
0
1
1
1
1
1
1
1
1
0
0
1
1
2
2
2
3
3
4
5
6
6
7
8
8
9
10
10
10
10
11
10
10
10
11
10
10
9
8
8
7
7
7
6
6
5
4
4
4
3
3
3
2
2
2
0
0
-1
-1
-2
-3
-3
-3
-4
-4
-4
-5
-5
-5
-5
-5
-6
-5
-6
-6
-6
-5
-6
-6
-5
-6
-5
-6
-5
-5
-5
-4
-5
-5
-5
-4
-4
-5
-4
-4
-3
-3
-2
-3
-3
-2
-2
-2
-3
-3
-2
-2
-2
-2
-2
-2
-1
-1
-1
-2
-2
-1
-1
-1
-1
-1
-1
-1
-1
-1
-1
-1
-1
-1
-1
-1
-1
-1
-1
-1
-1
-1
-1
-1
-1
0
-1
-1
-1
-1
-1
-1
-2
-2
-2
-2
-2
-2
-2
-1
-1
-1
-1
-1
-1
-1
-1
-1
0
0
0
0
-1
-1
-1
-1
-1
0
1
1
1
0
0
0
0
1
1
1
1
1
0
0
0
0
1
1
1
1
2
2
3
3
4
5
5
6
7
7
8
9
10
9
10
9
10
9
9
10
10
9
9
8
8
7
8
7
7
6
6
6
5
4
4
3
3
2
2
1
1
1
0
0
-1
-1
-2
-2
-2
-3
-3
-3
-4
-4
-5
-4
-5
-6
-6
-6
-6
-6
-5
-6
-6
-6
-6
-5
-6
-5
-4
-5
-4
-4
-5
-5
-5
-5
-4
-4
-4
-3
-4
-4
-3
-3
-3
-2
-2
-1
-1
-1
-2
-2
-2
-1
-1
-1
-1
-1
-1
-1
-1
-1
-1
-1
-1
-1
-1
-1
-1
-1
-1
-1
-1
-1
-1
-1
0
0
0
-1
-1
-1
-1
-1
-1
-1
-1
-1
-1
-2
-2
-2
-1
-1
-1
-1
-1
-1
-1
-1
-1
-1
0
0
0
0
0
0
0
0
0
0
0
0
0
0
0
0
0
0
0
0
1
1
1
1
1
1
1
1
1
1
1
1
1
0
0
0
0
0
0
0
0
0
1
1
1
1
2
2
3
3
4
5
5
6
7
7
8
8
9
8
9
8
9
8
8
8
8
8
8
7
8
7
7
6
6
6
5
4
4
3
3
2
2
1
1
1
1
1
0
1
1
0
0
-2
-3
-3
-3
-4
-4
-5
-5
-6
-6
-6
-6
-6
-6
-5
-5
-6
-5
-5
-5
-5
-4
-5
-5
-4
-5
-4
-4
-5
-4
-4
-5
-4
-4
-5
-4
-3
-3
-2
-2
-2
-1
-2
-2
-1
-1
-2
0
0
-1
-1
-2
-2
-2
-2
-1
-1
-2
-2
-1
-2
-2
-2
-2
-1
-1
-1
-1
-1
-1
0
0
0
-1
-1
-1
-1
-1
-1
-1
-1
-1
-1
-1
-2
-2
0
-1
-1
-1
-1
-1
-1
-1
-1
-1
-1
0
0
-1
-1
-1
-1
-1
-1
-1
0
0
0
0
0
0
0
1
1
1
2
2
2
1
1
1
1
1
1
1
1
1
1
1
1
1
1
0
0
0
0
0
0
1
1
1
0
0
0
0
1
1
1
2
2
2
1
2
2
2
3
3
4
4
5
6
6
6
7
8
7
8
8
8
9
8
8
8
7
6
7
6
5
5
5
5
4
3
3
4
3
3
3
2
2
2
2
1
1
0
0
0
-2
-2
-3
-3
-4
-4
-5
-5
-6
-6
-5
-6
-6
-5
-5
-5
-5
-5
-5
-4
-5
-4
-4
-4
-4
-4
-4
-4
-4
-4
-3
-3
-3
-2
-3
-3
-3
-2
-2
-2
-2
-1
-1
-2
-2
-2
-2
-1
-1
-1
-1
-1
-1
-1
-1
-1
0
0
-1
-1
-1
-1
-1
-1
-1
-1
-2
-2
-2
-2
-2
-1
-1
-1
-1
-1
-1
-1
-1
0
0
0
0
0
0
0
0
0
0
0
0
-1
-1
-1
-1
-1
-1
-1
-1
-1
-1
-1
-1
-1
0
0
0
-1
0
0
0
0
-1
-1
0
0
0
0
0
0
1
1
1
1
1
1
1
0
1
1
1
1
1
1
0
0
0
0
2
2
2
1
1
1
1
1
2
2
3
3
4
4
4
5
6
7
7
8
8
8
9
9
9
9
8
9
8
7
7
7
6
7
6
5
4
4
3
3
2
2
2
1
1
1
0
0
-1
-1
-2
-2
-2
-3
-3
-3
-3
-4
-4
-4
-5
-4
-5
-4
-4
-5
-4
-4
-5
-5
-5
-5
-5
-5
-5
-4
-5
-5
-4
-4
-5
-4
-4
-3
-4
-4
-3
-3
-3
-2
-2
-3
-3
-2
-2
-2
-2
-1
-1
-1
-1
-1
-2
-2
-1
-1
-1
-1
-1
-1
-1
-1
-1
-1
-1
0
0
0
0
0
0
0
-1
-1
-1
-1
-1
-1
-1
-1
-1
-1
-1
-1
-1
0
0
0
0
0
0
0
0
0
0
0
-1
-1
-1
-1
-1
-1
-1
-1
-1
-1
-1
-1
-1
0
0
0
0
0
0
0
0
0
0
0
0
0
0
1
1
1
1
1
1
1
1
1
1
1
1
1
0
0
0
0
0
0
0
0
1
1
1
1
1
1
1
1
2
2
3
3
4
3
4
5
6
6
7
7
8
7
8
8
9
8
9
8
8
7
7
7
7
6
7
6
5
4
4
3
3
2
2
2
1
1
1
0
-1
-1
-1
-1
-2
-2
-2
-2
-3
-3
-4
-4
-5
-4
-4
-5
-5
-5
-5
-5
-6
-5
-5
-5
-5
-4
-5
-5
-4
-4
-3
-4
-4
-3
-4
-4
-3
-3
-3
-3
-3
-3
-3
-3
-3
-3
-3
-2
-2
-2
-1
-1
0
0
-1
-1
-1
0
0
0
0
0
0
-1
-1
-1
-2
-1
-1
-1
-1
-1
-1
-1
-1
-1
-1
-1
-1
0
0
0
0
0
0
0
0
0
0
-1
-1
-1
-1
-1
-1
-1
-1
-1
-1
-1
-1
-2
-1
-1
-1
-1
-1
-1
-1
-1
-1
-1
-1
-1
0
0
0
0
0
0
0
0
0
0
0
0
0
0
0
0
0
0
0
0
0
1
1
1
1
1
1
1
1
1
1
1
1
1
1
1
1
1
1
2
2
3
4
4
5
6
7
6
7
8
8
9
9
9
9
8
9
8
8
7
7
7
6
6
5
4
5
4
4
3
3
2
2
2
1
1
1
1
0
-1
-1
-2
-2
-3
-3
-4
-4
-4
-4
-5
-5
-5
-5
-6
-5
-5
-4
-4
-4
-4
-4
-5
-4
-5
-4
-5
-4
-4
-4
-5
-5
-4
-5
-5
-4
-4
-3
-4
-3
-3
-3
-3
-2
-2
-2
-1
-1
-1
-1
-1
1
1
1
1
0
0
0
0
0
0
0
0
0
-1
-1
-1
-2
-1
-1
-1
-1
-1
-1
-1
-1
-1
-1
-1
-1
0
0
0
0
0
0
0
0
0
0
-1
-1
-1
-1
-1
-1
-1
-1
-1
-1
-1
-1
-1
0
0
0
0
-1
-1
-1
-1
-1
-1
-1
-1
-1
-1
-1
0
0
1
1
1
1
1
1
1
1
1
1
1
0
0
0
0
0
0
1
1
1
1
1
1
1
1
2
2
2
2
3
2
3
4
4
4
5
6
7
7
7
7
8
7
7
7
6
7
8
7
6
6
5
5
6
5
5
5
5
5
4
3
3
3
2
1
1
0
0
0
0
-2
-2
-2
-2
-3
-3
-3
-3
-3
-3
-4
-4
-5
-5
-5
-5
-5
-4
-4
-5
-4
-4
-5
-4
-4
-4
-3
-3
-3
-4
-4
-4
-3
-3
-3
-3
-3
-3
-2
-2
-3
-3
-2
-2
-2
-2
-2
-2
-1
0
0
0
0
0
0
0
0
0
0
0
0
-1
-1
-1
-1
-1
-1
-1
-1
-1
-1
-1
-1
-1
0
-1
-1
-2
-2
-1
-1
-1
-1
-1
-1
-1
-1
-1
-1
-1
0
0
-1
0
0
0
-1
-1
-1
-1
-1
-1
-1
-1
-1
0
-2
-2
-2
-1
-1
-1
-1
-1
-1
-1
-1
-1
0
1
1
1
1
1
1
1
1
1
1
1
2
1
1
1
1
1
1
1
1
1
1
1
1
0
1
1
1
1
1
2
2
2
3
3
3
4
5
4
5
6
6
7
6
7
8
7
7
8
7
6
7
6
5
6
5
5
5
4
4
4
3
3
3
2
2
2
1
1
1
-1
-1
-1
-1
-1
-2
-2
-2
-3
-3
-4
-4
-4
-4
-4
-4
-5
-5
-4
-4
-5
-4
-4
-4
-4
-4
-4
-4
-4
-3
-4
-4
-4
-3
-3
-4
-3
-3
-3
-2
-2
-2
-2
-1
-1
-1
-1
-1
0
0
0
0
0
0
0
0
-1
-1
-1
-1
-1
-1
-1
-1
-1
-2
-2
-2
-2
-1
-1
-1
-1
-1
-1
-1
-1
-1
0
0
0
0
0
0
0
0
0
0
0
0
0
0
0
0
0
0
-1
-1
-1
-1
-1
-1
-1
-1
-1
-1
-1
-2
-2
-1
-1
-1
-1
-1
-1
-1
-1
-1
-1
-1
0
0
0
1
1
1
1
2
2
2
2
2
2
2
2
2
1
1
1
1
0
0
0
0
0
0
0
0
0
0
0
0
0
0
0
0
0
0
0
0
0
0
0
0
0
0
0
0
0
0
0
0
0
0
0
0
0
0
0
0
0
0
0
0
0
0
0
0
0
0
0
0
0
0
0
0
0
0
0
0
0
0
0
161
116
71
26
-19
-63
-108
-152
-197
-242
-286
-331
-376
15
-29
-30
-30
-31
-30
-32
-32
-32
-32
-32
-32
-32
-33
-32
-33
-32
-31
-33
-33
-32
-32
-32
-32
-32
-32
-32
-32
-32
-32
-31
-32
-32
-31
-31
-32
-32
-32
-32
-32
-32
-32
-32
-32
-33
-33
-32
-32
-32
-32
-32
-32
-32
-33
-33
-33
-33
-33
-33
-33
-34
-34
-34
-34
-34
-34
-34
-34
-35
-35
-35
-35
-34
-34
-34
-34
-34
-33
-33
-34
-33
-34
-34
-34
-34
-34
-34
-34
-34
-34
-33
-33
-33
-33
-33
-34
-33
-34
-34
-33
-33
-33
-33
-33
-32
-32
-32
-32
-33
-32
-32
-32
-32
-32
-32
-31
-32
-31
-32
-32
-31
-32
-32
-31
-31
-31
-31
-31
-31
-31
-31
-31
-31
-31
-30
-31
-31
-31
-31
-31
-30
-30
-30
-31
-30
-30
-30
-30
-30
-30
-30
-30
-30
-30
-29
-30
-30
-30
-30
-29
-29
-29
-30
-30
-29
-29
-29
-29
-29
-29
-29
-28
-29
-28
-28
-28
-27
-28
-27
-27
-27
-26
-27
-27
-26
-26
-27
-26
-26
-26
-26
-27
-26
-26
-26
-26
-26
-26
-26
-27
-27
-27
-27
-27
-27
-27
-26
-27
-27
-27
-26
-27
-27
-27
-27
-27
-27
-27
-27
-27
-27
-27
-27
-28
-27
-27
-27
-27
-27
-27
-28
-27
-27
-27
-28
-27
-27
-27
-28
-27
-27
-27
-27
-27
-27
-27
-27
-27
-26
-28
-27
-27
-27
-27
-28
-27
-27
-28
-27
-27
-27
-27
-27
-27
-27
-27
-27
-27
-27
-26
-27
-27
-27
-27
-27
-27
-26
-27
-27
-27
-26
-27
-27
-26
-26
-27
-26
-27
-26
-26
-26
-26
-26
-26
-26
-26
-27
-26
-26
-26
-26
-26
-26
-26
-26
-26
-26
-27
-26
-26
-25
-26
-26
-26
-25
-26
-26
-25
-26
-26
-26
-25
-26
-25
-25
-26
-26
-25
-25
-26
-26
-25
-26
-25
-25
-25
-26
-25
-25
-26
-25
-25
-26
-25
-25
-24
-25
-25
-25
-25
-25
-25
-25
-25
-25
-24
-25
-24
-24
-25
-25
-24
-25
-24
-24
-25
-25
-24
-25
-25
-24
-24
-24
-24
-23
-24
-23
-22
-23
-23
-22
-22
-22
-22
-22
-22
-22
-22
-21
-22
-22
-21
-22
-21
-22
-21
-21
-22
-21
-21
-22
-22
-22
-22
-21
-23
-22
-22
-22
-22
-23
-22
-22
-23
-23
-22
-23
-22
-24
-23
-23
-23
-23
-23
-24
-23
-24
-23
-23
-24
-23
-23
-24
-23
-23
-24
-24
-24
-24
-23
-24
-24
-23
-24
-24
-24
-24
-23
-24
-24
-23
-24
-23
-23
-24
-24
-24
-24
-23
-24
-24
-24
-24
-24
-23
-24
-24
-23
-24
-24
-23
-24
-23
-23
-24
-23
-23
-23
-23
-23
-24
-23
-23
-24
-23
-23
-24
-23
-23
-24
-23
-24
-24
-23
-24
-23
-23
-24
-23
-23
-24
-23
-23
-23
-23
-23
-24
-23
-24
-23
-23
-23
-23
-23
-23
-23
-22
-23
-23
-23
-23
-23
-23
-23
-22
-23
-23
-22
-23
-22
-22
-23
-22
-23
-22
-22
-23
-22
-22
-23
-22
-23
-22
-22
-22
-22
-22
-22
-22
-23
-22
-22
-23
-22
-22
-22
-22
-22
-22
-22
-22
-22
-21
-22
-22
-23
-22
-22
-22
-22
-22
-22
-22
-22
-22
-22
-22
-21
-22
-21
-21
-21
-20
-20
-20
-20
-19
-20
-19
-19
-19
-18
-19
-18
-19
-18
-18
-18
-18
-19
-18
-19
-19
-19
-19
-19
-19
-19
-20
-19
-20
-20
-20
-20
-19
-20
-19
-20
-20
-20
-20
-21
-21
-20
-21
-20
-21
-21
-21
-21
-21
-21
-21
-21
-21
-21
-21
-22
-21
-21
-21
-21
-21
-21
-21
-21
-22
-21
-21
-21
-21
-22
-21
-22
-21
-22
-21
-21
-22
-21
-22
-21
-21
-22
-22
-22
-22
-21
-22
-21
-22
-22
-21
-22
-21
-22
-22
-21
-22
-22
-22
-22
-21
-22
-22
-21
-22
-21
-22
-21
-21
-22
-21
-22
-21
-21
-21
-21
-22
-21
-22
-21
-21
-22
-21
-22
-22
-21
-22
-21
-22
-22
-21
-22
-21
-22
-22
-21
-22
-21
-22
-21
-21
-22
-21
-22
-21
-21
-21
-21
-22
-22
-21
-22
-21
-22
-21
-21
-22
-21
-22
-21
-22
-21
-21
-22
-21
-22
-21
-21
-21
-21
-22
-21
-21
-21
-21
-21
-21
-21
-21
-21
-21
-21
-21
-21
-21
-21
-21
-21
-21
-21
-21
-21
-22
-21
-21
-21
-21
-21
-21
-22
-21
-21
-21
-21
-21
-21
-20
-20
-20
-20
-19
-19
-19
-19
-18
-17
-18
-17
-18
-17
-17
-17
-18
-17
-17
-17
-18
-17
-18
-17
-18
-17
-18
-18
-17
-18
-17
-18
-17
-18
-18
-18
-18
-18
-18
-19
-18
-19
-19
-19
-19
-19
-19
-20
-19
-20
-19
-19
-19
-19
-19
-19
-19
-19
-19
-19
-20
-19
-20
-20
-20
-20
-20
-20
-20
-20
-21
-20
-21
-20
-21
-21
-20
-21
-20
-21
-20
-21
-20
-21
-21
-21
-21
-20
-21
-20
-21
-21
-21
-21
-21
-21
-20
-21
-21
-20
-21
-20
-21
-20
-21
-21
-20
-21
-20
-21
-20
-21
-21
-20
-21
-20
-21
-20
-21
-21
-20
-21
-20
-21
-20
-21
-21
-20
-21
-20
-21
-20
-21
-20
-20
-20
-20
-20
-20
-21
-20
-20
-20
-20
-20
-20
-20
-20
-21
-20
-20
-20
-20
-20
-20
-21
-20
-20
-20
-20
-20
-20
-20
-20
-21
-20
-19
-20
-19
-20
-19
-19
-19
-20
-19
-19
-19
-19
-20
-19
-20
-19
-20
-19
-20
-19
-19
-19
-19
-19
-19
-19
-18
-19
-19
-19
-19
-19
-19
-19
-18
-18
-18
-17
-18
-17
-17
-16
-17
-16
-16
-15
-15
-16
-15
-16
-15
-15
-15
-15
-14
-15
-15
-15
-14
-15
-15
-15
-16
-15
-16
-16
-16
-16
-16
-16
-17
-16
-17
-17
-17
-17
-17
-18
-18
-18
-18
-18
-18
-19
-18
-19
-18
-19
-18
-19
-18
-19
-19
-19
-19
-19
-19
-19
-19
-19
-19
-19
-19
-20
-19
-19
-19
-19
-19
-20
-19
-20
-19
-20
-19
-20
-20
-20
-20
-20
-20
-20
-20
-20
-20
-21
-20
-20
-20
-20
-21
-20
-21
-20
-20
-20
-19
-20
-19
-20
-19
-20
-19
-19
-19
-19
-20
-19
-20
-19
-20
-19
-18
-19
-18
-19
-18
-19
-18
-19
-18
-19
-19
-19
-19
-19
-19
-19
-19
-18
-18
-18
-19
-18
-19
-18
-19
-19
-19
-19
-19
-19
-19
-19
-19
-19
-19
-19
-19
-19
-18
-19
-18
-19
-19
-19
-18
-19
-18
-19
-19
-19
-19
-19
-19
-19
-19
-19
-18
-19
-18
-18
-18
-18
-18
-18
-19
-18
-18
-18
-19
-18
-18
-18
-18
-18
-18
-18
-18
-18
-18
-17
-18
-17
-17
-17
-17
-16
-17
-16
-16
-15
-16
-15
-15
-15
-14
-14
-14
-14
-13
-14
-13
-13
-13
-13
-14
-13
-13
-13
-13
-14
-13
-14
-13
-14
-14
-14
-15
-14
-15
-15
-15
-15
-15
-16
-15
-16
-15
-16
-16
-16
-17
-16
-17
-16
-17
-17
-17
-18
-17
-18
-17
-18
-17
-18
-17
-18
-18
-18
-18
-18
-18
-17
-18
-18
-18
-19
-18
-19
-18
-19
-18
-18
-18
-19
-18
-18
-18
-18
-18
-18
-18
-19
-18
-19
-18
-19
-18
-19
-19
-19
-19
-19
-19
-19
-18
-19
-19
-18
-18
-18
-18
-18
-19
-18
-19
-18
-19
-18
-18
-18
-18
-18
-18
-18
-18
-18
-18
-18
-18
-18
-19
-18
-18
-18
-18
-18
-19
-18
-19
-18
-19
-18
-18
-18
-18
-18
-18
-18
-18
-18
-18
-18
-18
-18
-18
-18
-18
-18
-18
-18
-18
-18
-19
-18
-19
-18
-18
-18
-18
-18
-18
-18
-18
-18
-18
-17
-18
-17
-18
-17
-18
-17
-18
-17
-18
-17
-18
-17
-18
-17
-18
-17
-18
-17
-17
-17
-18
-17
-18
-17
-17
-17
-17
-17
-17
-17
-17
-16
-16
-17
-16
-16
-15
-15
-15
-15
-14
-14
-14
-13
-13
-12
-12
-11
-12
-12
-11
-12
-11
-12
-12
-11
-12
-12
-12
-13
-12
-13
-13
-13
-14
-13
-14
-14
-14
-15
-14
-14
-14
-15
-15
-15
-16
-15
-16
-16
-16
-16
-16
-16
-17
-17
-17
-17
-17
-17
-17
-17
-17
-17
-16
-17
-17
-17
-18
-17
-17
-17
-17
-17
-17
-17
-17
-18
-17
-17
-17
-17
-18
-18
-18
-17
-18
-17
-18
-18
-18
-18
-18
-18
-18
-18
-18
-17
-18
-18
-18
-17
-18
-17
-18
-17
-18
-17
-18
-17
-18
-17
-18
-18
-18
-18
-18
-18
-18
-18
-18
-17
-18
-18
-18
-18
-18
-17
-18
-17
-18
-17
-18
-17
-18
-17
-17
-17
-18
-17
-18
-17
-18
-17
-17
-18
-17
-18
-17
-18
-17
-18
-17
-18
-17
-18
-17
-17
-17
-18
-17
-17
-17
-17
-16
-17
-17
-17
-17
-17
-17
-17
-16
-17
-17
-17
-17
-17
-17
-17
-17
-17
-17
-17
-17
-17
-17
-16
-17
-16
-17
-16
-17
-16
-17
-16
-17
-17
-17
-17
-17
-17
-17
-17
-17
-17
-16
-17
-16
-16
-16
-15
-15
-14
-14
-13
-13
-13
-12
-12
-11
-11
-11
-10
-10
-11
-10
-10
-9
-10
-11
-10
-10
-11
-11
-11
-11
-11
-12
-12
-12
-12
-12
-13
-13
-12
-13
-13
-13
-14
-13
-14
-14
-14
-15
-14
-15
-15
-15
-15
-15
-15
-16
-15
-16
-15
-16
-16
-15
-16
-17
-16
-17
-16
-17
-17
-17
-17
-16
-17
-18
-17
-18
-17
-18
-18
-17
-18
-17
-18
-17
-18
-18
-17
-18
-17
-18
-17
-18
-17
-18
-17
-17
-17
-18
-17
-18
-17
-18
-17
-17
-17
-17
-17
-17
-17
-17
-17
-17
-16
-17
-16
-17
-16
-17
-16
-17
-16
-17
-17
-16
-17
-16
-17
-16
-17
-16
-16
-16
-16
-16
-16
-16
-16
-17
-16
-17
-16
-16
-16
-17
-16
-17
-16
-16
-17
-16
-17
-16
-17
-16
-17
-16
-16
-16
-16
-17
-16
-17
-16
-17
-16
-16
-16
-16
-15
-16
-16
-16
-16
-16
-16
-16
-16
-15
-16
-16
-16
-16
-16
-16
-16
-16
-15
-16
-15
-16
-16
-16
-16
-16
-15
-15
-15
-15
-14
-14
-13
-13
-13
-12
-12
-11
-11
-11
-10
-10
-10
-9
-9
-9
-8
-8
-8
-8
-8
-8
-8
-8
-9
-8
-9
-10
-9
-10
-10
-10
-11
-11
-11
-11
-12
-11
-12
-13
-12
-13
-13
-13
-13
-14
-14
-14
-15
-14
-15
-14
-15
-15
-15
-16
-16
-16
-16
-17
-16
-16
-16
-16
-17
-16
-17
-17
-17
-17
-16
-17
-17
-17
-17
-18
-17
-18
-17
-18
-17
-17
-18
-18
-18
-17
-18
-17
-18
-17
-17
-17
-18
-17
-17
-17
-17
-17
-17
-17
-17
-17
-17
-17
-17
-16
-17
-16
-16
-16
-17
-16
-17
-16
-16
-17
-16
-17
-17
-17
-16
-17
-16
-17
-16
-16
-16
-16
-16
-16
-16
-16
-16
-16
-16
-16
-16
-16
-16
-16
-16
-16
-16
-16
-16
-16
-16
-16
-16
-16
-16
-16
-16
-16
-16
-16
-16
-16
-16
-16
-16
-16
-16
-16
-15
-16
-15
-16
-15
-15
-16
-15
-16
-15
-15
-15
-15
-16
-15
-16
-15
-15
-15
-16
-15
-15
-16
-15
-16
-15
-15
-15
-15
-15
-14
-15
-14
-14
-14
-13
-13
-12
-11
-11
-10
-10
-10
-9
-9
-8
-7
-7
-7
-6
-6
-6
-6
-5
-5
-5
-5
-5
-5
-5
-5
-5
-6
-6
-6
-7
-7
-8
-7
-8
-9
-9
-9
-9
-10
-10
-10
-11
-11
-11
-12
-13
-12
-13
-14
-13
-14
-14
-15
-14
-15
-15
-15
-15
-16
-15
-16
-16
-15
-16
-16
-16
-16
-17
-16
-17
-17
-17
-17
-17
-17
-17
-18
-17
-18
-17
-18
-18
-18
-18
-18
-18
-18
-18
-17
-18
-17
-18
-18
-18
-18
-18
-18
-18
-17
-18
-18
-18
-18
-18
-17
-18
-17
-17
-17
-18
-17
-17
-17
-17
-17
-18
-17
-18
-17
-18
-17
-18
-17
-17
-17
-17
-16
-17
-16
-17
-16
-16
-17
-16
-17
-16
-16
-16
-17
-16
-16
-16
-16
-15
-16
-17
-16
-16
-16
-16
-16
-16
-15
-16
-15
-15
-16
-15
-15
-15
-15
-15
-15
-14
-15
-15
-15
-15
-15
-15
-14
-15
-15
-15
-15
-15
-15
-15
-15
-16
-15
-15
-15
-15
-14
-15
-15
-15
-15
-15
-15
-14
-15
-15
-14
-15
-14
-14
-14
-13
-13
-13
-12
-12
-10
-10
-10
-9
-9
-8
-8
-7
-6
-6
-5
-4
-4
-4
-3
-3
-3
-3
-3
-2
-3
-3
-3
-3
-3
-3
-4
-5
-4
-5
-5
-6
-6
-6
-7
-8
-7
-8
-9
-9
-9
-10
-11
-11
-11
-12
-13
-13
-13
-13
-14
-13
-14
-15
-15
-15
-15
-16
-16
-16
-17
-16
-17
-17
-17
-17
-17
-17
-17
-17
-18
-17
-18
-18
-17
-18
-18
-17
-18
-17
-18
-18
-18
-18
-17
-18
-18
-18
-18
-18
-18
-18
-17
-18
-18
-18
-18
-18
-17
-18
-17
-18
-17
-17
-17
-17
-17
-17
-17
-16
-17
-16
-17
-16
-17
-16
-17
-16
-16
-16
-16
-16
-16
-17
-16
-17
-16
-16
-16
-16
-15
-16
-15
-16
-16
-16
-16
-15
-16
-15
-15
-16
-15
-15
-15
-15
-15
-15
-15
-15
-15
-14
-15
-14
-15
-14
-15
-15
-14
-15
-14
-14
-14
-14
-15
-14
-14
-14
-14
-15
-14
-14
-14
-14
-15
-14
-14
-14
-14
-14
-14
-14
-13
-14
-14
-13
-13
-13
-13
-13
-12
-12
-13
-11
-11
-11
-9
-9
-9
-8
-8
-7
-6
-5
-5
-5
-4
-3
-3
-3
-2
-1
-1
-1
-1
-1
-1
0
-1
-1
-1
-1
-2
-1
-2
-2
-2
-3
-4
-3
-3
-4
-5
-5
-6
-6
-7
-7
-8
-8
-9
-9
-10
-11
-11
-12
-12
-13
-13
-13
-14
-14
-14
-14
-15
-15
-15
-16
-16
-17
-16
-17
-17
-16
-17
-17
-17
-17
-17
-18
-17
-17
-18
-17
-18
-18
-18
-18
-18
-18
-18
-18
-18
-18
-18
-18
-18
-18
-18
-18
-18
-18
-18
-18
-18
-18
-18
-18
-18
-18
-18
-18
-17
-18
-17
-17
-17
-17
-17
-17
-17
-17
-17
-17
-17
-17
-16
-17
-16
-16
-16
-16
-16
-16
-15
-16
-16
-15
-16
-15
-16
-15
-16
-15
-16
-16
-15
-16
-15
-15
-15
-15
-16
-15
-16
-15
-15
-15
-15
-14
-15
-15
-15
-15
-15
-15
-14
-15
-15
-14
-15
-14
-15
-14
-14
-15
-14
-15
-14
-14
-15
-14
-14
-13
-14
-13
-14
-14
-13
-14
-14
-13
-14
-13
-13
-13
-12
-13
-13
-12
-12
-11
-11
-11
-9
-9
-9
-8
-7
-6
-5
-5
-3
-3
-2
-1
0
1
1
1
2
2
2
3
3
3
3
3
2
2
2
2
3
2
2
1
1
1
0
0
-1
-1
-1
-1
-2
-2
-3
-4
-4
-5
-6
-6
-6
-7
-8
-9
-10
-10
-10
-11
-12
-12
-13
-14
-14
-14
-15
-15
-16
-15
-16
-16
-17
-17
-17
-18
-18
-18
-18
-19
-19
-18
-19
-20
-19
-20
-20
-20
-20
-19
-20
-20
-20
-20
-20
-20
-20
-19
-20
-19
-20
-19
-20
-19
-20
-19
-19
-19
-19
-19
-19
-19
-18
-19
-18
-19
-18
-18
-18
-18
-18
-18
-18
-17
-18
-17
-17
-17
-16
-17
-16
-17
-16
-16
-16
-16
-15
-16
-16
-16
-16
-15
-16
-15
-16
-15
-15
-14
-15
-16
-15
-15
-15
-15
-14
-15
-14
-14
-15
-14
-15
-14
-14
-14
-14
-15
-14
-14
-14
-14
-14
-14
-14
-14
-14
-14
-14
-14
-13
-13
-14
-13
-14
-13
-14
-14
-13
-14
-13
-13
-13
-13
-13
-13
-13
-14
-13
-13
-14
-13
-13
-12
-13
-13
-12
-12
-12
-12
-11
-11
-10
-10
-9
-8
-8
-7
-7
-5
-5
-4
-4
-3
-1
-1
0
0
1
2
2
2
3
3
2
2
2
3
3
2
3
2
2
2
2
1
1
0
1
1
0
0
-1
-1
-1
-2
-3
-3
-3
-4
-4
-6
-6
-7
-8
-8
-9
-9
-10
-11
-11
-12
-12
-12
-13
-14
-14
-14
-14
-15
-15
-16
-16
-16
-16
-17
-17
-16
-17
-18
-18
-18
-18
-19
-18
-18
-19
-18
-19
-19
-19
-19
-18
-19
-18
-19
-18
-19
-18
-19
-18
-18
-18
-18
-18
-18
-18
-18
-18
-18
-17
-18
-18
-18
-18
-18
-18
-18
-17
-17
-17
-17
-17
-17
-17
-17
-17
-17
-17
-16
-17
-16
-16
-16
-17
-16
-16
-16
-16
-16
-16
-16
-16
-16
-15
-16
-15
-16
-15
-15
-16
-15
-15
-15
-15
-15
-15
-14
-15
-15
-14
-15
-14
-14
-14
-14
-14
-14
-14
-14
-14
-14
-14
-14
-13
-14
-14
-13
-13
-13
-13
-14
-13
-13
-13
-13
-13
-13
-13
-12
-12
-12
-12
-12
-13
-12
-12
-12
-11
-11
-11
-10
-10
-10
-8
-8
-8
-7
-5
-5
-4
-4
-2
-1
0
0
1
2
3
3
3
4
4
4
4
4
4
4
4
5
5
4
4
4
4
4
3
3
3
2
2
2
1
1
0
0
-1
-2
-2
-2
-2
-3
-4
-4
-5
-6
-7
-7
-8
-8
-9
-9
-10
-10
-11
-12
-12
-13
-12
-13
-13
-14
-14
-15
-15
-15
-15
-16
-16
-17
-17
-17
-18
-17
-18
-18
-18
-18
-18
-18
-18
-19
-18
-19
-19
-19
-20
-19
-20
-19
-20
-19
-19
-19
-20
-19
-20
-19
-20
-19
-18
-19
-18
-19
-18
-19
-18
-19
-18
-18
-18
-18
-18
-17
-18
-17
-18
-17
-17
-17
-17
-16
-17
-16
-17
-16
-17
-16
-17
-16
-16
-16
-16
-15
-16
-16
-15
-16
-15
-16
-15
-15
-15
-15
-14
-14
-15
-14
-14
-13
-14
-13
-14
-14
-13
-14
-13
-13
-13
-13
-13
-12
-12
-13
-12
-13
-12
-12
-13
-12
-12
-12
-12
-13
-12
-12
-13
-12
-12
-13
-12
-12
-13
-12
-12
-11
-11
-11
-11
-10
-9
-9
-7
-7
-7
-6
-4
-4
-3
-2
-2
1
1
2
2
3
3
3
4
4
5
5
5
5
5
5
5
5
5
5
5
5
5
4
4
4
4
3
3
3
2
2
2
1
1
0
0
-1
-2
-1
-2
-3
-3
-4
-4
-5
-6
-6
-7
-7
-8
-8
-9
-10
-9
-10
-10
-11
-12
-12
-12
-13
-13
-13
-14
-14
-15
-15
-16
-15
-16
-17
-17
-17
-17
-18
-18
-18
-19
-18
-19
-19
-19
-19
-19
-20
-19
-20
-19
-20
-20
-20
-21
-20
-21
-20
-20
-20
-19
-20
-19
-20
-19
-20
-19
-20
-19
-20
-19
-18
-19
-19
-19
-19
-19
-19
-19
-18
-19
-18
-18
-18
-17
-18
-17
-17
-17
-17
-17
-17
-16
-16
-16
-16
-15
-15
-15
-15
-16
-15
-15
-15
-15
-14
-14
-14
-14
-14
-14
-14
-14
-14
-14
-14
-13
-14
-14
-13
-13
-13
-13
-12
-13
-13
-13
-13
-12
-13
-13
-12
-12
-13
-12
-12
-11
-11
-12
-11
-11
-12
-11
-11
-11
-11
-11
-11
-10
-11
-11
-10
-10
-10
-9
-9
-9
-8
-7
-6
-6
-5
-4
-3
-2
-1
-1
1
1
2
4
4
4
5
5
6
6
6
6
7
6
6
6
6
6
6
6
6
1000
6
6
6
5
5
5
5
5
4
4
4
3
2
2
2
1
0
0
-1
-1
-2
-3
-3
-4
-4
-5
-6
-6
-6
-7
-7
-8
-8
-9
-9
-10
-10
-10
-10
-11
-11
-12
-12
-13
-13
-14
-15
-14
-15
-15
-16
-15
-16
-16
-16
-16
-17
-17
-16
-17
-17
-17
-18
-17
-18
-18
-18
-19
-18
-19
-18
-19
-18
-19
-19
-19
-19
-19
-19
-19
-19
-20
-19
-20
-19
-20
-19
-20
-19
-20
-20
-20
-19
-19
-20
-19
-19
-19
-19
-18
-19
-18
-19
-18
-18
-17
-18
-17
-18
-17
-17
-17
-17
-16
-16
-16
-16
-15
-15
-15
-15
-15
-15
-14
-15
-15
-14
-14
-14
-15
-13
-14
-13
-14
-14
-13
-14
-13
-13
-12
-13
-13
-12
-13
-12
-12
-13
-12
-12
-12
-12
-12
-12
-12
-12
-11
-11
-11
-11
-10
-9
-9
-9
-8
-6
-6
-5
-5
-3
-2
-1
0
1
1
2
3
4
5
5
6
6
7
7
7
8
8
8
9
9
9
9
9
9
9
9
9
9
9
8
8
8
8
8
8
8
8
8
8
8
6
6
6
5
5
5
5
4
4
3
2
2
1
1
1
0
0
0
-1
-2
-3
-3
-3
-4
-4
-5
-5
-5
-6
-7
-7
-7
-8
-8
-9
-9
-10
-10
-11
-12
-12
-12
-12
-13
-13
-14
-14
-14
-15
-15
-15
-16
-16
-16
-16
-17
-17
-17
-18
-18
-18
-18
-18
-19
-19
-20
-19
-20
-19
-20
-20
-21
-20
-21
-20
-21
-20
-21
-21
-21
-21
-21
-21
-22
-21
-22
-22
-22
-22
-21
-22
-21
-22
-21
-22
-21
-21
-21
-21
-21
-21
-21
-20
-20
-20
-20
-20
-20
-20
-20
-19
-19
-19
-19
-18
-18
-18
-18
-18
-18
-17
-17
-17
-16
-17
-16
-16
-16
-16
-16
-16
-15
-16
-15
-15
-15
-15
-14
-14
-14
-14
-14
-13
-14
-13
-13
-12
-12
-12
-10
-10
-10
-8
-7
-7
-5
-4
-3
-2
0
1
1
2
3
3
5
5
6
7
8
8
9
9
10
10
11
11
11
12
12
13
13
13
13
14
14
14
14
14
14
14
14
14
14
13
13
13
13
13
11
11
11
10
10
8
8
7
7
7
5
4
4
3
3
2
1
1
0
-1
-1
-2
-3
-4
-4
-5
-5
-6
-7
-8
-8
-9
-9
-10
-10
-11
-12
-12
-12
-12
-13
-14
-14
-15
-16
-15
-16
-16
-17
-16
-17
-18
-17
-18
-18
-18
-19
-19
-19
-19
-19
-20
-21
-20
-21
-20
-21
-21
-22
-21
-22
-21
-22
-22
-22
-23
-22
-23
-22
-22
-23
-23
-23
-23
-23
-23
-22
-23
-22
-23
-23
-22
-23
-22
-23
-22
-22
-22
-21
-22
-22
-21
-21
-21
-21
-21
-20
-20
-20
-20
-19
-20
-19
-19
-19
-19
-19
-18
-19
-18
-17
-18
-17
-18
-17
-17
-17
-17
-17
-17
-16
-16
-16
-16
-15
-15
-15
-15
-13
-13
-12
-12
-10
-9
-9
-7
-7
-5
-4
-3
-2
-1
1
1
2
3
4
5
5
7
7
9
9
10
11
11
12
12
13
13
14
13
13
14
14
14
15
15
15
14
15
15
15
15
15
14
13
13
13
13
11
11
10
10
10
8
8
7
7
6
5
5
4
4
2
2
1
0
0
-1
-2
-3
-3
-4
-5
-5
-7
-7
-8
-8
-9
-9
-10
-11
-11
-12
-12
-13
-14
-13
-14
-14
-15
-15
-16
-16
-16
-17
-17
-17
-17
-18
-18
-18
-19
-18
-19
-19
-19
-19
-19
-20
-19
-20
-20
-20
-21
-20
-21
-20
-20
-20
-20
-21
-20
-21
-20
-21
-20
-21
-21
-20
-21
-20
-21
-20
-21
-21
-20
-21
-20
-21
-20
-21
-20
-21
-21
-20
-21
-20
-21
-20
-21
-20
-19
-20
-19
-20
-19
-20
-19
-20
-19
-18
-19
-18
-18
-18
-18
-17
-17
-16
-17
-16
-17
-16
-16
-16
-16
-15
-16
-15
-15
-14
-14
-14
-14
-13
-12
-12
-11
-11
-10
-8
-8
-7
-5
-4
-3
-1
0
1
2
3
4
6
7
8
9
10
11
12
12
14
14
15
15
16
16
16
16
17
18
18
1000
18
18
19
19
18
18
19
18
17
17
17
17
16
15
15
14
13
13
13
11
10
10
9
8
7
7
6
4
4
4
3
1
1
0
0
-2
-2
-3
-3
-4
-6
-6
-7
-7
-8
-8
-8
-9
-10
-11
-11
-12
-12
-12
-12
-13
-13
-14
-15
-15
-16
-15
-16
-16
-16
-16
-16
-17
-16
-17
-17
-17
-18
-18
-18
-18
-18
-18
-18
-19
-19
-19
-19
-19
-19
-19
-20
-19
-20
-19
-19
-20
-19
-20
-19
-20
-19
-20
-20
-20
-20
-20
-20
-19
-20
-20
-20
-20
-20
-20
-20
-20
-20
-20
-21
-20
-20
-20
-20
-20
-20
-21
-20
-21
-20
-21
-20
-19
-20
-19
-20
-19
-20
-19
-20
-19
-20
-19
-18
-19
-18
-18
-18
-18
-17
-18
-17
-17
-17
-17
-16
-16
-15
-15
-14
-14
-13
-12
-12
-10
-9
-9
-7
-6
-5
-3
-2
-1
0
2
3
4
5
6
7
9
10
11
12
13
14
14
15
16
15
16
16
17
17
18
18
19
17
17
18
18
18
17
17
17
17
16
16
15
15
14
13
13
12
11
10
9
9
7
7
6
6
5
4
3
3
2
1
0
0
-1
-3
-3
-4
-4
-5
-5
-7
-7
-7
-8
-8
-9
-9
-10
-10
-11
-11
-11
-12
-12
-12
-13
-13
-14
-14
-14
-14
-14
-15
-14
-14
-15
-15
-15
-15
-15
-15
-16
-16
-16
-16
-16
-16
-17
-16
-17
-16
-17
-16
-17
-16
-17
-17
-17
-18
-17
-17
-17
-18
-18
-18
-18
-18
-18
-18
-18
-19
-18
-19
-18
-19
-18
-19
-19
-19
-19
-19
-19
-20
-19
-19
-19
-20
-19
-19
-19
-19
-19
-19
-18
-19
-18
-19
-18
-19
-18
-18
-18
-18
-18
-18
-17
-18
-17
-18
-17
-17
-17
-17
-16
-17
-17
-16
-16
-16
-15
-15
-14
-14
-13
-12
-11
-10
-9
-9
-7
-6
-6
-3
-3
-1
0
1
2
3
4
5
6
7
8
9
10
10
11
11
12
12
13
13
14
14
13
14
13
14
14
14
14
14
13
13
13
12
12
12
11
10
10
9
8
8
8
7
5
5
4
4
3
3
1
0
0
-1
-1
-2
-2
-3
-4
-4
-5
-6
-6
-7
-7
-7
-8
-8
-9
-10
-10
-10
-11
-12
-11
-11
-12
-12
-13
-13
-13
-13
-13
-13
-14
-14
-15
-14
-14
-15
-14
-14
-14
-14
-15
-15
-14
-15
-15
-15
-15
-15
-15
-16
-15
-16
-15
-15
-15
-16
-16
-16
-17
-16
-17
-16
-17
-16
-17
-16
-17
-17
-17
-17
-17
-18
-17
-18
-18
-18
-18
-18
-18
-18
-17
-18
-17
-18
-18
-18
-18
-18
-18
-18
-18
-17
-18
-18
-18
-17
-18
-17
-18
-17
-17
-18
-17
-17
-17
-17
-17
-17
-17
-17
-16
-17
-16
-16
-16
-16
-16
-16
-15
-16
-16
-15
-15
-14
-14
-13
-13
-12
-11
-10
-8
-8
-6
-6
-4
-3
-2
0
1
2
3
4
5
6
8
9
9
10
11
12
12
13
13
14
14
14
14
15
15
15
16
16
16
16
16
16
16
16
16
15
15
14
14
13
13
12
12
12
10
9
9
8
7
6
5
5
4
4
2
2
1
0
0
-2
-2
-3
-3
-4
-4
-5
-6
-6
-6
-6
-7
-7
-7
-8
-9
-10
-10
-10
-11
-11
-10
-10
-11
-11
-12
-12
-13
-13
-12
-13
-13
-13
-13
-13
-13
-14
-13
-14
-14
-13
-14
-15
-14
-14
-15
-14
-15
-15
-15
-16
-15
-16
-15
-16
-16
-16
-16
-16
-17
-16
-17
-17
-17
-17
-17
-17
-17
-17
-18
-18
-18
-18
-18
-18
-18
-18
-18
-18
-18
-18
-19
-18
-18
-18
-18
-17
-18
-18
-18
-17
-18
-17
-18
-17
-17
-17
-17
-17
-17
-17
-17
-17
-17
-17
-16
-17
-16
-16
-15
-16
-16
-16
-15
-16
-15
-16
-16
-15
-15
-15
-15
-15
-15
-15
-15
-14
-14
-15
-14
-14
-13
-12
-12
-10
-10
-9
-8
-7
-6
-4
-3
-2
-1
1
2
3
4
5
6
7
7
8
9
10
10
11
12
12
13
13
14
14
15
15
15
15
15
15
15
15
15
15
15
14
14
14
13
13
12
11
11
1000
10
10
8
7
7
6
6
4
3
3
2
2
1
0
-1
-2
-2
-2
-3
-3
-5
-5
-6
-6
-6
-7
-7
-8
-9
-9
-9
-10
-10
-10
-10
-11
-11
-11
-11
-11
-12
-12
-12
-12
-13
-12
-12
-13
-13
-13
-13
-13
-14
-13
-13
-14
-13
-14
-14
-13
-14
-13
-14
-14
-14
-14
-14
-14
-14
-14
-15
-14
-15
-14
-15
-15
-15
-16
-15
-16
-15
-16
-16
-16
-16
-16
-17
-16
-17
-17
-16
-17
-16
-17
-16
-17
-17
-17
-17
-16
-17
-16
-17
-17
-16
-17
-16
-17
-16
-17
-17
-16
-17
-17
-17
-16
-17
-16
-17
-17
-16
-17
-16
-16
-16
-16
-15
-15
-15
-15
-16
-15
-15
-15
-15
-14
-15
-14
-14
-14
-13
-12
-11
-10
-10
-8
-7
-6
-5
-4
-3
-2
-1
1
2
3
4
5
6
7
8
9
10
10
11
11
12
12
13
13
12
13
13
13
14
13
13
13
13
13
12
12
12
12
12
12
11
10
10
9
8
8
8
7
6
5
5
4
4
3
2
1
0
0
-1
-1
-2
-2
-4
-5
-5
-6
-6
-7
-7
-8
-8
-8
-9
-9
-9
-10
-10
-10
-10
-11
-11
-11
-12
-12
-12
-13
-13
-12
-13
-13
-13
-12
-12
-13
-13
-12
-13
-13
-12
-13
-13
-12
-13
-13
-13
-13
-14
-13
-13
-14
-13
-14
-13
-14
-14
-13
-14
-13
-14
-13
-14
-14
-14
-14
-14
-14
-15
-15
-15
-14
-15
-15
-15
-16
-15
-16
-15
-16
-16
-16
-16
-15
-16
-17
-16
-17
-16
-16
-17
-16
-16
-16
-16
-17
-16
-17
-16
-17
-16
-16
-17
-16
-16
-15
-16
-15
-15
-15
-15
-15
-15
-15
-14
-15
-15
-14
-14
-14
-15
-14
-14
-15
-14
-14
-13
-13
-13
-12
-12
-11
-10
-9
-8
-7
-6
-5
-3
-3
-1
0
1
3
4
5
6
7
8
9
9
10
11
12
12
13
13
14
14
15
15
15
16
15
15
15
15
15
15
14
14
14
14
14
14
13
12
12
12
11
9
9
9
8
7
6
5
5
4
3
3
1
1
0
0
-1
-1
-3
-4
-4
-5
-5
-6
-6
-7
-8
-8
-9
-9
-9
-9
-10
-10
-10
-10
-11
-11
-12
-12
-12
-12
-12
-12
-13
-13
-13
-12
-13
-13
-13
-12
-13
-13
-13
-13
-13
-14
-13
-13
-13
-13
-14
-13
-13
-14
-13
-14
-13
-14
-14
-14
-14
-13
-14
-14
-14
-14
-14
-14
-14
-14
-15
-15
-15
-14
-15
-14
-15
-16
-15
-16
-15
-16
-16
-15
-16
-15
-16
-16
-16
-16
-16
-16
-16
-16
-16
-16
-16
-16
-16
-16
-16
-16
-15
-16
-16
-16
-16
-15
-16
-16
-16
-16
-15
-16
-15
-16
-15
-15
-15
-15
-15
-14
-14
-14
-14
-14
-14
-14
-13
-13
-13
-12
-12
-11
-11
-10
-9
-8
-8
-7
-5
-4
-3
-2
0
0
1
2
3
5
6
7
7
8
9
9
10
10
11
11
12
12
12
13
13
14
13
13
13
14
13
13
13
13
12
12
11
11
11
11
10
9
9
8
8
7
7
5
5
4
4
3
3
2
1
0
0
-1
-2
-2
-3
-3
-5
-5
-5
-6
-6
-6
-6
-7
-7
-7
-7
-8
-8
-9
-9
-9
-10
-10
-10
-11
-11
-11
-11
-11
-11
-11
-12
-11
-12
-11
-12
-12
-12
-12
-12
-12
-12
-12
-12
-13
-12
-12
-13
-12
-12
-13
-12
-12
-12
-12
-13
-12
-12
-13
-12
-13
-12
-13
-13
-12
-13
-13
-13
-14
-13
-14
-14
-13
-14
-14
-14
-14
-14
-14
-15
-14
-14
-15
-14
-14
-15
-15
-15
-14
-15
-15
-15
-15
-14
-15
-15
-14
-15
-16
-14
-15
-14
-15
-15
-14
-15
-14
-14
-15
-14
-14
-14
-14
-14
-14
-13
-13
-13
-13
-12
-12
-11
-10
-9
-9
-7
-6
-6
-5
-2
-1
-1
0
1
3
3
4
5
5
6
7
8
8
8
9
10
10
10
10
11
11
11
11
11
11
11
11
11
11
11
11
10
10
10
9
9
9
9
8
8
6
6
6
5
4
4
3
3
1
1
1
0
-1
-1
-2
-2
-3
-3
-4
-5
-5
-5
-5
-6
-6
-6
-6
-6
-7
-7
-7
-7
-7
-8
-8
-8
-9
-9
-9
-9
-10
-10
-10
-9
-9
-10
-10
-10
-10
-10
-10
-11
-11
-10
-10
-11
-10
-10
-11
-11
-11
-11
-11
-11
-11
-11
-11
-11
-12
-11
-11
-12
-11
-12
-12
-12
-12
-13
-12
-13
-13
-12
-13
-13
-13
-14
-13
-14
-14
-13
-14
-14
-14
-14
-15
-14
-14
-15
-14
-14
-15
-14
-14
-15
-14
-14
-14
-14
-15
-14
-14
-15
-14
-14
-13
-14
-14
-13
-14
-14
-14
-14
-13
-14
-14
-13
-13
-13
-13
-13
-12
-12
-12
-11
-10
-10
-9
-8
-8
-6
-5
-4
-4
-3
-1
0
1
2
2
4
5
6
6
7
8
8
9
9
10
10
10
10
11
11
11
12
11
12
12
11
11
11
11
11
11
11
10
10
9
9
8
8
8
7
7
6
5
5
4
4
3
3
2
2
1
0
0
-1
-1
-1
-2
-2
-2
-3
-4
-4
-4
-4
-5
-5
-6
-6
-6
-7
-7
-7
-7
-8
-8
-8
-8
-9
-9
-9
-9
-10
-10
-9
-10
-10
-10
-11
-11
-10
-10
-10
-11
-10
-11
-11
-11
-11
-11
-11
-10
-11
-11
-11
-11
-11
-11
-11
-11
-11
-11
-11
-11
-11
-12
-11
-11
-12
-12
-12
-13
-12
-13
-13
-12
-13
-13
-13
-13
-13
-13
-13
-14
-13
-14
-13
-13
-13
-14
-13
-13
-14
-13
-14
-14
-14
-14
-13
-14
-14
-13
-13
-14
-13
-13
-13
-12
-13
-13
-13
-13
-12
-13
-13
-12
-12
-13
-12
-12
-12
-12
-11
-11
-10
-10
-10
-8
-8
-7
-7
-5
-5
-4
-3
-2
-1
0
1
1
2
4
4
5
5
6
6
7
7
7
8
8
8
9
8
9
9
9
9
9
9
9
9
9
9
9
8
7
7
7
6
6
6
6
5
5
4
4
4
2
2
1
1
0
0
0
-1
-1
-2
-2
-2
-3
-3
-4
-4
-5
-5
-5
-5
-5
-6
-6
-6
-6
-6
-6
-7
-7
-7
-7
-7
-8
-8
-8
-9
-8
-8
-8
-8
-9
-9
-9
-8
-9
-9
-10
-9
-9
-9
-10
-10
-9
-9
-10
-9
-10
-10
-10
-10
-10
-10
-10
-10
-10
-11
-10
-11
-11
-10
-11
-11
-11
-11
-12
-11
-12
-12
-12
-12
-12
-12
-12
-12
-13
-12
-13
-13
-12
-13
-13
-13
-13
-13
-13
-12
-13
-13
-13
-13
-13
-13
-13
-13
-12
-13
-13
-12
-12
-12
-12
-12
-12
-12
-12
-12
-12
-12
-12
-12
-12
-11
-11
-11
-11
-10
-9
-9
-8
-7
-7
-6
-4
-4
-3
-2
-2
0
0
1
1
2
3
3
5
5
6
6
6
7
7
8
7
8
8
8
8
8
8
8
8
8
8
8
8
8
8
7
7
7
7
6
6
6
5
5
4
4
4
3
2
1
1
1
0
-1
-1
-1
-2
-2
-3
-3
-3
-4
-4
-4
-4
-5
-6
-6
-6
-6
-6
-6
-7
-7
-7
-7
-7
-7
-7
-7
-7
-7
-8
-8
-8
-8
-8
-9
-8
-8
-8
-8
-9
-8
-8
-9
-9
-9
-9
-9
-9
-9
-9
-9
-10
-10
-9
-10
-10
-9
-9
-10
-10
-10
-10
-11
-10
-10
-11
-10
-10
-11
-11
-11
-11
-11
-11
-11
-12
-12
-11
-11
-12
-11
-11
-11
-12
-11
-12
-11
-11
-12
-12
-12
-11
-12
-12
-11
-11
-12
-11
-11
-11
-11
-11
-11
-11
-10
-11
-11
-10
-11
-11
-10
-10
-10
-11
-10
-10
-11
-10
-10
-11
-10
-10
-10
-10
-10
-10
-9
-9
-9
-9
-8
-7
-7
-6
-5
-5
-4
-3
-2
-2
0
0
1
1
2
2
3
3
4
5
6
7
7
7
7
7
8
8
8
8
7
8
8
8
8
8
8
8
8
8
8
8
8
8
8
6
6
6
5
5
4
4
3
3
3
2
2
2
0
0
0
-1
-1
-2
-2
-2
-3
-3
-3
-4
-4
-4
-4
-5
-5
-6
-6
-6
-7
-7
-7
-7
-7
-6
-6
-6
-7
-7
-7
-7
-8
-8
-8
-8
-7
-8
-8
-8
-9
-9
-8
-9
-9
-9
-9
-9
-9
-9
-9
-9
-10
-10
-9
-9
-10
-10
-9
-10
-10
-10
-10
-10
-11
-10
-11
-11
-10
-10
-11
-12
-10
-11
-11
-11
-11
-11
-11
-11
-11
-12
-11
-12
-12
-11
-12
-12
-12
-12
-12
-12
-12
-12
-12
-11
-11
-12
-12
-11
-11
-11
-11
-11
-11
-10
-11
-11
-10
-10
-11
-11
-10
-10
-10
-10
-10
-10
-9
-10
-10
-10
-10
-10
-10
-10
-10
-10
-9
-9
-10
-9
-9
-10
-10
-9
-9
-9
-8
-8
-8
-8
-7
-7
-6
-6
-6
-4
-4
-3
-2
-2
-1
0
1
1
2
3
3
4
4
4
5
5
5
5
6
6
6
6
6
7
7
7
7
7
7
7
7
7
7
7
7
7
6
6
6
5
4
4
3
3
2
2
2
1
1
0
0
-1
-1
-1
-2
-2
-3
-3
-3
-3
-4
-4
-4
-4
-5
-5
-5
-5
-5
-5
-6
-6
-6
-6
-6
-6
-6
-6
-6
-7
-7
-7
-7
-8
-8
-7
-7
-7
-8
-8
-8
-7
-7
-7
-8
-8
-8
-8
-8
-8
-9
-8
-9
-9
-9
-9
-9
-9
-10
-9
-9
-9
-9
-9
-9
-10
-9
-9
-10
-9
-9
-10
-10
-9
-10
-10
-10
-9
-10
-10
-11
-10
-10
-11
-11
-10
-11
-11
-11
-10
-11
-11
-10
-11
-11
-11
-11
-10
-11
-11
-11
-11
-11
-10
-10
-11
-11
-10
-10
-10
-9
-10
-10
-10
-10
-10
-10
-9
-10
-10
-9
-9
-9
-10
-9
-9
-9
-8
-9
-9
-9
-8
-8
-8
-8
-7
-6
-6
-5
-5
-3
-3
-2
-1
-1
0
1
2
3
3
4
4
5
5
6
6
6
7
7
7
7
7
7
7
7
7
7
7
7
7
7
7
7
7
7
6
5
5
5
5
4
4
4
4
3
3
2
2
2
1
1
1
-1
-1
-1
-2
-2
-3
-3
-3
-4
-4
-4
-4
-5
-5
-5
-5
-6
-6
-6
-6
-6
-6
-6
-7
-7
-7
-7
-7
-7
-7
-8
-7
-7
-7
-8
-8
-8
-8
-8
-8
-8
-8
-8
-8
-8
-8
-9
-8
-8
-9
-9
-8
-8
-8
-9
-9
-9
-9
-9
-9
-9
-9
-9
-9
-9
-9
-9
-9
-9
-10
-9
-9
-10
-10
-9
-9
-10
-10
-9
-10
-10
-11
-10
-10
-10
-11
-10
-10
-11
-11
-10
-10
-11
-10
-10
-10
-10
-10
-10
-10
-10
-10
-10
-10
-10
-10
-10
-10
-9
-10
-10
-10
-9
-9
-10
-9
-9
-10
-10
-9
-9
-10
-9
-9
-9
-10
-9
-9
-9
-8
-9
-9
-9
-8
-8
-8
-8
-7
-6
-6
-6
-5
-4
-3
-2
-2
-1
-1
0
2
2
3
3
4
4
5
5
6
6
6
7
7
7
7
7
7
7
7
7
7
7
7
7
7
7
7
7
6
6
6
6
5
5
5
5
4
3
3
3
2
2
1
1
1
0
-1
-1
-2
-2
-2
-3
-3
-3
-4
-3
-4
-4
-4
-5
-5
-5
-5
-5
-6
-6
-6
-6
-6
-7
-7
-7
-7
-7
-7
-7
-7
-7
-6
-7
-7
-7
-8
-8
-7
-7
-7
-8
-8
-8
-7
-8
-8
-8
-8
-8
-8
-8
-9
-8
-8
-8
-9
-8
-9
-9
-8
-9
-9
-9
-8
-9
-9
-9
-8
-9
-9
-10
-9
-9
-10
-10
-9
-10
-10
-10
-9
-10
-10
-11
-10
-10
-11
-11
-10
-11
-11
-11
-10
-10
-11
-10
-10
-11
-11
-10
-11
-11
-11
-10
-11
-11
-10
-10
-11
-10
-10
-10
-10
-10
-10
-10
-10
-9
-10
-10
-9
-10
-10
-9
-9
-9
-10
-9
-9
-9
-8
-8
-8
-8
-8
-6
-6
-6
-5
-4
-3
-2
-2
-1
-1
1
2
2
3
3
4
4
5
5
6
6
6
7
6
7
7
7
7
7
7
7
7
7
7
7
7
7
7
7
6
6
6
5
4
4
4
3
3
3
3
2
1
1
1
0
0
0
-1
-1
-2
-2
-2
-3
-4
-3
-5
-4
-5
-5
-5
-6
-6
-6
-6
-6
-7
-7
-7
-7
-7
-8
-8
-7
-7
-7
-7
-7
-7
-7
-7
-7
-6
-7
-7
-7
-7
-8
-7
-7
-7
-7
-8
-7
-7
-8
-8
-8
-8
-8
-8
-8
-8
-8
-8
-8
-8
-8
-9
-8
-9
-9
-9
-8
-9
-9
-9
-8
-9
-9
-9
-9
-9
-10
-10
-9
-9
-10
-10
-9
-9
-9
-10
-9
-9
-10
-10
-10
-10
-10
-10
-11
-10
-10
-10
-10
-10
-10
-10
-9
-9
-9
-9
-9
-9
-9
-9
-9
-9
-9
-10
-9
-9
-9
-9
-9
-9
-9
-8
-8
-9
-9
-8
-8
-8
-8
-7
-7
-7
-7
-5
-5
-5
-4
-4
-3
-1
-1
0
0
1
1
2
2
2
3
4
4
5
5
5
6
6
6
6
7
7
7
7
7
8
8
8
7
6
6
6
6
6
6
6
5
5
5
5
4
4
4
3
3
2
2
1
0
0
0
0
-1
-1
-1
-2
-2
-2
-3
-3
-3
-3
-4
-4
-4
-4
-5
-4
-5
-5
-5
-5
-5
-6
-6
-6
-6
-6
-6
-6
-6
-6
-6
-6
-6
-5
-6
-6
-6
-6
-7
-7
-6
-6
-7
-7
-7
-7
-6
-7
-7
-7
-7
-7
-7
-7
-8
-7
-7
-7
-8
-8
-8
-8
-8
-9
-8
-8
-8
-9
-8
-8
-8
-9
-8
-9
-9
-9
-9
-8
-9
-9
-10
-9
-9
-9
-10
-9
-9
-10
-10
-10
-10
-10
-10
-10
-10
-10
-10
-10
-10
-10
-10
-10
-9
-10
-10
-10
-9
-9
-9
-9
-9
-9
-9
-9
-8
-9
-9
-8
-8
-9
-9
-8
-8
-8
-9
-8
-8
-8
-7
-7
-7
-7
-7
-6
-6
-6
-5
-5
-4
-3
-3
-2
-1
-1
0
1
2
2
3
3
3
4
4
4
5
5
5
6
6
6
6
6
7
7
6
6
6
6
6
6
6
6
6
5
5
5
5
5
4
4
3
3
2
2
2
2
1
1
0
0
-1
-1
-1
-2
-2
-2
-3
-3
-3
-3
-4
-4
-4
-4
-4
-5
-5
-5
-5
-5
-5
-5
-5
-5
-5
-5
-5
-5
-5
-5
-5
-5
-6
-6
-6
-5
-6
-6
-6
-6
-7
-7
-6
-6
-6
-7
-7
-7
-7
-7
-7
-7
-7
-7
-7
-7
-8
-7
-7
-7
-8
-7
-7
-8
-8
-8
-7
-8
-8
-8
-7
-7
-8
-8
-8
-7
-8
-8
-8
-8
-8
-8
-9
-9
-8
-8
-8
-9
-9
-9
-9
-9
-10
-9
-9
-9
-9
-10
-9
-9
-9
-10
-9
-9
-9
-9
-8
-8
-8
-8
-7
-7
-8
-8
-7
-7
-7
-7
-8
-7
-7
-7
-8
-7
-7
-7
-8
-44
-44
-59
-16
-36
-71
12
-48
-44
0
-60
-7
-48
-11
-36
-27
-16
-52
1
-44
-11
-40
-11
-39
-20
-19
-43
-3
-55
1
-40
-20
-19
-43
1
-44
-8
-40
-12
-35
-19
-16
-43
-3
-51
4
-40
-19
-15
-44
1
-44
-8
-35
-11
-31
-24
-12
-40
0
-48
1
-32
-23
-4
-48
5
-40
-7
-31
-16
-20
-28
-8
-39
1
-44
1
-28
-31
0
-52
8
-40
-7
-24
-23
-7
-32
-4
-36
0
-40
-3
-19
-35
5
-47
9
-35
-11
-15
-35
4
-35
0
-32
-4
-27
-11
-7
-36
4
-44
8
-32
-16
-3
-40
13
-36
1
-27
-11
-12
-24
0
-32
5
-40
5
-19
-27
8
-44
16
-35
-4
-15
-24
4
-28
4
-31
4
-32
-3
-8
-31
9
-44
13
-27
-8
-3
-36
13
-31
5
-23
-4
-15
-12
0
-28
9
-35
13
-20
-20
9
-39
20
-28
1
-15
-15
5
-24
5
-27
8
-28
5
-8
-24
13
-39
20
-27
-4
0
-27
16
-27
9
-23
1
-16
-8
4
-28
12
-35
17
-16
-16
13
-36
21
-27
5
-12
-12
5
-20
9
-23
9
-27
8
-7
-24
17
-39
20
-24
0
0
-27
21
-23
12
-20
4
-11
-7
5
-23
17
-32
20
-15
-11
16
-35
24
-23
8
-11
-7
9
-15
13
-20
13
-23
12
-3
-19
21
-31
28
-19
4
5
-24
25
-20
13
-15
8
-8
-4
12
-20
21
-27
21
-8
-7
20
-31
29
-19
13
-7
-4
13
-12
16
-15
17
-20
13
4
-15
24
-31
29
-16
5
13
-19
29
-16
20
-12
9
0
1
13
-15
25
-24
25
-3
-7
25
