0
25
-7
25
-7
24
-7
17
17
-7
32
-20
37
-4
9
25
-16
41
-8
24
4
16
17
5
25
-7
33
-12
29
13
0
37
-16
41
-3
21
20
-4
40
-4
29
1
29
9
17
25
-3
37
-11
41
8
9
37
-15
48
-4
28
13
12
33
5
32
0
36
0
28
24
0
44
-11
48
5
21
33
-4
49
1
36
9
25
24
12
33
1
40
-3
40
16
9
44
-8
53
5
29
29
9
45
5
37
9
36
16
25
32
8
45
-3
49
12
17
45
-3
53
4
37
20
21
37
12
40
8
44
8
40
28
8
48
-4
56
9
29
40
4
53
8
44
16
36
29
24
40
9
49
5
52
25
16
53
-3
61
9
40
29
17
52
12
45
17
45
17
36
40
12
53
0
57
17
29
48
4
61
13
48
25
33
41
21
49
17
52
12
48
33
17
57
4
65
17
40
45
13
60
17
52
24
44
32
33
48
16
60
9
60
28
28
57
9
68
17
48
37
32
56
24
53
24
57
21
49
44
21
64
9
68
24
40
56
17
69
20
57
33
48
44
36
56
24
64
21
61
41
28
68
12
73
25
52
49
28
69
25
61
29
60
36
49
56
25
69
20
73
37
40
65
17
77
28
60
40
45
61
36
65
32
68
28
65
52
32
77
21
81
32
56
60
29
77
33
69
40
60
48
48
64
33
77
28
76
44
44
77
25
85
36
68
52
48
73
40
73
40
72
41
65
64
37
80
29
85
40
60
73
32
89
40
76
48
64
61
52
76
41
81
37
84
56
48
85
32
93
45
72
65
49
85
48
81
48
81
53
69
73
45
88
36
93
53
65
85
41
97
48
81
60
69
76
60
84
52
89
45
88
69
57
93
41
101
53
80
77
53
96
53
89
57
85
64
76
84
53
96
44
101
61
69
93
45
105
53
89
68
76
84
65
93
60
96
57
96
76
64
104
48
109
60
84
84
60
105
61
96
68
92
73
81
93
61
104
53
109
72
76
101
53
113
61
96
76
84
96
72
101
65
104
65
101
84
69
113
57
117
69
93
93
68
113
69
104
72
101
81
92
100
69
112
60
116
76
85
109
64
120
69
105
84
93
101
80
108
76
113
73
113
93
80
120
64
124
76
105
100
80
120
76
112
80
113
84
101
105
76
120
68
124
84
97
117
72
128
77
113
88
105
105
93
117
84
124
77
121
97
88
128
72
133
85
113
105
92
125
85
120
89
120
88
116
112
89
132
76
137
93
108
121
85
137
88
124
96
116
108
104
124
92
133
85
136
104
100
137
80
145
93
124
109
108
129
96
132
96
133
93
129
116
96
140
84
145
96
120
124
97
144
96
133
105
129
112
120
128
100
144
92
145
108
117
140
92
153
100
137
112
124
128
112
136
105
145
100
144
121
109
149
93
156
105
137
124
113
144
108
144
112
145
109
137
132
108
153
97
157
112
132
141
108
156
108
148
116
141
125
132
145
113
157
105
160
121
128
152
105
164
112
148
125
136
144
124
152
117
157
112
157
132
124
161
108
169
116
148
136
129
157
121
156
124
160
121
153
145
124
165
109
172
125
148
149
124
169
124
161
129
157
137
149
156
124
168
117
173
133
145
165
121
177
125
164
137
153
148
144
165
128
172
124
176
140
140
172
120
185
129
165
148
149
164
140
172
137
176
133
172
153
140
181
125
188
136
169
160
145
180
141
177
141
177
144
168
164
140
184
129
192
144
168
172
140
188
141
181
149
177
157
165
176
145
188
136
193
152
164
184
140
197
144
185
157
176
168
164
184
148
193
144
196
161
164
193
141
204
148
188
165
172
180
160
188
157
197
149
197
169
164
200
145
209
153
189
173
172
193
161
197
161
197
157
196
181
165
204
149
212
160
192
185
169
205
164
201
165
200
165
196
188
165
209
153
216
165
193
196
165
212
165
205
173
201
176
193
196
168
213
160
220
173
193
205
168
221
169
208
177
205
189
193
205
172
220
165
224
180
192
213
169
229
176
212
184
204
196
192
213
176
224
172
224
189
197
220
169
233
177
216
192
205
205
192
217
181
225
176
228
196
197
229
172
237
184
220
197
208
216
196
225
189
229
181
232
204
197
233
177
245
188
225
204
209
225
197
229
193
233
189
236
209
204
241
184
249
193
232
209
216
232
205
237
201
240
197
241
217
205
245
189
256
201
236
217
217
237
209
241
205
244
201
244
220
212
249
193
260
205
241
221
225
240
213
245
209
249
205
249
225
217
256
196
265
208
245
228
228
245
217
253
212
256
209
257
229
221
261
204
269
212
252
232
236
249
225
257
217
261
216
261
236
229
264
209
276
220
256
236
241
252
233
261
224
269
221
269
237
237
269
213
280
224
264
240
249
257
236
265
229
273
224
276
240
244
272
221
285
229
268
241
256
257
244
269
233
277
229
281
245
252
277
228
289
236
276
245
265
261
252
276
237
285
233
289
249
260
281
233
296
241
280
252
273
261
264
277
245
292
237
297
252
268
284
241
300
244
289
256
281
260
273
280
249
296
241
304
253
277
285
249
301
253
292
256
293
260
281
284
256
304
245
308
257
285
285
260
305
257
300
260
297
261
292
284
264
309
248
316
260
293
285
272
305
265
305
265
308
264
304
285
272
316
256
324
268
305
285
289
305
276
309
273
316
268
317
288
285
317
261
329
272
313
285
300
301
289
312
277
321
268
324
285
296
320
272
332
276
321
288
312
297
301
313
280
328
272
336
284
309
317
281
336
284
324
289
324
293
316
316
288
336
277
344
288
321
312
297
332
292
333
293
333
293
332
313
301
341
280
349
293
333
309
317
329
305
337
296
340
292
345
308
313
340
292
353
296
341
308
333
321
320
336
301
349
293
356
308
328
336
304
357
305
345
312
344
313
337
337
308
357
296
365
308
344
333
321
353
316
352
313
357
312
357
333
324
360
304
372
312
352
329
340
344
328
357
317
365
312
368
328
341
361
313
376
320
364
329
360
333
349
356
325
373
312
380
325
356
353
332
373
329
369
332
369
328
369
349
337
380
317
388
328
369
345
356
364
341
372
332
381
329
385
344
356
376
328
393
337
381
345
376
352
364
373
341
392
333
397
345
377
369
353
389
348
389
348
388
348
388
365
356
396
336
404
348
388
364
376
377
365
388
349
400
344
405
360
376
393
349
409
352
396
361
392
364
385
384
357
408
345
416
360
396
380
372
400
364
404
364
408
360
409
377
377
409
352
421
361
408
376
400
385
389
404
369
417
357
424
373
400
400
376
420
372
416
376
416
373
413
396
381
425
361
433
372
417
389
401
405
388
416
376
428
372
432
385
405
417
377
436
381
425
388
424
388
416
412
388
436
373
441
384
425
404
405
425
397
432
389
436
385
441
400
412
433
384
449
389
437
400
433
405
424
424
397
448
385
452
397
433
417
412
437
405
440
401
448
397
448
413
421
448
393
461
401
448
412
441
417
433
436
408
457
396
465
408
444
429
425
449
416
453
412
457
405
461
421
432
456
405
469
413
457
420
456
428
448
449
421
473
408
480
421
461
437
445
457
433
465
425
473
417
480
432
452
464
425
480
428
472
433
472
433
472
452
441
480
420
492
428
477
444
468
453
457
472
436
488
424
493
437
473
460
452
481
445
484
441
489
433
493
449
464
484
441
501
441
489
449
489
449
485
473
453
501
436
508
445
492
464
481
476
468
489
453
504
444
513
457
488
481
465
504
461
504
460
505
456
508
473
480
505
456
517
457
505
469
504
473
500
492
468
517
452
525
465
509
481
496
497
484
508
468
524
460
528
473
505
500
481
520
477
520
477
521
472
525
488
497
520
472
536
476
525
485
524
488
516
508
489
536
473
545
481
528
496
517
513
504
528
488
540
480
549
492
528
516
504
536
497
536
493
544
489
548
505
520
537
492
553
497
544
501
544
504
540
525
508
553
488
561
500
548
513
541
524
528
540
508
560
497
568
508
552
529
533
552
524
560
516
569
508
573
521
548
553
525
572
521
569
521
569
521
572
537
541
569
517
584
524
572
532
569
533
565
556
537
584
517
592
529
577
544
569
553
556
572
536
589
524
597
536
576
556
560
572
549
585
540
592
532
600
544
576
573
553
593
549
592
549
596
545
600
560
573
593
549
609
549
601
556
601
556
600
573
568
605
545
620
556
604
564
601
568
593
589
564
617
548
625
560
609
576
600
585
589
604
568
624
557
629
569
612
585
596
601
584
613
572
628
564
632
577
613
600
593
620
584
625
577
629
572
636
585
613
617
588
636
585
633
588
637
584
640
597
613
629
585
648
589
637
593
640
592
640
612
609
644
589
657
592
645
601
644
605
640
625
609
652
589
665
600
649
609
645
613
640
636
612
661
597
669
604
656
620
648
629
640
645
613
668
600
677
612
660
629
649
641
637
657
620
680
612
688
624
669
644
656
660
648
673
629
688
621
693
632
677
652
660
672
649
680
637
692
628
700
640
681
660
661
681
653
688
640
697
633
704
645
684
672
665
689
656
696
648
705
641
712
652
689
680
669
700
661
701
652
712
649
716
661
697
685
676
708
668
709
661
717
657
724
669
705
696
684
716
677
717
669
724
665
732
676
713
701
692
724
681
725
677
732
669
740
680
717
705
697
725
688
729
681
741
677
745
688
724
712
705
732
696
737
688
748
681
752
692
733
717
716
736
704
741
693
752
689
761
700
741
720
724
740
713
749
701
760
693
769
704
749
724
736
740
725
753
709
769
701
776
712
760
732
745
745
736
760
716
776
709
785
716
765
737
756
749
744
764
725
784
712
793
725
776
740
768
749
757
768
733
792
721
800
732
785
745
777
752
772
769
745
797
729
805
737
793
748
789
752
788
769
760
801
740
816
749
805
760
805
761
808
780
781
812
760
829
761
817
769
816
764
824
781
797
809
772
829
769
821
772
828
765
832
781
812
804
789
824
785
828
777
836
769
845
781
825
801
809
817
801
828
785
844
773
853
784
836
801
829
809
821
825
797
852
781
861
789
845
804
845
805
844
825
817
856
793
869
801
856
808
856
804
860
821
836
852
812
868
813
865
813
869
809
877
817
856
844
836
861
825
868
816
880
808
888
820
869
837
857
853
849
868
829
888
813
897
825
880
837
876
844
872
861
848
888
825
901
833
888
840
889
840
893
853
868
881
844
900
845
897
845
901
837
908
849
892
872
872
892
865
900
852
913
841
921
853
905
869
896
880
889
896
865
920
849
932
857
916
869
917
868
920
885
892
917
868
933
869
925
873
928
869
937
877
917
904
897
921
889
928
876
940
869
948
881
936
897
925
904
916
921
893
949
877
957
884
944
897
945
896
949
913
928
948
908
968
908
965
909
972
908
981
917
964
940
948
957
937
969
921
988
909
992
920
981
936
973
940
972
956
949
985
925
997
929
988
933
992
929
996
940
977
964
957
984
949
989
937
1005
929
1012
937
997
953
988
957
984
972
961
1005
940
1016
944
1008
953
1008
949
1016
960
996
985
980
1005
969
1012
960
1025
952
1032
961
1020
976
1013
980
1012
997
985
1029
964
1041
968
1028
973
1032
969
1040
980
1020
1004
1004
1024
996
1029
981
1045
969
1053
980
1041
993
1036
997
1033
1012
1009
1041
988
1056
988
1049
989
1052
985
1061
996
1041
1017
1029
1032
1021
1045
1000
1065
989
1073
996
1061
1009
1057
1008
1060
1024
1037
1052
1016
1069
1012
1065
1009
1077
1001
1084
1013
1069
1032
1060
1036
1057
1053
1032
1080
1013
1093
1020
1080
1024
1085
1021
1089
1033
1073
1053
1057
1072
1045
1081
1033
1100
1021
1108
1029
1093
1041
1089
1044
1093
1057
1072
1085
1048
1100
1044
1097
1041
1109
1033
1117
1045
1100
1060
1093
1065
1093
1084
1073
1116
1052
1132
1061
1124
1068
1133
1065
1141
1076
1128
1100
1116
1112
1109
1128
1093
1153
1077
1160
1084
1148
1093
1149
1088
1156
1097
1137
1121
1121
1137
1112
1145
1097
1165
1084
1172
1093
1161
1104
1160
1105
1164
1113
1140
1140
1121
1157
1116
1157
1105
1172
1093
1181
1101
1164
1116
1164
1116
1165
1129
1144
1156
1124
1173
1121
1173
1113
1184
1109
1192
1116
1180
1133
1177
1137
1177
1149
1157
1181
1137
1193
1132
1192
1129
1200
1125
1208
1132
1193
1148
1189
1156
1185
1168
1164
1196
1145
1212
1145
1204
1140
1213
1136
1220
1144
1204
1164
1196
1169
1193
1181
1173
1209
1149
1224
1153
1217
1152
1220
1148
1228
1157
1212
1173
1205
1180
1201
1192
1184
1221
1161
1233
1164
1225
1164
1232
1157
1241
1168
1225
1184
1220
1189
1217
1205
1193
1233
1176
1245
1177
1237
1176
1244
1168
1252
1177
1237
1193
1233
1201
1229
1212
1209
1241
1189
1256
1189
1249
1188
1256
1180
1268
1188
1252
1205
1249
1209
1248
1221
1228
1249
1209
1264
1205
1261
1201
1273
1193
1281
1200
1265
1213
1261
1213
1265
1224
1245
1252
1229
1268
1224
1273
1217
1293
1212
1305
1225
1297
1240
1300
1241
1309
1253
1292
1280
1280
1296
1276
1305
1264
1329
1252
1337
1257
1328
1264
1333
1261
1340
1269
1325
1289
1316
1296
1312
1309
1296
1333
1277
1345
1276
1341
1276
1349
1268
1357
1277
1341
1289
1340
1289
1341
1297
1320
1321
1304
1333
1297
1337
1285
1356
1273
1364
1280
1349
1288
1353
1281
1360
1293
1348
1309
1337
1320
1333
1332
1316
1357
1300
1369
1301
1364
1297
1373
1293
1384
1300
1372
1316
1369
1317
1373
1324
1356
1348
1341
1361
1333
1368
1321
1388
1308
1396
1316
1384
1317
1389
1316
1397
1321
1385
1340
1377
1345
1377
1357
1360
1380
1340
1393
1337
1393
1329
1408
1320
1413
1328
1400
1336
1400
1333
1408
1344
1393
1360
1384
1369
1380
1381
1365
1404
1345
1417
1348
1409
1345
1420
1336
1428
1345
1417
1356
1416
1353
1421
1364
1404
1385
1393
1396
1392
1405
1376
1428
1360
1440
1365
1433
1364
1440
1356
1448
1368
1436
1380
1436
1380
1440
1388
1424
1408
1413
1421
1409
1429
1396
1452
1381
1464
1384
1453
1384
1461
1380
1468
1388
1460
1400
1456
1401
1461
1408
1444
1432
1432
1444
1429
1452
1417
1472
1401
1485
1405
1477
1409
1488
1408
1500
1420
1492
1436
1496
1437
1504
1449
1492
1472
1484
1484
1481
1493
1469
1517
1453
1528
1457
1525
1456
1537
1448
1544
1457
1536
1468
1533
1465
1541
1472
1529
1489
1521
1493
1520
1505
1505
1525
1489
1540
1485
1536
1477
1553
1465
1560
1472
1545
1473
1548
1468
1557
1473
1544
1489
1540
1488
1544
1493
1528
1513
1516
1524
1512
1533
1500
1552
1485
1564
1488
1556
1485
1565
1480
1576
1488
1561
1497
1564
1493
1572
1500
1557
1517
1553
1521
1553
1528
1537
1552
1521
1564
1521
1564
1512
1580
1500
1589
1505
1580
1505
1584
1501
1592
1508
1581
1521
1580
1521
1588
1529
1572
1548
1565
1553
1565
1564
1549
1585
1536
1597
1536
1597
1529
1612
1520
1617
1528
1608
1532
1612
1533
1620
1540
1608
1552
1604
1553
1613
1561
1596
1580
1588
1593
1584
1597
1573
1620
1561
1632
1561
1625
1557
1640
1549
1648
1557
1637
1565
1640
1560
1648
1568
1637
1580
1633
1584
1640
1589
1624
1609
1613
1616
1613
1624
1601
1645
1588
1656
1588
1653
1585
1665
1577
1673
1584
1664
1589
1665
1585
1677
1593
1664
1605
1664
1604
1668
1613
1657
1629
1648
1637
1648
1644
1636
1665
1625
1676
1625
1680
1620
1696
1612
1709
1620
1701
1628
1713
1625
1724
1636
1717
1648
1720
1649
1728
1657
1717
1672
1716
1672
1717
1681
1705
1697
1697
1705
1696
1712
1688
1729
1673
1740
1677
1737
1672
1752
1661
1757
1669
1745
1669
1753
1661
1760
1668
1748
1676
1748
1672
1756
1677
1745
1685
1741
1685
1744
1688
1733
1704
1728
1712
1729
1716
1717
1736
1708
1745
1708
1745
1701
1765
1688
1773
1693
1765
1693
1780
1685
1785
1692
1776
1697
1780
1693
1789
1700
1780
1712
1776
1709
1784
1713
1777
1728
1769
1729
1773
1737
1764
1753
1756
1761
1757
1769
1748
1784
1737
1797
1736
1793
1732
1809
1724
1816
1728
1809
1728
1816
1724
1825
1733
1816
1736
1817
1736
1828
1740
1817
1752
1816
1753
1824
1756
1816
1772
1812
1773
1812
1780
1805
1796
1797
1804
1797
1809
1788
1825
1780
1836
1780
1833
1777
1848
1765
1856
1773
1848
1772
1860
1764
1868
1773
1857
1777
1864
1772
1872
1781
1861
1788
1861
1785
1872
1792
1864
1805
1860
1804
1869
1809
1857
1824
1853
1828
1857
1833
1849
1849
1840
1857
1840
1860
1836
1876
1825
1884
1828
1881
1825
1897
1812
1905
1820
1896
1817
1908
1812
1913
1817
1904
1821
1912
1816
1920
1825
1909
1832
1913
1833
1929
1840
1920
1852
1921
1856
1933
1860
1929
1876
1925
1880
1936
1884
1928
1900
1924
1900
1929
1905
1920
1916
1909
1921
1912
1924
1904
1937
1896
1944
1897
1941
1893
1952
1884
1960
1885
1952
1884
1964
1876
1969
1880
1961
1877
1969
1873
1977
1877
1965
1880
1972
1877
1981
1885
1972
1888
1977
1889
1985
1893
1976
1904
1980
1904
1988
1909
1980
1921
1980
1920
1988
1925
1980
1937
1980
1936
1984
1941
1977
1953
1972
1957
1976
1961
1969
1973
1965
1980
1968
1981
1960
1996
1952
2000
1956
2000
1953
2013
1944
2021
1949
2016
1948
2028
1940
2033
1948
2028
1948
2040
1944
2045
1949
2037
1949
2045
1948
2052
1952
2044
1956
2049
1953
2057
1961
2048
1965
2052
1965
2061
1968
2053
1977
2053
1976
2065
1980
2056
1992
2057
1988
2065
1989
2061
2004
2056
2000
2065
2005
2061
2017
2056
2016
2064
2020
2056
2033
2053
2033
2061
2037
2052
2049
2049
2053
2057
2052
2052
2065
2045
2068
2052
2072
2048
2080
2044
2088
2049
2085
2045
2101
2040
2105
2044
2100
2048
2112
2041
2117
2044
2112
2045
2125
2041
2132
2045
2124
2048
2137
2040
2141
2049
2133
2048
2144
2044
2149
2053
2140
2053
2149
2049
2156
2056
2148
2061
2161
2057
2168
2068
2161
2073
2172
2072
2181
2080
2172
2084
2180
2081
2188
2088
2180
2092
2185
2088
2192
2092
2184
2097
2185
2092
2192
2097
2185
2100
2184
2096
2192
2100
2188
2108
2189
2105
2197
2108
2192
2117
2192
2112
2200
2117
2196
2125
2196
2121
2204
2124
2200
2133
2201
2129
2209
2133
2205
2145
2204
2140
2216
2144
2208
2152
2212
2153
2221
2153
2213
2164
2212
2161
2224
2164
2220
2172
2220
2169
2225
2169
2221
2181
2220
2180
2228
2180
2224
2189
2224
2189
2233
2185
2229
2196
2228
2193
2236
2196
2228
2204
2229
2204
2237
2201
2233
2213
2236
2212
2244
2209
2240
2220
2240
2217
2245
2216
2244
2228
2245
2224
2253
2224
2249
2233
2249
2232
2257
2229
2256
2241
2257
2240
2264
2236
2264
2248
2265
2244
2272
2244
2269
2252
2269
2248
2280
2249
2277
2257
2277
2256
2285
2253
2284
2260
2284
2257
2293
2257
2293
2264
2293
2265
2300
2260
2300
2272
2301
2269
2308
2265
2308
2276
2309
2273
2316
2269
2316
2277
2317
2277
2324
2273
2324
2285
2324
2281
2333
2281
2333
2289
2332
2285
2344
2284
2341
2293
2340
2289
2353
2288
2348
2293
2349
2292
2360
2293
2357
2300
2361
2297
2373
2300
2373
2308
2376
2305
2389
2304
2385
2313
2385
2308
2397
2308
2393
2316
2393
2312
2405
2309
2401
2316
2401
2312
2408
2313
2405
2313
2404
2313
2416
2313
2409
2316
2412
2312
2424
2317
2416
2321
2424
2320
2432
2324
2424
2328
2432
2325
2440
2329
2432
2332
2440
2332
2448
2337
2436
2341
2449
2341
2453
2345
2444
2348
2452
2349
2457
2357
2448
2360
2460
2360
2461
2364
2452
2372
2460
2372
2460
2380
2452
2385
2460
2384
2461
2392
2453
2400
2457
2400
2457
2409
2448
2413
2452
2413
2452
2425
2448
2429
2448
2432
2445
2441
2441
2445
2445
2448
2441
2457
2436
2461
2441
2465
2440
2473
2432
2476
2441
2481
2433
2492
2432
2488
2436
2492
2429
2504
2429
2504
2436
2505
2428
2516
2429
2516
2433
2516
2428
2528
2429
2524
2433
2528
2428
2540
2433
2533
2436
2537
2433
2548
2437
2540
2440
2545
2436
2556
2444
2545
2444
2553
2445
2560
2452
2548
2457
2560
2456
2560
2464
2553
2472
2560
2473
2561
2480
2548
2489
2553
2489
2552
2501
2544
2504
2544
2509
2544
2520
2537
2525
2536
2529
2533
2541
2524
2545
2528
2548
2521
2561
2520
2564
2524
2569
2516
2580
2513
2580
2521
2585
2513
2601
2513
2600
2521
2604
2516
2617
2517
2612
2517
2616
2513
2629
2517
2621
2517
2628
2516
2636
2520
2625
2524
2633
2521
2636
2528
2628
2533
2633
2533
2637
2541
2624
2553
2633
2552
2628
2565
2621
2573
2621
2577
2617
2588
2608
2597
2608
2601
2605
2613
2596
2617
2596
2624
2592
2636
2585
2641
2588
2645
2580
2660
2580
2660
2581
2661
2576
2676
2576
2673
2576
2676
2573
2689
2577
2681
2576
2689
2577
2697
2580
2689
2584
2697
2584
2700
2592
2689
2600
2697
2604
2693
2612
2684
2624
2684
2628
2680
2641
2673
2649
2672
2656
2665
2665
2656
2673
2656
2681
2648
2696
2641
2700
2645
2705
2637
2716
2633
2716
2637
2721
2628
2732
2629
2729
2632
2736
2629
2748
2633
2741
2636
2749
2633
2753
2641
2744
2649
2752
2649
2752
2661
2741
2669
2745
2676
2740
2689
2728
2697
2728
2705
2717
2720
2709
2724
2709
2732
2701
2748
2693
2752
2696
2757
2684
2769
2681
2769
2684
2773
2677
2788
2676
2781
2677
2788
2672
2797
2680
2788
2681
2796
2684
2797
2693
2788
2700
2793
2704
2789
2717
2777
2728
2773
2733
2769
2748
2757
2756
2753
2764
2745
2781
2736
2784
2737
2792
2725
2804
2721
2808
2725
2813
2716
2825
2716
2821
2717
2829
2717
2840
2721
2832
2724
2841
2728
2844
2733
2832
2745
2836
2749
2833
2760
2817
2773
2817
2780
2809
2793
2797
2804
2797
2812
2785
2829
2776
2836
2781
2845
2772
2857
2769
2861
2768
2864
2765
2877
2765
2876
2768
2885
2768
2892
2772
2884
2780
2889
2784
2892
2797
2881
2808
2881
2817
2872
2832
2861
2840
2857
2852
2848
2868
2836
2873
2833
2884
2824
2900
2816
2901
2816
2905
2809
2920
2809
2917
2809
2925
2805
2932
2812
2921
2817
2929
2821
2929
2833
2917
2845
2917
2853
2909
2869
2896
2881
2889
2893
2881
2909
2869
2916
2868
2925
2857
2940
2848
2941
2848
2948
2840
2957
2841
2953
2841
2961
2844
2968
2849
2956
2860
2960
2864
2957
2880
2944
2892
2940
2905
2929
2921
2916
2932
2912
2944
2901
2960
2893
2964
2889
2972
2880
2988
2880
2984
2877
2993
2877
3004
2881
2992
2888
3000
2893
3000
2905
2984
2916
2984
2925
2972
2944
2956
2953
2952
2968
2941
2985
2928
2993
2929
3000
2917
3016
2913
3017
2912
3024
2908
3033
2909
3024
2916
3036
2920
3032
2929
3021
2945
3016
2956
3008
2973
2996
2989
2989
3000
2980
3020
2965
3028
2965
3036
2952
3052
2949
3053
2945
3061
2940
3069
2944
3060
2953
3069
2956
3065
2969
3052
2984
3049
2992
3036
3013
3024
3025
3017
3037
3004
3057
2992
3064
2988
3072
2977
3085
2976
3085
2973
3093
2973
3100
2977
3093
2989
3096
2997
3092
3009
3076
3024
3065
3037
3052
3057
3040
3068
3032
3084
3020
3096
3012
3100
3009
3109
3000
3121
3001
3117
3000
3125
3004
3125
3012
3112
3028
3109
3036
3096
3053
3080
3068
3069
3080
3056
3100
3040
3108
3036
3116
3021
3128
3016
3129
3017
3136
3012
3140
3017
3133
3028
3136
3033
3129
3049
3113
3061
3105
3076
3089
3093
3073
3105
3068
3117
3057
3137
3048
3140
3044
3148
3037
3161
3036
3156
3041
3164
3045
3164
3056
3152
3069
3152
3080
3137
3100
3121
3112
3113
3128
3100
3148
3089
3156
3085
3165
3073
3180
3069
3181
3065
3189
3064
3196
3073
3184
3084
3188
3088
3180
3105
3165
3121
3157
3136
3141
3156
3124
3165
3121
3177
3104
3192
3097
3196
3093
3205
3085
3213
3085
3205
3092
3212
3096
3209
3109
3192
3121
3185
3136
3172
3156
3152
3169
3149
3185
3132
3201
3120
3208
3117
3217
3108
3233
3108
3228
3109
3237
3113
3236
3124
3224
3140
3221
3148
3209
3169
3189
3184
3180
3200
3164
3220
3152
3229
3149
3236
3136
3252
3133
3249
3136
3261
3136
3265
3145
3252
3160
3253
3168
3241
3188
3225
3205
3213
3221
3201
3240
3185
3252
3180
3261
3169
3277
3164
3277
3161
3289
3161
3292
3169
3281
3184
3284
3192
3276
3209
3256
3228
3244
3245
3232
3264
3217
3273
3209
3285
3197
3300
3189
3304
3189
3313
3185
3317
3193
3308
3204
3308
3216
3300
3233
3281
3249
3272
3265
3257
3288
3240
3300
3236
3312
3220
3329
3217
3329
3213
3340
3212
3344
3220
3337
3232
3336
3241
3325
3260
3309
3277
3300
3297
3284
3317
3268
3328
3260
3341
3249
3356
3244
3356
3240
3365
3240
3373
3249
3361
3261
3360
3272
3348
3289
3329
3308
3321
3325
3304
3348
3289
3360
3285
3368
3273
3384
3269
3385
3265
3396
3268
3396
3276
3388
2
1
1
1
1
1
1
0
0
0
0
0
-1
-1
-1
-1
-1
-1
-1
-1
-1
-1
-1
-1
-1
0
0
0
0
0
0
0
0
0
0
-1
-1
-1
-1
-1
-1
-1
-1
-1
-1
-1
-1
-1
0
-1
-1
-1
-1
-1
-1
-1
-1
-1
-1
-1
-1
-1
0
-1
-1
-1
-1
0
0
0
0
0
0
0
0
0
1
1
1
1
1
1
1
1
1
1
1
1
1
1
1
1
1
0
0
0
0
0
0
0
0
0
0
0
0
0
0
-1
-1
-1
-1
0
-1
-1
-1
-1
-1
-1
-1
-1
0
0
0
0
-1
0
0
-1
-1
-1
-1
0
0
0
0
0
0
0
0
-1
0
0
0
0
-1
-1
-1
0
0
0
0
0
1
1
1
0
1
1
1
1
-1
-1
-1
-1
-1
-1
-1
-1
0
-1
-1
-1
-1
1
1
1
1
1
2
2
2
2
2
2
3
3
2
2
2
3
3
2
2
1
1
1
1
0
0
0
0
0
-1
-1
-1
-1
0
-1
-1
-1
-1
-1
-1
-1
-2
-2
-2
-2
-2
-2
-1
-1
-2
-2
-2
-2
-3
-2
-2
-2
-2
-3
-3
-3
-3
-3
-3
-3
-3
-2
-3
-3
-3
-3
-2
-3
-3
-3
-2
-2
-2
-3
-3
-2
-2
-2
-2
-2
-2
-2
-2
-2
-2
-2
-1
-1
-1
-1
-1
-2
-2
-1
-1
-1
-1
-1
-1
-1
-1
0
0
0
1
1
1
2
2
2
2
2
2
2
1
2
2
2
2
3
2
2
2
2
3
3
3
3
2
2
2
2
1
2
2
2
3
2
2
2
2
3
3
3
3
3
2
2
2
1
1
1
1
1
0
1
1
1
1
1
1
1
1
1
1
2
2
2
1
1
1
1
1
2
2
2
2
2
1
1
1
2
2
2
2
3
2
2
2
3
3
3
3
3
3
3
3
4
3
3
4
4
3
4
4
4
4
3
4
4
4
4
4
3
3
3
2
2
2
3
3
2
2
1
1
1
1
1
1
2
2
2
1
0
1
1
1
1
1
1
1
1
0
0
0
0
1
0
0
0
0
-1
-1
-1
-1
-1
-2
-2
-2
-2
-2
-2
-2
-3
-2
-2
-2
-2
-2
-1
-1
-1
-2
-1
-1
-1
0
-1
-1
-1
-1
-1
-1
-1
-1
0
-1
-1
-1
-1
0
0
-1
-1
-1
-1
-1
-1
-1
-1
-1
-1
-1
-1
-1
0
0
0
0
0
0
0
0
-1
-1
-1
-1
-1
-1
-1
-1
-1
-1
-2
-2
-2
-1
-1
-1
-1
-2
-2
-2
-2
-2
-2
-1
-1
-2
-2
-2
-2
-2
-2
-2
-2
-2
-2
-2
-3
-3
-2
-2
-2
-3
-3
-2
-2
-2
-2
-3
-3
-2
-2
-2
-1
-1
0
0
0
0
0
0
1
1
2
2
2
1
1
1
1
1
1
1
1
1
1
0
0
0
0
0
0
0
0
0
0
0
1
1
1
1
2
2
2
2
2
3
3
3
3
3
3
3
3
2
2
3
3
3
2
2
2
2
2
2
2
2
2
2
1
1
1
1
1
1
1
0
0
0
0
0
0
0
0
0
0
0
0
0
0
0
0
0
0
0
0
0
0
0
0
0
0
-1
-1
-1
-1
-1
-1
-1
-1
-1
-1
-1
-2
-2
-1
-1
-1
-1
-1
-1
-2
-2
-2
-2
-2
-1
-2
-2
-2
-2
-2
-2
-2
-2
-2
-2
-2
-2
-2
-1
-1
-1
-1
-1
-1
-1
0
0
0
0
0
0
0
0
0
0
0
0
0
0
0
-1
-1
-1
-1
-1
-1
-2
-2
-1
-1
-1
-1
-1
0
0
0
0
0
1
2
2
1
1
1
1
1
1
1
1
1
1
0
-1
-1
-1
-2
-2
-2
-2
-2
-2
-2
-2
-2
-2
-1
-2
-2
0
0
0
0
0
0
0
1
1
1
1
2
2
1
1
1
1
1
2
2
1
1
1
1
2
2
2
2
2
2
2
1
1
1
1
1
2
1
1
1
1
1
1
1
1
2
2
2
2
1
1
1
1
1
1
1
1
1
0
1
1
1
1
0
1
1
1
1
1
1
1
1
0
0
0
-1
1
0
0
0
0
0
-1
0
0
0
0
0
1
-1
0
0
0
0
0
1
0
0
0
0
0
0
1
0
1
1
1
1
1
1
1
1
1
1
1
1
1
0
0
0
0
0
0
0
1
1
1
1
1
1
1
1
2
2
2
2
2
2
2
2
2
3
3
3
4
3
3
3
3
3
2
2
2
3
2
2
2
0
0
0
0
0
0
0
-1
-1
-2
-2
-3
-3
-2
-2
-2
-2
-2
-2
-2
-1
-1
-2
-2
-1
-1
-1
-1
-2
-2
-2
-2
-2
-3
-3
-2
-2
-2
-2
-2
-3
-2
-2
-2
-2
-2
-1
-1
-1
-1
-1
-1
-1
0
0
0
0
0
0
0
0
0
0
0
0
0
0
-1
0
0
0
0
0
0
0
0
0
0
0
0
1
-1
0
0
0
0
0
0
0
0
0
0
0
0
1
0
0
0
0
0
0
0
0
0
0
0
0
0
0
0
0
0
0
0
0
0
0
0
0
0
0
0
0
0
1
1
1
1
1
1
1
1
1
1
1
2
2
0
0
1
1
1
1
1
1
1
1
1
0
0
1
1
0
0
0
0
1
1
1
1
1
1
1
1
2
2
2
3
3
2
2
3
3
3
3
3
3
3
3
3
2
2
2
2
1
1
0
0
0
0
-1
-1
-2
-2
-2
-2
-2
-3
-3
-2
-2
-2
-3
-3
-3
-2
-2
-2
-2
-2
-1
-2
-2
-2
-2
-1
-1
-1
-1
-2
-2
-2
-2
-2
-1
-1
-1
-1
-1
-1
-1
-1
0
0
-1
-1
-1
-1
0
0
0
0
-1
-1
-1
-1
-1
0
0
0
0
-1
-1
-1
-1
0
0
0
0
0
0
0
0
0
0
0
0
0
0
0
0
0
0
0
0
0
0
0
0
0
0
0
0
0
0
0
0
0
1
1
1
1
1
1
0
1
1
1
1
1
1
0
0
0
0
0
0
1
0
0
0
0
1
1
1
1
1
1
1
1
1
1
1
2
2
1
1
1
1
1
1
1
2
2
2
3
2
2
3
3
3
4
4
5
5
4
4
4
3
3
3
2
2
2
1
0
-1
-1
-1
-1
-2
-2
-2
-2
-2
-2
-2
-3
-2
-2
-2
-2
-2
-2
-2
-2
-2
-2
-2
-2
-1
-2
-2
-2
-2
-2
-1
-1
-2
-2
-2
-2
-2
-2
-1
-1
-1
-1
-1
-1
-1
0
0
0
0
0
0
-1
-1
-1
-1
-1
-1
-1
-1
-1
-1
-1
-1
-2
0
0
0
0
0
0
0
0
0
0
0
0
1
0
0
0
0
0
0
0
0
0
0
0
0
0
0
0
0
0
0
0
0
0
0
1
1
1
1
1
1
1
1
1
1
1
1
0
-1
0
0
0
0
0
0
0
0
0
0
0
1
1
0
0
0
0
0
0
1
1
1
1
0
0
1
1
1
1
1
1
2
1
1
2
2
4
4
4
4
4
5
5
5
4
5
5
4
4
2
2
1
1
1
0
0
-1
-1
-2
-2
-2
-3
-2
-2
-2
-2
-2
-2
-3
-2
-2
-2
-2
-2
-1
-2
-2
-2
-2
-2
-2
-1
-2
-2
-2
-2
-2
-2
-1
-2
-1
-1
-1
-1
-1
0
0
0
-1
0
0
0
1
-1
-1
-1
-1
-1
-1
-1
-1
0
-1
-1
-1
-1
0
0
0
0
0
0
0
0
0
0
-1
-1
-1
0
0
0
0
0
0
0
0
0
0
1
1
1
0
0
0
0
0
0
0
0
0
-1
-1
-1
-1
0
0
0
0
-1
-1
0
0
0
1
1
1
1
0
0
1
1
2
2
1
1
1
1
1
1
1
1
0
-1
-1
-1
0
0
0
0
0
0
0
0
0
1
1
1
1
0
0
0
1
1
1
1
1
2
2
3
3
3
4
4
5
4
4
5
5
6
5
5
4
4
4
3
3
2
2
2
1
0
-1
-1
-1
-1
-2
-2
-2
-2
-2
-3
-3
-3
-2
-2
-3
-3
-3
-2
-3
-3
-3
-3
-2
-2
-2
-3
-3
-2
-2
-2
-2
-1
-2
-1
-1
-2
-2
-2
-1
-1
-1
-1
-1
-1
-1
0
-1
-1
0
-1
-1
-1
-1
-1
-1
-1
-1
-1
-1
-1
-1
-1
0
0
0
0
0
0
0
0
0
0
0
0
0
0
0
0
0
0
0
0
0
0
0
1
1
1
1
1
1
1
1
1
1
1
1
1
0
0
0
0
0
0
0
0
0
0
0
0
0
0
0
0
0
0
0
0
0
0
0
0
0
0
0
0
0
0
0
0
0
0
-1
-1
-1
-1
-1
-1
-1
0
0
0
0
-1
-1
0
0
1
1
1
1
1
0
0
1
1
3
3
4
4
3
4
4
5
5
5
6
5
6
5
5
4
4
5
4
4
3
2
2
1
1
0
-1
-1
-1
-1
-2
-3
-3
-4
-3
-3
-3
-3
-3
-3
-3
-3
-3
-3
-3
-3
-2
-2
-2
-2
-3
-3
-2
-2
-2
-2
-2
-1
-1
-1
-1
-1
-2
-1
-1
-1
-1
-1
-1
-1
-1
-1
-1
-1
-1
0
0
0
0
0
0
0
-1
-1
-1
-1
-1
-1
-1
-1
-1
-1
-1
-1
-1
0
0
0
0
0
0
0
0
0
0
1
1
1
1
1
1
1
1
1
1
2
2
2
1
0
0
0
0
0
1
1
1
1
0
0
1
1
2
2
2
2
2
1
1
1
1
1
2
0
0
0
0
1
1
1
1
1
1
1
1
0
1
1
1
1
0
0
0
-1
0
0
0
0
-1
0
0
0
0
0
1
1
2
2
2
2
3
4
4
4
4
5
5
4
5
5
4
4
4
3
3
2
2
2
1
0
0
-1
-1
-2
-2
-2
-3
-3
-3
-4
-4
-4
-4
-4
-4
-4
-3
-4
-4
-3
-3
-3
-3
-3
-3
-2
-2
-2
-2
-2
-1
-1
-1
-1
-1
0
0
0
-1
-1
-1
-1
-1
-1
-1
-1
-1
-1
-1
-1
-1
0
0
0
0
0
0
0
0
0
0
0
0
0
0
0
0
0
0
0
0
0
0
0
0
0
0
0
0
0
0
0
0
0
0
0
0
0
0
0
0
0
0
0
0
0
0
0
0
0
0
0
0
0
0
1
1
1
1
1
1
1
1
1
1
1
1
1
-1
0
0
0
0
0
0
0
0
-1
-1
-1
0
1
0
0
0
0
0
0
0
0
1
1
1
0
1
1
1
1
1
2
2
2
3
3
4
4
4
4
5
5
6
6
6
7
7
6
6
6
6
6
5
5
5
4
4
3
1
1
1
1
-1
-1
-1
-2
-3
-4
-4
-5
-5
-4
-4
-5
-5
-4
-5
-5
-5
-5
-5
-5
-4
-4
-5
-5
-4
-4
-4
-3
-4
-3
-3
-2
-2
-2
-2
-1
-2
-2
-2
-2
-2
0
0
-1
-1
-1
-1
-1
-1
0
0
0
0
0
-1
-1
0
0
0
-1
-1
0
0
0
0
0
0
0
0
0
0
0
1
1
0
0
0
0
0
0
0
0
0
0
0
0
0
0
0
0
1
1
1
1
1
1
0
1
1
1
1
1
1
0
0
0
0
0
0
1
0
0
0
0
0
0
0
0
0
0
0
0
0
0
0
0
0
1
1
1
1
1
1
1
1
1
1
1
0
1
0
0
0
0
0
-1
0
0
0
0
0
2
1
2
2
3
3
4
6
5
6
6
7
8
7
8
7
8
7
7
6
6
6
5
5
4
2
2
1
1
-1
-1
-1
-2
-3
-3
-4
-4
-5
-4
-5
-5
-5
