-50
-51
-31
-31
-75
-6
-31
-91
33
-91
5
-54
-14
-47
-10
-54
-3
-35
-31
-3
-54
6
-46
-6
-34
-14
-23
-22
-6
-38
6
-47
10
-31
-15
2
-42
17
-35
5
-26
1
-19
-11
2
-31
14
-39
18
-22
-7
10
-31
25
-27
13
-18
6
-7
-3
10
-22
22
-30
25
-15
-3
18
-26
29
-19
17
-11
9
1
-2
17
-15
29
-22
33
-7
1
25
-19
38
-11
26
2
18
14
5
25
-7
37
-14
41
6
9
37
-14
49
-2
34
10
22
26
9
37
2
42
-2
46
18
14
49
-7
57
6
41
22
25
42
17
46
13
50
9
49
30
17
57
2
66
13
45
33
29
53
21
53
21
57
18
54
42
25
66
10
74
22
53
46
30
65
25
61
29
62
30
58
50
30
73
17
78
30
54
58
30
77
33
69
37
66
38
61
58
33
78
22
86
38
58
66
33
85
37
74
42
70
50
61
70
38
86
30
89
45
62
77
38
93
41
81
53
77
61
65
77
46
90
38
94
53
66
89
41
101
50
86
61
78
70
65
86
54
97
45
98
65
69
98
46
110
53
93
69
81
82
69
94
58
101
54
105
73
70
106
50
113
62
97
77
81
93
70
102
66
106
62
106
81
73
114
53
121
66
102
86
82
106
74
110
74
113
69
110
89
77
117
61
126
73
105
94
85
113
78
113
77
114
78
113
98
82
125
65
130
78
110
101
85
122
81
121
85
122
86
118
110
86
133
74
137
89
118
114
93
134
90
129
94
129
98
121
121
93
142
82
145
97
122
126
97
145
98
137
106
138
109
129
129
101
149
94
154
105
130
137
105
157
106
145
113
142
117
133
138
110
158
101
161
117
138
145
110
166
113
154
121
150
125
141
149
117
166
110
169
122
146
154
117
173
122
161
130
158
133
149
154
126
173
117
177
130
153
161
126
178
130
170
137
166
142
158
161
133
181
122
185
138
162
165
137
186
137
177
141
173
146
165
166
138
186
129
193
141
169
169
142
190
142
182
146
182
150
174
170
146
194
133
198
149
178
174
154
194
150
186
154
190
150
185
174
153
198
138
205
150
185
174
162
197
158
194
158
197
157
193
178
161
205
145
214
158
193
181
174
201
166
202
166
206
161
205
182
173
214
154
222
165
206
182
190
201
178
210
170
213
165
217
185
186
218
161
229
170
213
186
202
201
189
213
174
222
170
226
186
197
218
170
234
177
218
189
213
198
201
217
181
229
173
233
190
209
221
181
238
185
226
193
226
197
217
217
193
238
181
246
194
222
221
198
241
197
234
198
237
197
233
221
202
246
186
253
198
233
218
213
238
205
241
202
246
201
245
221
213
250
193
261
202
245
217
229
233
218
245
209
253
202
258
218
230
253
205
266
210
254
222
245
230
234
246
213
262
206
269
218
245
250
218
269
218
261
222
258
226
254
246
221
269
209
278
221
257
245
238
266
230
266
226
270
226
273
246
238
278
217
289
229
273
245
258
261
246
273
233
281
226
285
242
258
277
233
294
238
278
245
274
253
266
274
242
290
230
298
245
273
270
250
289
245
285
250
289
246
285
269
254
297
237
305
245
286
265
273
281
261
290
253
298
245
302
262
274
298
249
313
254
298
265
294
274
281
294
261
309
249
314
262
293
290
270
309
266
306
269
309
266
305
286
274
317
254
325
265
306
282
293
301
282
310
270
318
266
322
282
294
314
269
330
274
317
281
314
286
306
309
278
329
269
337
281
313
302
294
326
286
325
286
330
281
330
302
297
334
277
345
286
329
298
318
309
306
326
289
342
282
345
294
321
326
294
345
293
338
298
337
301
333
322
305
349
285
358
301
341
318
329
334
314
346
305
354
301
358
314
333
349
305
366
310
353
318
350
318
345
342
314
366
302
373
313
354
333
338
353
325
362
318
369
314
373
330
342
365
317
378
321
366
329
365
334
358
354
329
378
317
385
329
366
346
350
369
338
373
334
382
326
386
342
357
378
330
394
334
382
345
378
346
374
366
345
394
329
401
342
382
358
369
377
357
385
345
394
338
398
354
373
385
349
401
350
393
353
394
353
393
374
362
406
341
414
353
398
366
389
381
378
397
357
413
350
418
362
397
390
373
409
369
410
366
414
365
417
382
385
414
361
426
370
413
378
413
381
405
402
378
426
362
434
373
418
389
406
409
389
418
378
430
369
437
385
413
414
389
433
385
430
386
429
385
434
401
401
437
378
450
386
437
398
434
405
425
426
398
453
386
457
397
442
417
425
433
414
446
401
453
397
461
410
438
437
413
457
410
454
410
458
409
458
425
430
461
405
474
410
457
422
457
425
449
445
422
470
405
478
417
461
434
450
450
434
465
421
477
414
482
429
462
454
438
477
430
474
430
481
429
482
446
453
477
429
493
434
481
442
481
442
477
462
445
494
430
501
441
486
454
477
462
466
481
445
501
437
506
446
489
470
469
489
457
494
450
501
446
509
458
485
489
457
509
454
502
461
506
458
506
474
478
510
454
521
461
509
470
505
470
502
494
473
522
453
529
465
514
481
505
489
494
510
473
529
462
534
474
514
493
497
514
489
521
478
530
473
538
485
514
510
493
534
486
530
485
534
482
538
497
510
529
486
549
489
537
497
537
493
537
513
506
546
486
558
494
546
509
546
513
538
534
513
565
494
573
509
554
522
546
533
537
550
513
569
502
578
514
558
533
545
550
534
562
517
573
510
581
522
562
549
538
566
530
570
526
578
521
586
534
562
561
538
581
533
581
534
585
529
590
546
562
578
538
597
538
589
542
589
542
593
557
565
593
538
605
546
594
554
594
553
593
570
565
602
542
617
549
602
561
601
562
598
581
566
614
546
622
558
610
570
606
574
598
594
570
622
553
629
566
613
578
606
585
598
606
573
630
558
638
570
618
586
609
598
602
614
578
637
566
642
577
626
594
614
609
605
626
585
645
574
650
585
630
606
621
618
606
634
590
649
581
654
593
637
614
625
630
613
641
597
654
589
662
601
642
621
626
637
617
650
602
662
597
669
610
653
633
637
653
630
665
617
678
610
685
622
665
646
649
665
638
674
625
685
621
694
629
677
654
662
670
653
685
638
701
633
709
646
690
665
678
685
669
697
653
717
645
725
658
706
674
693
690
682
705
662
725
653
730
665
713
681
706
690
697
709
673
729
658
738
669
722
682
714
690
706
709
682
734
665
742
673
730
685
725
689
722
710
694
738
673
749
682
738
690
738
693
737
710
710
741
686
754
689
745
694
746
693
746
706
722
738
697
754
694
746
698
749
693
758
705
734
733
710
754
702
749
697
757
693
765
705
745
726
726
746
714
753
702
765
697
774
706
754
725
741
738
734
754
713
774
698
778
710
762
725
758
733
750
753
725
777
709
786
717
773
729
774
737
774
754
750
789
730
802
733
794
745
794
741
797
757
770
789
745
805
746
798
746
802
742
810
754
786
777
766
797
757
802
750
813
741
817
754
802
774
785
785
774
801
757
818
745
826
753
810
769
801
774
794
794
769
821
750
830
761
817
770
818
769
818
789
794
822
770
838
773
830
774
833
773
838
785
817
813
793
833
789
833
782
842
774
850
785
834
806
821
821
809
833
790
854
781
862
789
845
802
841
810
834
825
809
857
789
866
794
853
805
854
802
858
818
833
849
810
866
805
862
806
865
802
873
814
853
837
834
853
825
862
813
877
805
885
814
869
829
861
838
854
858
830
882
813
893
818
877
829
877
830
877
846
854
877
830
894
829
885
830
889
826
898
837
878
861
861
881
853
886
837
902
829
910
842
898
857
893
870
890
890
870
922
854
934
861
925
873
925
874
929
885
909
918
886
934
882
933
877
942
870
950
881
930
901
921
914
909
930
889
953
874
961
885
946
897
945
897
945
914
918
945
894
957
893
953
894
957
890
962
901
946
921
929
937
921
949
905
970
890
977
902
962
914
961
918
962
934
934
965
914
981
917
973
917
978
913
985
922
969
946
954
961
945
974
926
994
914
1001
926
985
937
982
938
985
953
958
986
937
1001
934
994
934
998
930
1005
941
990
961
977
974
966
986
946
1009
933
1014
938
1001
950
1002
950
1006
962
982
989
962
1006
954
1006
949
1017
941
1026
950
1009
969
1001
974
997
989
973
1021
954
1030
958
1022
962
1022
958
1030
970
1013
993
994
1009
989
1017
969
1037
958
1045
969
1030
978
1029
981
1033
994
1009
1021
986
1038
982
1034
977
1045
970
1050
981
1038
998
1033
1006
1030
1025
1013
1061
997
1077
1005
1069
1010
1077
1009
1086
1021
1069
1046
1058
1061
1054
1074
1033
1097
1021
1105
1030
1094
1038
1097
1034
1102
1046
1081
1070
1062
1090
1057
1093
1042
1114
1030
1118
1041
1105
1050
1101
1050
1105
1061
1086
1086
1065
1101
1057
1105
1046
1117
1037
1126
1045
1110
1058
1109
1062
1110
1074
1090
1101
1069
1118
1065
1117
1058
1130
1053
1141
1065
1125
1078
1122
1082
1122
1093
1101
1122
1082
1138
1078
1134
1073
1146
1069
1154
1078
1142
1093
1133
1098
1133
1109
1113
1137
1089
1154
1090
1146
1085
1157
1078
1162
1089
1150
1102
1142
1106
1142
1122
1117
1150
1098
1162
1097
1157
1093
1166
1089
1174
1097
1158
1114
1150
1118
1150
1130
1129
1157
1105
1173
1106
1166
1101
1174
1098
1182
1105
1165
1122
1161
1125
1158
1137
1138
1166
1114
1181
1113
1173
1113
1186
1109
1194
1118
1178
1134
1174
1138
1174
1150
1153
1181
1133
1193
1130
1193
1129
1201
1122
1210
1133
1197
1146
1193
1153
1190
1165
1173
1194
1150
1210
1150
1206
1146
1218
1138
1229
1153
1218
1169
1221
1173
1226
1193
1213
1222
1197
1241
1194
1245
1189
1265
1182
1273
1190
1262
1206
1262
1205
1269
1214
1253
1237
1241
1253
1233
1261
1221
1285
1206
1293
1214
1281
1218
1286
1213
1294
1222
1277
1238
1270
1245
1266
1258
1246
1281
1225
1293
1226
1285
1221
1297
1214
1302
1221
1289
1234
1286
1233
1286
1242
1269
1266
1254
1281
1249
1286
1237
1306
1222
1314
1230
1301
1238
1305
1237
1314
1245
1301
1262
1289
1270
1285
1285
1266
1309
1249
1322
1250
1314
1250
1326
1241
1334
1250
1317
1265
1317
1265
1318
1274
1302
1297
1286
1314
1281
1317
1266
1337
1253
1346
1261
1334
1266
1334
1262
1345
1270
1330
1289
1321
1297
1321
1310
1302
1333
1285
1350
1285
1346
1278
1358
1274
1366
1281
1354
1294
1354
1294
1358
1302
1342
1326
1330
1337
1326
1345
1313
1369
1297
1378
1301
1369
1301
1378
1298
1385
1305
1374
1321
1370
1321
1373
1333
1357
1353
1338
1370
1337
1373
1325
1393
1310
1402
1318
1389
1322
1397
1321
1405
1326
1390
1342
1386
1346
1389
1357
1373
1385
1357
1402
1357
1406
1350
1426
1345
1441
1354
1430
1366
1437
1365
1450
1374
1438
1390
1433
1393
1434
1406
1417
1430
1402
1441
1398
1446
1389
1462
1378
1473
1385
1458
1390
1465
1386
1470
1394
1457
1405
1454
1405
1454
1413
1438
1434
1425
1445
1417
1450
1405
1469
1389
1478
1394
1466
1393
1474
1390
1482
1397
1470
1409
1466
1409
1473
1418
1458
1438
1449
1449
1446
1457
1434
1482
1418
1490
1421
1486
1418
1498
1409
1506
1418
1493
1426
1493
1426
1501
1433
1490
1450
1482
1454
1481
1465
1469
1490
1449
1501
1450
1501
1442
1517
1430
1525
1438
1513
1442
1518
1441
1530
1446
1518
1461
1513
1462
1518
1470
1505
1490
1494
1501
1493
1510
1478
1534
1465
1542
1469
1537
1466
1550
1458
1557
1466
1546
1477
1546
1473
1554
1481
1542
1497
1537
1501
1538
1509
1526
1530
1514
1542
1509
1546
1502
1569
1486
1577
1493
1565
1494
1574
1490
1585
1497
1573
1506
1573
1502
1582
1513
1569
1526
1562
1534
1565
1541
1553
1565
1541
1578
1542
1586
1538
1609
1529
1617
1537
1614
1537
1625
1534
1633
1545
1622
1554
1621
1550
1629
1558
1617
1570
1614
1573
1613
1581
1601
1598
1586
1606
1585
1610
1573
1630
1561
1638
1561
1630
1558
1642
1549
1649
1557
1637
1561
1638
1557
1646
1566
1637
1578
1634
1578
1641
1585
1629
1601
1625
1610
1622
1618
1613
1638
1601
1649
1601
1650
1598
1669
1586
1677
1590
1665
1589
1678
1585
1686
1593
1673
1601
1677
1598
1686
1602
1674
1618
1670
1618
1677
1622
1666
1641
1657
1646
1657
1653
1646
1673
1634
1682
1638
1681
1629
1701
1621
1709
1625
1701
1622
1713
1617
1717
1626
1706
1633
1710
1630
1722
1637
1710
1649
1709
1646
1718
1653
1705
1669
1702
1674
1701
1681
1690
1697
1681
1706
1681
1710
1673
1729
1661
1737
1665
1729
1662
1746
1654
1750
1657
1742
1661
1746
1658
1757
1666
1745
1674
1746
1669
1754
1677
1745
1689
1742
1689
1749
1697
1737
1713
1733
1717
1734
1726
1725
1746
1717
1757
1722
1762
1718
1781
1709
1793
1717
1789
1714
1802
1709
1810
1718
1802
1721
1809
1717
1817
1722
1805
1729
1805
1726
1813
1730
1802
1738
1797
1738
1805
1742
1793
1754
1789
1758
1790
1761
1777
1778
1769
1785
1773
1790
1766
1805
1753
1814
1754
1810
1754
1826
1742
1833
1749
1825
1749
1837
1741
1846
1750
1834
1753
1841
1750
1854
1758
1841
1769
1845
1765
1853
1769
1845
1781
1841
1781
1850
1785
1838
1801
1837
1802
1842
1805
1829
1822
1825
1826
1825
1833
1818
1845
1810
1853
1814
1854
1810
1873
1798
1878
1801
1870
1801
1885
1794
1893
1798
1881
1801
1893
1794
1901
1802
1890
1806
1897
1805
1906
1810
1897
1818
1898
1817
1906
1822
1897
1833
1898
1830
1905
1834
1897
1849
1897
1849
1901
1853
1893
1865
1890
1869
1894
1874
1886
1885
1881
1894
1882
1894
1877
1909
1870
1917
1874
1917
1869
1934
1861
1938
1862
1934
1865
1946
1858
1954
1861
1945
1865
1958
1857
1965
1866
1953
1870
1966
1869
1974
1878
1966
1885
1973
1882
1986
1890
1977
1901
1978
1898
1989
1902
1982
1910
1977
1906
1986
1910
1977
1918
1973
1914
1982
1917
1973
1929
1969
1930
1974
1934
1965
1946
1965
1946
1969
1950
1961
1961
1957
1965
1961
1966
1957
1981
1950
1985
1958
1986
1953
2001
1946
2006
1953
2005
1953
2018
1945
2025
1950
2017
1949
2033
1942
2038
1949
2030
1950
2041
1942
2049
1950
2037
1953
2050
1949
2054
1953
2046
1958
2053
1953
2062
1961
2050
1962
2057
1961
2066
1969
2057
1974
2062
1970
2073
1974
2065
1982
2065
1978
2077
1985
2070
1994
2069
1990
2081
1994
2073
2005
2074
2002
2081
2006
2077
2017
2078
2013
2086
2017
2081
2026
2078
2026
2086
2029
2082
2041
2082
2037
2089
2038
2082
2050
2081
2049
2089
2050
2086
2062
2085
2065
2090
2065
2085
2074
2082
2074
2089
2074
2085
2085
2086
2089
2094
2089
2089
2098
2086
2101
2094
2101
2090
2110
2089
2114
2093
2113
2090
2122
2089
2126
2098
2125
2097
2134
2097
2141
2105
2142
2105
2150
2102
2154
2109
2153
2109
2161
2105
2166
2110
2162
2110
2170
2106
2173
2110
2166
2109
2173
2106
2178
2109
2169
2114
2181
2109
2186
2113
2178
2117
2193
2113
2193
2118
2189
2121
2201
2118
2202
2125
2194
2126
2206
2122
2210
2130
2202
2133
2218
2126
2221
2137
2213
2138
2225
2133
2229
2142
2218
2146
2230
2141
2233
2149
2226
2149
2237
2145
2242
2153
2234
2157
2246
2153
2249
2157
2241
2161
2249
2158
2254
2166
2246
2169
2257
2165
2262
2174
2254
2177
2265
2173
2266
2181
2257
2182
2269
2178
2273
2185
2266
2190
2277
2186
2278
2194
2269
2197
2282
2193
2281
2201
2273
2206
2285
2202
2290
2209
2282
2213
2290
2209
2294
2217
2285
2221
2297
2218
2297
2225
2290
2230
2301
2229
2301
2234
2294
2238
2305
2238
2305
2246
2301
2249
2306
2245
2310
2254
2305
2257
2309
2254
2310
2265
2305
2266
2313
2266
2314
2274
2310
2278
2314
2277
2317
2289
2314
2290
2321
2293
2322
2301
2318
2305
2322
2306
2322
2313
2317
2314
2322
2318
2321
2325
2314
2325
2322
2325
2318
2334
2313
2333
2322
2338
2318
2349
2313
2346
2318
2350
2314
2362
2314
2361
2321
2361
2314
2373
2313
2374
2321
2373
2314
2385
2313
2385
2322
2385
2317
2397
2317
2393
2321
2397
2317
2409
2318
2405
2325
2405
2318
2417
2321
2414
2326
2418
2322
2429
2325
2422
2329
2426
2325
2437
2329
2429
2329
2434
2326
2442
2333
2434
2337
2445
2334
2450
2342
2442
2345
2450
2341
2454
2350
2446
2353
2458
2354
2461
2362
2450
2369
2457
2366
2462
2373
2449
2381
2458
2381
2458
2390
2450
2398
2457
2397
2454
2406
2446
2413
2450
2414
2449
2425
2441
2430
2445
2434
2441
2445
2433
2446
2438
2450
2434
2465
2430
2465
2433
2470
2426
2481
2422
2481
2430
2486
2422
2494
2421
2494
2426
2498
2422
2510
2421
2506
2426
2510
2421
2522
2421
2517
2425
2522
2421
2533
2422
2526
2425
2533
2422
2542
2430
2534
2434
2542
2433
2549
2441
2541
2446
2554
2445
2557
2453
2546
2461
2554
2462
2554
2470
2542
2478
2546
2478
2545
2489
2533
2493
2537
2497
2529
2509
2521
2514
2522
2517
2518
2530
2510
2533
2514
2542
2510
2554
2502
2554
2509
2558
2502
2570
2498
2570
2501
2574
2494
2586
2493
2585
2498
2589
2490
2598
2494
2593
2494
2598
2493
2610
2497
2601
2497
2610
2497
2617
2505
2609
2510
2617
2510
2618
2518
2610
2526
2614
2526
2613
2537
2605
2546
2605
2549
2602
2562
2593
2569
2593
2577
2590
2590
2581
2594
2581
2601
2578
2613
2570
2618
2574
2622
2565
2634
2562
2637
2565
2641
2557
2654
2557
2653
2558
2654
2553
2665
2558
2662
2557
2669
2554
2677
2561
2670
2566
2678
2565
2682
2570
2673
2578
2677
2581
2678
2593
2666
2602
2669
2606
2669
2618
2657
2626
2654
2634
2649
2645
2641
2653
2642
2661
2634
2673
2629
2678
2630
2685
2621
2697
2618
2697
2621
2702
2614
2714
2613
2710
2613
2718
2610
2729
2614
2722
2614
2729
2614
2737
2621
2726
2626
2734
2629
2737
2638
2726
2649
2730
2653
2725
2669
2718
2678
2713
2686
2710
2702
2697
2709
2697
2717
2689
2729
2682
2733
2685
2741
2674
2753
2666
2753
2670
2757
2661
2769
2662
2765
2662
2774
2661
2785
2666
2774
2669
2785
2669
2786
2681
2778
2689
2781
2693
2777
2706
2766
2718
2766
2725
2758
2742
2746
2750
2742
2758
2733
2774
2726
2778
2725
2786
2718
2802
2714
2801
2714
2809
2706
2822
2709
2817
2709
2825
2706
2829
2714
2822
2721
2830
2722
2829
2733
2818
2746
2818
2749
2814
2765
2802
2778
2794
2785
2785
2801
2774
2810
2774
2817
2762
2833
2758
2837
2757
2842
2750
2853
2746
2853
2745
2861
2745
2869
2749
2862
2754
2869
2754
2870
2765
2858
2778
2862
2782
2853
2797
2841
2809
2838
2817
2826
2834
2814
2842
2813
2853
2802
2869
2797
2874
2797
2878
2786
2894
2785
2890
2785
2897
2781
2909
2786
2898
2794
2910
2797
2909
2805
2898
2818
2898
2826
2889
2841
2877
2854
2870
2865
2862
2882
2850
2889
2850
2897
2837
2914
2829
2914
2830
2921
2821
2937
2821
2933
2821
2941
2822
2946
2829
2937
2838
2946
2842
2941
2854
2930
2870
2925
2882
2918
2898
2905
2910
2901
2921
2886
2937
2878
2941
2877
2950
2865
2965
2861
2962
2857
2969
2853
2978
2858
2974
2862
2982
2866
2982
2877
2969
2889
2966
2897
2957
2917
2942
2929
2937
2942
2926
2958
2913
2966
2913
2974
2902
2990
2897
2994
2894
3002
2889
3010
2890
3006
2894
3014
2897
3017
2909
3006
2922
3005
2929
2998
2946
2981
2957
2978
2973
2961
2989
2950
2998
2945
3009
2933
3026
2930
3026
2925
3034
2922
3045
2922
3041
2926
3049
2930
3049
2941
3038
2958
3033
2966
3026
2982
3010
2998
3001
3010
2989
3029
2977
3037
2974
3046
2962
3065
2958
3062
2957
3073
2954
3082
2957
3073
2966
3082
2969
3077
2985
3065
2997
3058
3013
3046
3030
3030
3041
3026
3057
3010
3073
3001
3081
2998
3090
2989
3102
2985
3102
2985
3109
2986
3114
2997
3105
3010
3105
3017
3097
3034
3082
3050
3073
3065
3058
3082
3045
3094
3042
3106
3029
3122
3021
3125
3017
3134
3014
3142
3017
3134
3026
3145
3030
3138
3045
3126
3062
3121
3074
3106
3093
3089
3109
3082
3122
3070
3142
3061
3149
3057
3158
3046
3169
3046
3166
3050
3173
3054
3174
3062
3162
3078
3158
3089
3146
3109
3126
3122
3117
3138
3102
3158
3089
3165
3086
3173
3074
3190
3073
3189
3073
3197
3074
3201
3081
3190
3098
3190
3106
3178
3126
3161
3141
3154
3157
3138
3177
3122
3190
3118
3197
3105
3214
3101
3214
3101
3226
3097
3233
3106
3221
3122
3222
3129
3214
3146
3194
3165
3186
3178
3169
3201
3154
3210
3149
3222
3134
3238
3130
3241
3126
3249
3126
3258
3130
3249
3145
3249
3153
3242
3169
3226
3189
3214
3205
3201
3222
3181
3237
3178
3249
3165
3266
3158
3266
3154
3278
3153
3285
3157
3274
3169
3277
3177
3269
3194
3254
3213
3241
3229
3225
3250
3210
3262
3205
3274
3190
3290
3185
3293
3181
3305
3178
3310
3186
3302
3197
3305
3205
3293
3225
3274
3242
3266
3262
3249
3282
3233
3293
3225
3306
3214
3322
3206
3322
3205
3334
3206
3337
3213
3326
3230
3325
3237
3314
3261
3293
3278
3282
3294
3266
3314
3253
3325
3246
3337
3234
3353
3229
3350
3230
3358
3233
3361
3246
3349
3265
3345
3277
3329
3301
3310
3318
3301
3334
3282
3353
3270
3362
3261
3370
3254
3385
0
0
0
0
0
0
-1
-1
0
0
0
0
0
0
0
0
1
1
1
1
0
0
0
0
0
1
1
1
1
-1
-1
-1
-1
0
1
1
1
1
-1
0
0
0
1
0
0
0
0
-1
0
0
0
1
-1
-1
0
0
1
1
1
1
0
0
0
0
0
1
1
0
0
0
0
0
0
1
0
0
0
0
0
0
0
0
0
0
0
0
0
0
0
0
0
0
0
0
0
0
0
0
0
0
0
0
0
0
0
0
0
0
0
1
1
1
1
0
1
1
1
1
1
1
1
1
0
0
0
0
1
0
0
0
0
0
0
0
1
1
1
1
0
1
1
1
1
1
1
1
2
1
1
1
1
2
1
1
1
2
2
2
2
1
2
2
2
2
2
2
2
2
1
1
1
1
1
0
-1
-1
-1
-1
-1
-1
-1
-1
-1
-1
-1
-1
-1
0
0
0
-1
-1
-1
-1
-1
-1
-1
-1
-1
0
-1
-1
-1
0
0
0
0
0
0
0
0
0
-1
0
0
0
0
0
0
0
0
0
0
0
0
0
0
0
0
0
0
0
0
1
1
1
1
1
1
1
1
1
1
1
1
1
0
0
0
0
0
0
0
0
0
1
1
1
1
1
1
1
0
1
1
1
1
0
-1
-1
-1
0
0
0
0
1
0
0
0
0
1
1
1
1
0
0
0
0
0
0
0
0
0
0
0
0
0
0
0
0
0
0
0
0
0
0
0
0
0
0
0
0
0
0
0
0
0
0
0
0
0
1
1
1
1
1
2
2
2
2
2
3
3
3
2
2
2
2
2
1
1
1
1
1
0
0
0
0
0
-1
-1
-1
-1
-1
-1
-1
-1
-1
-1
-1
-1
-1
0
0
0
0
0
0
0
0
0
0
0
0
0
0
0
-1
-1
-1
-1
-1
-1
-1
-1
-1
-1
-1
-1
-1
0
0
0
0
0
0
0
0
0
0
0
0
0
0
0
0
0
0
0
0
0
0
0
0
0
0
0
0
0
0
0
0
0
0
0
0
0
0
0
0
0
0
0
0
0
0
1
1
1
1
1
1
1
1
1
1
0
0
0
-1
-1
-1
-1
-1
-1
-1
-1
-1
-1
0
0
0
0
0
0
0
0
0
0
0
0
0
1
1
1
1
0
0
0
0
0
0
0
0
0
-1
-1
-1
-1
0
0
0
0
0
0
0
0
0
1
1
1
1
1
2
2
2
2
3
3
3
3
2
3
3
3
3
2
1
1
1
0
0
0
0
0
-1
-1
-1
-1
-1
0
0
0
0
0
0
0
0
0
0
0
0
0
0
0
0
0
0
0
0
0
0
0
0
0
0
0
0
0
0
0
0
0
0
0
0
0
0
0
0
0
0
0
0
0
0
0
0
0
0
0
0
0
-1
-1
-1
-1
-1
-1
-1
-1
-1
-1
-1
-1
-1
0
0
0
1
1
1
1
0
0
0
0
0
0
0
0
0
-1
0
0
0
0
0
0
0
0
0
0
0
0
0
-1
-1
-1
0
0
0
0
0
0
0
0
0
0
0
0
0
0
0
0
0
0
0
0
0
0
0
1
1
1
1
0
1
1
1
1
1
1
1
1
0
0
0
0
1
0
0
0
0
0
-1
0
0
0
0
0
0
0
0
0
0
1
1
2
2
2
2
2
2
3
3
3
3
3
3
3
3
2
1
1
1
1
0
0
0
0
0
-1
-1
-1
-1
0
0
0
-1
-1
-1
-1
-1
-1
-1
-1
-1
-2
-2
-2
-2
-1
-1
-1
-1
-1
-1
-1
-1
-2
-1
-1
-1
-1
-1
-1
-1
0
0
0
0
-1
0
0
0
0
0
0
0
0
-1
-1
-1
-1
0
0
0
0
0
0
0
0
0
0
0
0
0
0
-1
-1
-1
-1
-1
-1
-1
-1
-1
-1
-1
-1
-1
0
0
0
0
0
0
0
0
0
0
0
0
0
0
0
0
0
0
0
0
0
0
0
0
0
0
-1
-1
-1
-1
-1
-1
-1
-1
-1
-1
-1
-1
-1
1
1
1
1
0
0
1
1
1
1
0
0
0
-1
-1
0
0
1
1
0
0
0
0
1
1
1
1
1
1
1
1
1
2
2
2
2
3
3
3
4
4
3
3
3
3
2
2
2
2
1
1
1
0
0
0
-1
-1
-1
-1
-1
-1
-1
-1
-1
-1
-2
-1
-1
0
0
-1
0
0
0
0
0
0
0
1
0
0
0
0
1
0
0
-1
0
0
0
0
0
0
0
0
0
0
0
1
2
1
1
1
1
0
0
0
0
0
0
0
-1
-1
-1
-1
-1
-1
0
0
0
0
0
0
0
0
0
0
0
0
0
0
0
0
0
0
0
0
0
0
0
0
0
0
0
0
0
0
0
-1
-1
-1
0
0
0
0
-1
-1
-1
0
0
0
1
0
0
-1
-1
-1
-1
0
0
0
-1
0
0
0
1
0
0
0
1
1
1
1
0
0
-1
0
0
0
1
0
1
0
0
0
-1
0
0
0
-1
-1
-1
-1
0
-1
-1
-1
-1
0
0
0
0
1
1
1
1
2
2
2
3
3
3
3
3
3
3
3
3
3
2
2
1
1
1
1
1
1
1
-1
-1
-1
-1
-1
-1
0
-1
-1
-1
-1
-1
-1
0
0
0
0
0
0
0
0
0
0
-1
-1
-1
-1
-1
-1
-1
-1
-1
-1
-1
-1
-1
0
0
0
0
0
0
0
0
-1
-1
-1
-1
-1
-1
-1
-1
-1
-1
-1
-1
-1
0
0
0
0
0
0
0
0
0
0
0
0
0
0
0
0
0
0
0
0
-1
0
0
0
0
0
0
0
0
0
0
0
0
1
-1
0
0
0
0
0
0
0
0
0
0
0
0
1
0
0
0
0
0
0
0
0
0
0
0
0
0
0
0
0
0
0
0
0
0
0
0
0
0
0
0
0
0
0
0
0
0
0
0
0
0
0
0
0
0
0
0
0
0
0
0
0
0
1
1
1
1
1
1
0
1
1
1
1
1
1
1
1
1
1
1
2
3
2
3
3
3
4
4
3
3
3
4
4
3
3
3
2
2
2
0
0
0
0
0
-1
-1
-2
-2
-2
-2
-2
-2
-1
-1
-1
-1
-1
-1
-1
0
0
-1
-1
-1
-1
-1
-1
-1
-1
-1
-1
-2
-2
-2
-1
-1
-1
-1
-1
-1
-1
-1
-1
-1
0
0
0
0
-1
-1
-1
-1
-1
-1
-1
-2
-2
-2
-2
-2
-2
-1
0
0
0
0
-1
-1
0
0
0
0
0
0
0
-1
-1
-1
-1
0
1
1
1
1
1
1
1
1
1
1
1
1
1
1
1
1
1
1
1
1
1
1
1
1
1
1
0
0
0
0
0
0
0
0
0
0
0
0
-1
-1
-1
-1
-1
-1
-1
-1
-1
-1
-1
-1
-1
0
0
0
0
0
0
0
0
-1
0
0
0
0
0
0
0
0
0
0
0
0
1
0
0
0
1
1
1
1
1
2
2
2
3
3
3
4
4
3
3
3
4
4
3
3
3
2
2
2
1
1
0
0
0
-1
-1
-1
-1
-1
-1
-2
-2
-2
-2
-1
-1
-1
-1
-2
-2
-2
-2
-2
-1
-1
-1
-1
-2
-2
-2
-2
-1
-1
-1
-1
-1
-1
-1
-1
-1
0
0
0
0
0
0
0
0
0
0
0
0
0
0
0
0
0
0
0
-1
-1
-1
-1
-1
-1
-1
-1
-1
-1
-1
0
0
1
1
0
0
0
0
0
1
1
1
1
-1
-1
0
0
1
1
1
1
1
0
0
0
0
1
1
0
0
0
0
0
0
0
0
0
0
0
0
0
0
0
0
0
0
0
0
0
0
0
0
0
0
0
0
0
0
0
0
0
0
0
0
0
0
0
0
0
0
0
0
0
1
1
1
1
1
1
1
1
1
1
1
1
1
0
1
1
1
1
1
2
2
3
3
3
4
4
5
4
4
4
4
4
3
3
2
2
2
1
1
-1
-1
-1
-1
-1
-2
-2
-2
-2
-2
-3
-3
-3
-2
-2
-2
-2
-3
-2
-2
-2
-2
-2
-2
-2
-2
-2
-2
-2
-2
-2
-2
-2
-2
-2
-2
-1
-1
-1
-2
-2
-2
-2
-1
-1
-1
-1
-1
-1
-1
-1
-1
0
0
1
1
1
1
0
0
0
0
1
1
1
1
1
0
0
0
0
1
1
1
1
0
0
0
0
0
0
0
0
0
0
0
0
0
1
1
1
1
1
1
1
1
1
1
1
1
1
0
0
0
0
0
0
0
-1
-1
0
0
0
0
0
0
0
0
0
0
0
1
1
0
0
0
-1
0
0
0
0
0
0
0
0
0
0
0
0
1
0
0
0
0
0
0
0
0
0
0
0
0
0
0
0
1
1
1
2
2
2
3
3
4
4
5
5
5
5
5
6
5
5
6
5
5
4
3
2
2
2
1
0
-1
-1
-2
-3
-3
-3
-3
-2
-2
-3
-3
-3
-3
-3
-3
-2
-2
-2
-2
-2
-3
-3
-2
-2
-2
-2
-2
-2
-2
-2
-2
-2
-2
-1
-1
-1
-1
-2
-1
-1
-1
-1
-1
-1
-1
-1
-1
-1
-1
-1
0
0
0
0
0
0
0
0
0
0
0
0
0
0
0
0
0
1
1
1
1
1
1
1
1
1
1
1
1
1
0
0
0
0
0
0
0
0
0
0
0
0
0
0
0
0
0
0
0
0
-1
0
0
0
0
0
0
0
0
0
0
0
0
0
-1
-1
-1
-1
0
0
0
0
0
0
0
0
0
1
1
1
1
0
0
0
0
0
0
0
0
1
0
0
0
0
1
1
1
1
1
2
2
2
3
3
4
4
4
4
4
5
5
5
5
5
5
4
4
3
3
3
2
2
1
1
1
-1
-1
-1
-1
-1
-2
-2
-2
-3
-3
-3
-3
-3
-2
-3
-3
-3
-3
-2
-3
-3
-2
-3
-3
-3
-3
-3
-2
-2
-2
-2
-2
-1
-1
-1
-1
-1
-1
-1
-1
-1
-1
-1
-1
-1
-1
-2
-1
0
0
0
-1
-1
-1
-1
-1
-1
-1
-1
0
-1
-1
-1
-1
0
0
0
0
0
0
0
1
1
1
1
0
0
0
0
1
1
1
1
1
0
0
0
0
1
0
1
1
0
0
0
0
0
0
0
0
0
0
1
0
0
0
0
0
0
0
0
0
0
0
0
0
0
0
0
0
0
0
0
0
0
0
0
0
0
0
0
0
1
1
2
2
3
3
4
4
5
6
6
6
7
6
6
6
6
6
6
5
5
3
2
2
2
0
0
0
-2
-2
-3
-3
-3
-4
-3
-3
-3
-4
-3
-3
-3
-2
-3
-3
-3
-3
-3
-3
-3
-3
-2
-2
-2
-2
-2
-1
-1
-1
-1
0
0
0
0
0
-1
-1
-1
-1
-1
-1
-1
-1
-1
-2
-2
-2
-2
-1
-1
-1
-1
-2
-2
-2
-2
-2
-1
-1
-1
-1
-1
-1
-1
-1
0
0
-1
-1
-1
-1
0
0
0
0
0
0
0
0
0
1
1
1
1
0
0
0
0
0
0
0
0
0
0
0
0
0
0
1
1
1
1
1
1
0
0
0
0
0
1
1
0
0
0
0
0
0
1
1
1
1
1
0
0
0
0
0
0
0
0
1
1
1
1
1
2
2
2
3
4
4
5
6
5
6
7
7
8
7
8
9
8
8
8
7
7
7
6
5
5
4
4
3
2
2
0
0
0
-1
-2
-2
-2
-3
-3
-4
-4
-4
-5
-4
-4
-5
-5
-4
-5
-5
-4
-5
-4
-4
-5
-4
-5
-5
-4
-4
-5
-4
-4
-4
-3
-3
-4
-3
-3
-3
-3
-3
-3
-2
-2
-2
-2
-3
-3
-2
-2
-2
-2
-2
-2
-2
-2
-2
-2
-3
-2
-2
-2
-2
-2
-1
-1
-1
-1
-1
-1
0
1
1
1
1
1
1
1
1
1
1
1
1
1
1
1
1
1
1
1
1
2
2
2
2
2
1
1
1
1
1
1
1
1
0
0
0
0
1
1
1
1
1
1
1
1
1
1
1
1
1
0
0
0
0
0
0
0
1
1
1
1
1
1
1
1
1
1
1
1
2
1
2
3
3
3
4
5
6
6
7
8
9
9
9
9
9
9
10
9
8
8
8
7
6
5
4
4
3
2
2
1
0
0
-1
-2
-2
-3
-3
-4
-4
-4
-5
-5
-6
-6
-6
-7
-6
-7
-7
-7
-7
-7
-7
-7
-7
-6
-6
-6
-5
-6
-5
-4
-4
-4
-4
-4
-3
-3
-3
-2
-2
-3
-2
-2
-2
-2
-1
-2
-2
-2
-2
-2
-3
-3
-2
-2
-2
-2
-2
-2
-1
-1
-1
-1
-1
0
0
0
1
1
1
1
1
1
1
1
1
1
1
1
2
1
1
1
1
1
1
1
1
1
1
1
1
0
1
1
1
1
1
1
1
1
1
1
1
1
1
0
0
0
0
0
0
0
0
0
0
0
0
0
0
1
1
1
1
0
0
0
1
1
1
1
1
1
0
0
0
0
1
1
1
0
0
1
1
1
2
2
3
4
4
5
6
6
7
8
8
8
9
9
10
9
9
9
8
8
8
7
6
5
5
4
3
1
1
0
-1
-1
-2
-3
-4
-4
-5
-5
-6
-6
-6
-6
-7
-7
-7
-8
-7
-7
-7
-7
-7
-7
-7
-6
-6
-5
-5
-5
-4
-4
-4
-4
-3
-3
-3
-3
-3
-3
-3
-2
-2
-3
-3
-2
-2
-2
-2
-1
-2
-2
-2
-2
-2
-2
-1
-1
-1
-1
-1
-1
-1
0
0
0
0
0
0
0
0
0
0
0
0
1
1
1
1
1
1
1
1
1
1
1
1
1
0
0
0
1
1
1
1
1
1
1
1
1
1
1
1
1
0
0
0
0
0
0
1
1
1
1
1
1
0
1
1
1
1
1
1
0
1
1
1
1
1
2
1
1
1
1
1
1
1
0
0
0
0
0
1
1
1
2
2
2
3
3
4
5
5
6
7
6
7
8
8
9
9
9
10
9
9
9
8
7
7
6
5
4
3
3
2
1
1
0
-1
-1
-2
-2
-2
-3
-3
-4
-4
-4
-5
-5
-6
-5
-6
-6
-6
-7
-7
-7
-7
-7
-8
-7
-7
-7
-7
-6
-6
-6
-6
-5
-5
-4
-4
-4
-4
-4
-3
-3
-3
-3
-3
-2
-2
-2
-2
-2
-2
-2
-2
-2
-2
-2
-1
-1
-2
-2
-2
-2
-2
-1
-1
-1
-1
-1
-1
-1
-1
0
0
0
0
0
0
0
0
1
1
1
1
1
1
1
1
1
2
2
2
2
1
1
1
1
1
1
2
2
2
1
1
1
2
2
2
2
2
2
2
1
1
1
1
1
1
0
0
0
0
0
1
1
1
1
1
1
1
1
1
2
2
2
2
1
1
1
1
1
1
1
1
1
0
0
0
0
0
1
1
1
2
2
3
4
4
5
6
7
8
8
8
9
10
10
11
10
10
11
11
10
10
9
9
8
7
6
5
4
4
3
2
1
2
0
0
0
-1
-1
-2
-2
-3
-3
-3
-4
-4
-6
-5
-6
-7
-6
-7
-6
-7
-7
-7
-8
-8
-8
-8
-8
-8
-7
-8
-7
-8
-7
-6
-7
-6
-6
-6
-5
-6
-5
-5
-4
-4
-4
-4
-4
-3
-4
-3
-3
-3
-2
-3
-3
-3
-3
-2
-2
-2
-2
-1
-1
-1
-1
-1
0
0
0
0
0
0
0
0
0
0
0
0
0
0
0
0
1
1
1
1
1
1
1
1
1
1
1
1
2
1
1
1
1
1
2
2
2
2
2
2
2
1
1
2
2
2
2
1
1
1
1
1
1
1
1
2
1
1
1
1
1
1
1
1
1
1
1
2
1
1
1
1
1
1
0
1
1
1
1
1
0
0
0
0
0
0
1
2
2
2
3
3
4
4
5
6
7
8
9
8
9
9
10
9
10
10
11
10
9
9
8
7
7
6
5
4
4
3
2
1
1
0
-1
-2
-2
-3
-3
-3
-4
-4
-4
-4
-5
-5
-4
-5
-5
-5
-5
-5
-6
-6
-6
-6
-6
-6
-6
-7
-6
-6
-6
-5
-6
-5
-4
-4
-4
-5
-4
-4
-3
-3
-2
-3
-3
-3
-3
-3
-3
-3
-3
-3
-3
-3
-3
-4
-3
-3
-2
-2
-2
-2
-3
-2
-2
-2
-2
-2
-1
-1
-1
-1
-1
-2
-2
-1
-1
-1
-1
-1
-1
-1
-1
-1
-1
-1
0
0
0
0
0
0
1
1
1
1
0
0
0
1
1
1
1
1
2
0
0
0
0
1
1
1
1
1
1
1
1
0
1
1
1
1
1
1
2
1
1
1
1
1
1
1
1
1
1
1
1
1
1
1
2
2
2
3
4
4
5
6
7
8
8
9
10
10
11
12
11
11
11
10
10
10
9
9
8
7
6
5
3
3
2
2
2
1
0
-1
-2
-3
-3
-4
-4
-3
-3
-4
-4
-4
-5
-6
-5
-6
-6
-6
-6
-6
-7
-8
-7
-8
-8
-8
-7
-8
-7
-7
-7
-6
-6
-6
-5
-6
-5
-5
-4
-4
-4
-4
-3
-3
-4
-4
-3
-3
-3
-3
-3
-3
-3
-3
-3
-3
-3
-2
-2
-2
-2
-1
-1
-2
-1
-1
0
0
-1
0
0
0
0
0
0
0
1
0
0
0
0
1
0
1
1
1
1
1
1
1
2
2
2
2
2
2
1
1
1
1
1
1
1
1
1
1
1
1
1
1
1
1
1
1
2
2
1
1
1
1
2
2
2
2
2
2
2
1
1
1
1
2
2
1
1
1
1
2
2
2
3
3
4
4
4
5
6
7
7
8
8
9
11
10
11
10
11
11
11
11
10
11
11
10
9
8
8
7
7
6
5
4
3
2
1
0
0
-1
-2
-2
-3
-3
-4
-4
-4
-5
-4
-4
-5
-6
-5
-6
-6
-6
-6
-6
-7
-7
-7
-8
-9
-8
-8
-8
-8
-8
-8
-8
-8
-8
-8
-8
-7
-6
-6
-5
-6
-5
-6
-5
-5
-5
-4
-4
-4
-4
-4
-4
-4
-3
-4
-3
-3
-3
-2
-2
-3
-2
-2
-2
-2
-2
-2
-1
-1
-1
-1
-1
-1
0
0
-1
-1
-1
-1
-1
0
0
0
0
1
1
1
1
2
2
2
2
2
1
2
2
2
1
2
2
2
2
2
2
2
3
3
2
2
2
2
1
2
2
2
2
2
2
1
1
1
2
2
2
2
1
1
1
1
1
1
1
1
1
1
1
1
2
2
2
3
3
4
5
6
6
7
7
8
9
9
10
11
11
12
12
12
11
12
11
11
10
10
9
8
7
7
6
5
4
4
3
3
1
1
0
0
0
0
-2
-2
-2
-3
-4
-4
-5
-5
-5
-6
-6
-7
-7
-7
-7
-7
-7
-7
-8
-7
-7
-7
-7
-7
-7
-8
-7
-7
-8
-7
-7
-6
-7
-6
-6
-6
-6
-6
-5
-6
-6
-5
-5
-4
-5
-4
-4
-5
-4
-4
-3
-4
-3
-3
-3
-3
-4
-3
-3
-3
-3
-3
-3
-3
-2
-2
-2
-2
-3
-2
-2
-2
-2
-1
-1
-1
-1
-1
-1
-1
-1
0
0
0
0
0
0
0
0
0
0
1
1
1
1
1
1
1
1
2
2
2
2
2
1
1
1
1
1
2
2
2
1
1
1
1
1
1
2
2
2
3
2
3
3
4
4
5
6
7
8
8
9
10
10
12
12
13
12
13
13
13
13
12
12
11
11
10
9
8
7
7
6
5
4
3
3
1
1
0
0
-1
-1
-2
-2
-2
-3
-3
-4
-4
-4
-4
-5
-6
-6
-6
-6
-6
-7
-7
-7
-7
-7
-7
-7
-7
-7
-7
-8
-7
-7
-7
-6
-6
-5
-6
-5
-6
-5
-5
-5
-5
-5
-5
-5
-5
-5
-6
-5
-5
-5
-5
-4
-5
-4
-4
-4
-4
-4
-4
-3
-3
-3
-2
-3
-3
-2
-2
-2
-2
-1
-1
-1
-1
-1
-1
-1
0
-1
-1
-1
-1
-1
0
0
0
0
0
0
0
0
1
1
1
1
1
1
1
1
1
1
1
2
2
2
2
2
2
2
1
2
2
2
2
2
2
2
2
2
2
2
2
2
2
2
2
2
3
2
2
3
3
4
5
6
7
7
8
9
10
11
12
13
13
14
14
15
15
15
15
14
14
14
12
12
11
11
10
10
8
7
7
6
6
5
4
4
4
4
3
2
1
1
1
-1
-1
-1
-1
-2
-2
-4
-4
-5
-4
-4
-5
-5
-5
-5
-6
-7
-6
-7
-6
-7
-7
-7
-8
-7
-8
-8
-8
-7
-7
-7
-7
-7
-7
-6
-7
-7
-7
-7
-6
-7
-8
-7
-8
-7
-8
-7
-8
-8
-7
-8
-7
-8
-7
-6
-7
-6
-7
-6
-7
-6
-5
-6
-5
-5
-5
-5
-5
-5
-5
-4
-4
-3
-4
-4
-3
-3
-4
-3
-3
-3
-2
-2
-2
-2
-2
-1
-1
-1
-1
0
0
0
0
0
1
1
1
1
1
2
2
1
1
1
2
2
2
1
2
2
2
2
1
1
2
3
3
2
3
3
3
2
3
3
3
4
5
5
5
6
7
7
8
10
11
12
13
14
14
14
15
15
16
16
16
16
14
14
13
12
12
12
12
11
11
10
9
9
8
9
8
7
7
6
5
5
4
3
2
2
1
0
-1
-2
-3
-3
-3
-4
-5
-5
-6
-6
-7
-8
-7
-8
-8
-7
-8
-9
-9
-9
-9
-8
-9
-9
-8
-8
-8
-7
-8
-7
-7
-7
-7
-7
-8
-7
-7
-7
-8
-8
-8
-8
-8
-8
-8
-8
-8
-7
-8
-7
-8
-7
-6
-7
-6
-6
-6
-5
-6
-5
-5
-4
-4
-4
-4
-4
-4
-4
-4
-3
-3
-3
-3
-3
-4
-4
-3
-3
-3
-1
-1
-1
-1
-2
-1
-1
-1
0
1
1
1
1
0
0
0
0
1
2
2
2
2
1
1
2
2
2
2
2
2
2
1
2
2
2
2
2
1
1
1
1
2
3
3
4
3
4
5
6
8
9
10
11
13
13
13
14
14
15
15
15
14
13
13
13
13
12
11
11
10
10
9
8
8
8
7
7
6
5
4
4
3
3
2
2
2
0
0
-1
-2
-2
-3
-3
-3
-4
-4
-5
-6
-6
-6
-7
-6
-7
-7
-7
-7
-8
-7
-8
-7
-7
-7
-7
-6
-7
-7
-7
-7
-7
-7
-7
-7
-7
-7
-8
-7
-8
-7
-7
-7
-7
-7
-6
-7
-6
-7
-6
-5
-6
-5
-5
-5
-5
-4
-4
-4
-4
-4
-3
-3
-4
-3
-3
-3
-2
-2
-2
-2
-2
-1
-1
-1
-1
0
-1
-1
-1
-1
-1
-1
-1
-1
-1
-1
-1
-1
-1
0
0
1
1
1
1
1
1
1
2
2
2
2
3
3
2
2
3
3
3
3
3
3
3
3
3
3
3
3
3
3
4
5
6
7
7
8
9
11
11
12
13
14
14
14
14
14
14
14
14
14
13
12
12
12
11
11
10
10
9
9
8
7
7
6
6
5
4
4
4
4
2
2
1
0
0
-2
-2
-3
-3
-3
-4
-6
-6
-6
-7
-7
-7
-8
-7
-8
-8
-8
-9
-9
-8
-9
-9
-8
-8
-8
-7
-8
-7
-7
-8
-7
-7
-8
-7
-7
-7
-8
-7
-8
-7
-7
-7
-6
-7
-7
-6
-7
-6
-6
-6
-6
-5
-6
-6
-6
-6
-5
-5
-5
-4
-5
-5
-4
-4
-4
-4
-4
-3
-3
-4
-3
-3
-3
-2
-3
-3
-3
-3
-2
-2
-2
-2
-2
-2
-2
-2
-2
-1
-1
-1
-1
-1
0
0
0
1
1
1
1
1
2
2
2
2
3
2
2
2
2
2
2
3
3
2
2
2
2
2
2
2
2
3
3
4
4
5
5
6
8
9
9
10
12
13
13
15
15
15
15
16
16
15
15
15
16
15
15
14
13
13
13
12
12
11
10
9
9
7
6
6
6
5
4
2
3
1
1
1
0
-1
-1
-2
-3
-4
-4
-5
-5
-6
-6
-7
-8
-7
-8
-8
-8
-9
-8
-9
-8
-8
-9
-8
-8
-8
-8
-7
-8
-7
-7
-8
-7
-8
-8
-7
-7
-7
-6
-7
-7
-6
-7
-6
-5
-6
-5
-5
-6
-6
-6
-6
-6
-6
-6
-6
-6
-6
-6
-6
-5
-5
-5
-4
-4
-4
-4
-4
-3
-3
-3
-2
-3
-3
-2
-2
-2
-2
-1
-2
-2
-2
-2
-2
-2
-1
-1
-1
-1
-1
-1
-1
0
0
0
-1
-1
-1
-1
-1
-1
0
0
0
0
0
0
0
1
1
2
2
2
2
1
1
2
2
2
3
3
3
4
4
4
5
6
7
8
8
9
10
11
12
13
14
14
14
15
15
15
15
15
14
14
13
13
13
11
11
11
10
9
9
8
7
8
6
5
4
3
3
2
2
1
1
-1
-1
-2
-3
-3
-3
-4
-4
-5
-6
-6
-7
-7
-7
-8
-8
-8
-8
-8
-8
-8
-8
-7
-8
-7
-7
-7
-7
-7
-8
-7
-8
-7
-8
-7
-7
-7
-7
-8
-7
-7
-6
-6
-6
-5
-6
-5
-6
-6
-6
-6
-5
-5
-4
-4
-4
-4
-4
-3
-3
-3
-3
-2
-3
-3
-3
-3
-3
-2
-2
-3
-3
-3
-2
-2
-2
-1
-1
-1
-2
-2
-2
-2
-1
-1
-1
-1
-2
-2
-2
-2
-2
-1
-1
-1
0
0
0
0
0
1
1
1
1
1
1
1
1
0
0
1
1
1
1
2
2
3
4
5
6
8
9
10
10
12
13
14
15
16
16
15
15
15
15
15
15
15
13
13
13
11
11
10
11
11
10
9
8
7
6
6
5
5
5
4
4
3
1
1
-1
-2
-2
-2
-3
-3
-5
-5
-6
-7
-7
-7
-8
-7
-7
-8
-8
-8
-8
-8
-9
-8
-8
-8
-7
-7
-8
-7
-7
-8
-7
-8
-7
-7
-7
-7
-8
-8
-8
-7
-8
-7
-6
-7
-6
-6
-6
-6
-6
-5
-5
-4
-4
-3
-4
-4
-3
-3
-4
-3
-3
-2
-2
-3
-3
-3
-3
-2
-3
-3
-3
-2
-2
-2
-2
-3
-2
-2
-2
-2
-2
-1
-1
-1
-1
-2
-2
-2
-1
-1
0
0
0
0
0
0
0
0
1
1
1
1
1
0
0
0
0
0
0
0
0
0
1
1
1
2
2
2
2
3
3
3
4
4
5
5
6
7
8
9
10
12
12
13
15
15
15
16
16
16
16
15
15
15
14
14
14
13
13
13
12
11
11
10
10
9
8
8
7
6
5
4
4
3
3
1
1
0
-1
-1
-3
-3
-3
-4
-4
-5
-6
-7
-6
-7
-8
-7
-8
-8
-8
-9
-8
-9
-9
-9
-8
-9
-9
-8
-8
-8
-7
-8
-8
-8
-8
-8
-7
-7
-7
-7
-7
-8
-7
-7
-7
-6
-7
-6
-6
-6
-6
-5
-5
-5
-4
-5
-5
-4
-4
-4
-4
-3
-3
-3
-4
-3
-3
-3
-2
-3
-3
-3
-2
-2
-3
-3
-3
-3
-3
-3
-3
-3
-2
-3
-3
-3
-3
-3
-3
-3
-2
-2
-2
-2
-2
-2
-1
-1
-1
-1
0
0
0
0
0
-1
-1
-1
-1
0
0
0
0
0
1
1
1
1
2
2
2
2
1
2
2
3
4
3
4
6
7
8
9
11
12
13
14
15
16
16
17
17
16
16
16
16
16
16
16
15
14
13
13
13
12
12
11
11
10
8
7
6
5
5
4
3
2
2
1
1
0
-1
-1
-1
-2
-2
-3
-3
-4
-5
-5
-6
-7
-7
-7
-8
-9
-8
-9
-9
-10
-9
-9
-9
-9
-8
-9
-8
-7
-7
-7
-6
-6
-6
-6
-6
-6
-6
-7
-6
-6
-7
-6
-6
-7
-6
-5
-6
-5
-5
-5
-4
-4
-4
-4
-4
-4
-4
-4
-4
-3
-3
-4
-3
-3
-3
-3
-2
-2
-3
-2
-2
-2
-2
-2
-2
-2
-2
-2
-2
-2
-2
-2
-2
-2
-2
-2
-2
-1
-2
-2
-2
-2
-2
-2
-1
-1
-1
-1
-1
-1
-1
0
0
0
0
0
0
0
0
0
0
0
1
1
2
2
3
4
5
6
7
9
10
11
12
12
13
13
15
14
14
14
14
14
13
12
12
11
11
11
11
9
9
9
8
7
7
6
6
5
6
5
4
2
2
2
0
0
0
-2
-2
-2
-3
-4
-5
-5
-5
-6
-6
-6
-6
-7
-6
-7
-8
-7
-8
-7
-7
-6
-6
-6
-6
-6
-6
-6
-5
-5
-5
-4
-5
-5
-6
-6
-6
-5
-6
-5
-5
-6
-5
-6
-6
-5
-5
-4
-4
-4
-4
-3
-4
-4
-3
-3
-2
-2
-3
-3
-3
-2
-2
-2
-2
-2
-2
-2
-2
-2
-2
-1
-1
-1
-1
-1
-2
-2
-1
-1
-1
-2
-2
-2
-2
-2
-2
-2
-3
-2
-2
-2
-2
-2
-1
-1
-1
-1
-1
-1
-1
0
0
0
0
1
1
2
2
3
4
5
6
7
8
9
10
11
12
13
13
15
14
14
14
14
14
14
14
13
13
11
11
10
9
9
8
8
7
6
6
5
5
4
5
4
4
3
3
3
1
1
1
-1
-1
-2
-2
-4
-4
-4
-5
-6
-6
-6
-7
-7
-6
-7
-7
-7
-7
-8
-8
-7
-6
-7
-6
-6
-6
-7
-6
-5
-6
-6
-5
-6
-6
-7
-6
-6
-6
-6
-5
-5
-6
-5
-4
-5
-4
-4
-3
-3
-3
-3
-3
-3
-3
-2
-2
-3
-2
-2
-2
-2
-3
-3
-2
-2
-2
-2
-3
-3
-2
-2
-2
-2
-2
-1
-2
-2
-2
-2
-2
-1
-1
-1
-1
-2
-2
-2
-2
-1
-1
-1
-1
-1
-1
-1
-1
-1
0
0
0
0
0
0
0
0
0
0
0
0
0
0
0
0
0
1
1
2
3
4
5
6
7
8
9
10
11
12
0
0
0
0
0
0
0
0
0
0
0
0
0
0
0
0
0
0
0
0
0
0
0
0
0
0
0
0
0
0
0
0
0
0
0
0
0
0
0
0
0
0
0
0
0
0
0
0
0
0
0
0
0
0
0
0
0
0
0
0
152
107
62
18
-27
-70
-115
-160
-204
-248
-293
-337
-381
10
-34
-36
-35
-36
-35
-37
-36
-36
-36
-36
-36
-36
-37
-36
-36
-36
-35
-35
-35
-35
-35
-35
-35
-35
-35
-35
-34
-34
-34
-34
-34
-34
-34
-34
-34
-34
-34
-34
-34
-34
-34
-34
-34
-34
-34
-34
-35
-35
-35
-35
-35
-35
-35
-35
-35
-35
-35
-35
-35
-36
-36
-36
-36
-36
-36
-36
-36
-36
-36
-36
-36
-36
-36
-36
-36
-36
-36
-36
-36
-36
-36
-36
-36
-36
-36
-36
-36
-36
-36
-36
-36
-36
-36
-35
-36
-35
-35
-35
-35
-34
-35
-34
-35
-34
-34
-33
-33
-33
-33
-32
-32
-32
-32
-32
-32
-32
-32
-31
-32
-33
-32
-32
-32
-32
-32
-32
-32
-32
-32
-32
-32
-33
-33
-33
-32
-32
-32
-32
-32
-32
-31
-32
-32
-32
-32
-32
-32
-32
-32
-31
-32
-32
-32
-32
-32
-32
-32
-32
-31
-32
-32
-32
-32
-31
-32
-32
-32
-32
-32
-32
-32
-32
-31
-32
-32
-32
-32
-32
-31
-32
-31
-32
-32
-32
-32
-31
-31
-31
-31
-31
-32
-31
-32
-31
-31
-31
-31
-31
-32
-32
-31
-32
-32
-31
-31
-31
-32
-32
-31
-31
-31
-31
-31
-31
-31
-31
-31
-31
-31
-31
-31
-31
-31
-31
-31
-31
-31
-32
-31
-31
-31
-31
-31
-30
-31
-31
-31
-31
-30
-30
-30
-31
-31
-30
-30
-30
-30
-31
-30
-30
-30
-30
-30
-30
-30
-30
-30
-30
-29
-30
-30
-30
-30
-29
-29
-30
-29
-29
-29
-29
-28
-29
-28
-28
-28
-28
-28
-28
-28
-27
-27
-27
-27
-27
-26
-27
-27
-27
-26
-26
-27
-27
-26
-26
-27
-27
-27
-26
-28
-28
-27
-27
-27
-28
-28
-27
-27
-28
-28
-28
-27
-28
-28
-28
-28
-28
-28
-28
-28
-28
-28
-28
-28
-27
-29
-28
-28
-28
-28
-28
-28
-28
-29
-28
-28
-28
-29
-29
-28
-28
-29
-28
-28
-28
-28
-28
-28
-28
-28
-28
-28
-28
-28
-29
-28
-28
-28
-27
-28
-28
-27
-27
-28
-27
-27
-27
-27
-28
-27
-27
-27
-27
-27
-27
-27
-28
-27
-27
-26
-27
-27
-27
-26
-27
-27
-27
-27
-26
-27
-27
-27
-27
-27
-27
-27
-26
-27
-27
-26
-27
-26
-27
-26
-27
-26
-27
-26
-27
-27
-26
-26
-27
-27
-27
-26
-27
-27
-26
-26
-27
-26
-26
-27
-27
-26
-26
-27
-26
-26
-26
-27
-26
-26
-27
-27
-27
-26
-27
-26
-26
-26
-27
-26
-26
-25
-26
-25
-25
-25
-25
-24
-25
-24
-24
-23
-24
-23
-23
-24
-23
-23
-23
-23
-23
-24
-23
-23
-24
-24
-23
-24
-24
-24
-25
-24
-24
-24
-24
-24
-24
-25
-24
-24
-24
-24
-24
-25
-24
-24
-25
-25
-24
-25
-25
-24
-25
-25
-24
-25
-25
-25
-26
-25
-25
-26
-26
-25
-25
-26
-25
-25
-25
-25
-25
-26
-25
-25
-25
-26
-25
-26
-25
-25
-26
-26
-25
-26
-26
-25
-25
-26
-26
-25
-26
-26
-26
-25
-26
-26
-25
-26
-26
-26
-25
-26
-26
-25
-26
-26
-25
-26
-25
-25
-25
-26
-25
-25
-25
-25
-25
-24
-25
-24
-24
-25
-25
-24
-25
-25
-25
-26
-25
-25
-24
-26
-25
-25
-26
-25
-25
-26
-26
-25
-25
-25
-26
-25
-26
-26
-25
-26
-25
-25
-25
-25
-25
-24
-25
-25
-25
-25
-25
-25
-25
-25
-25
-25
-25
-25
-25
-26
-25
-25
-26
-25
-25
-25
-26
-25
-25
-25
-25
-24
-25
-24
-23
-24
-23
-23
-23
-23
-22
-23
-22
-21
-22
-22
-21
-22
-22
-22
-22
-22
-22
-22
-22
-23
-22
-22
-23
-23
-22
-23
-22
-22
-22
-22
-23
-22
-22
-23
-22
-22
-23
-22
-23
-23
-22
-23
-22
-22
-23
-22
-22
-23
-22
-23
-23
-22
-23
-22
-23
-22
-22
-23
-22
-22
-22
-22
-23
-23
-22
-23
-22
-23
-22
-22
-23
-22
-23
-22
-22
-23
-23
-22
-23
-23
-24
-23
-23
-23
-23
-23
-23
-23
-23
-23
-23
-23
-23
-23
-23
-23
-22
-23
-23
-23
-23
-23
-23
-23
-23
-23
-23
-23
-23
-23
-22
-23
-23
-24
-23
-23
-23
-23
-23
-23
-23
-23
-24
-23
-24
-24
-23
-24
-23
-23
-24
-23
-23
-23
-23
-24
-24
-23
-24
-23
-23
-24
-23
-23
-24
-23
-23
-23
-23
-22
-23
-23
-23
-23
-22
-23
-22
-22
-23
-22
-23
-22
-22
-23
-23
-22
-23
-22
-22
-23
-23
-23
-23
-22
-23
-23
-22
-23
-22
-22
-22
-22
-22
-21
-21
-21
-20
-21
-20
-20
-20
-19
-19
-19
-19
-19
-18
-19
-19
-19
-19
-20
-19
-19
-19
-19
-19
-19
-20
-19
-20
-20
-19
-20
-20
-20
-20
-20
-20
-20
-21
-20
-21
-21
-21
-21
-21
-21
-21
-21
-21
-22
-22
-21
-22
-22
-22
-22
-22
-22
-22
-22
-22
-22
-22
-21
-22
-22
-22
-22
-22
-22
-22
-22
-22
-22
-22
-23
-22
-22
-23
-22
-23
-22
-22
-23
-22
-23
-22
-23
-23
-23
-22
-23
-23
-23
-23
-23
-24
-23
-23
-23
-23
-23
-24
-23
-23
-23
-23
-24
-23
-23
-23
-23
-23
-24
-23
-23
-23
-23
-24
-23
-23
-24
-23
-23
-24
-24
-23
-24
-24
-23
-24
-24
-24
-24
-24
-24
-24
-24
-25
-24
-24
-24
-24
-24
-24
-24
-23
-24
-24
-24
-24
-24
-23
-24
-24
-24
-24
-24
-24
-24
-24
-23
-24
-24
-23
-24
-23
-24
-23
-23
-24
-23
-22
-23
-23
-22
-22
-21
-22
-21
-21
-21
-20
-20
-20
-19
-20
-19
-19
-19
-19
-20
-19
-19
-20
-19
-20
-19
-20
-20
-20
-20
-20
-21
-20
-20
-21
-20
-21
-21
-21
-21
-20
-21
-21
-21
-21
-20
-21
-20
-21
-20
-21
-21
-20
-21
-20
-21
-20
-21
-21
-21
-21
-20
-21
-20
-21
-20
-21
-20
-21
-20
-20
-20
-19
-20
-19
-20
-20
-20
-20
-21
-20
-20
-20
-20
-20
-20
-20
-20
-20
-20
-20
-20
-20
-21
-20
-20
-20
-20
-20
-20
-21
-20
-20
-20
-20
-20
-20
-21
-20
-20
-20
-20
-21
-20
-21
-21
-20
-21
-20
-21
-21
-21
-21
-21
-21
-20
-21
-21
-21
-21
-21
-21
-20
-21
-21
-21
-21
-21
-21
-21
-21
-21
-21
-21
-21
-21
-20
-21
-21
-21
-21
-21
-21
-20
-21
-21
-21
-21
-21
-21
-20
-21
-21
-21
-21
-20
-21
-21
-21
-21
-22
-21
-21
-21
-21
-22
-21
-21
-21
-21
-21
-21
-21
-21
-21
-21
-20
-20
-20
-20
-19
-18
-19
-18
-18
-18
-18
-18
-18
-17
-17
-17
-18
-18
-18
-18
-17
-18
-17
-18
-18
-18
-18
-18
-18
-18
-18
-19
-18
-19
-18
-19
-18
-19
-18
-18
-19
-18
-19
-18
-19
-18
-19
-19
-19
-19
-19
-19
-20
-19
-20
-19
-20
-19
-20
-19
-20
-20
-19
-20
-19
-20
-19
-20
-20
-20
-20
-20
-20
-20
-20
-21
-20
-21
-20
-21
-20
-20
-21
-20
-21
-20
-21
-20
-21
-21
-20
-21
-20
-21
-20
-21
-21
-20
-21
-20
-21
-21
-21
-21
-20
-21
-20
-21
-20
-21
-21
-20
-21
-20
-21
-21
-21
-21
-20
-21
-20
-21
-20
-21
-21
-20
-21
-20
-21
-20
-21
-21
-20
-21
-20
-21
-20
-21
-20
-20
-21
-20
-21
-20
-21
-20
-20
-20
-20
-20
-20
-20
-20
-20
-20
-20
-20
-20
-20
-20
-21
-20
-20
-20
-20
-20
-20
-21
-20
-20
-20
-20
-20
-20
-20
-20
-21
-20
-19
-20
-19
-20
-19
-20
-20
-20
-20
-19
-19
-19
-19
-19
-19
-18
-19
-18
-18
-17
-17
-17
-17
-16
-16
-15
-15
-15
-15
-15
-15
-14
-15
-14
-15
-14
-15
-15
-15
-16
-15
-16
-15
-16
-16
-16
-16
-16
-16
-16
-16
-16
-16
-16
-16
-16
-17
-16
-17
-17
-17
-17
-17
-17
-18
-17
-18
-17
-18
-18
-18
-18
-18
-19
-18
-19
-18
-19
-18
-19
-18
-19
-18
-19
-18
-19
-19
-19
-20
-19
-20
-19
-20
-20
-20
-20
-20
-20
-20
-20
-20
-20
-19
-20
-20
-20
-20
-20
-20
-20
-20
-20
-20
-20
-20
-20
-20
-20
-20
-20
-19
-20
-19
-19
-19
-19
-19
-20
-19
-20
-19
-18
-19
-18
-19
-18
-19
-18
-19
-18
-19
-18
-19
-18
-19
-18
-19
-18
-18
-19
-18
-19
-18
-19
-18
-19
-19
-19
-19
-19
-19
-19
-19
-20
-19
-19
-19
-19
-19
-19
-20
-19
-20
-19
-20
-19
-20
-20
-20
-20
-19
-20
-19
-19
-19
-20
-19
-20
-19
-20
-19
-20
-19
-19
-19
-19
-18
-19
-18
-18
-17
-17
-17
-17
-16
-16
-15
-16
-15
-15
-15
-15
-14
-14
-14
-15
-14
-14
-14
-15
-15
-15
-15
-15
-16
-15
-16
-15
-16
-16
-16
-16
-17
-16
-17
-16
-17
-17
-17
-18
-17
-18
-17
-18
-17
-18
-18
-18
-18
-18
-18
-18
-18
-18
-19
-18
-19
-18
-19
-18
-18
-18
-19
-18
-19
-18
-19
-18
-19
-19
-18
-19
-19
-19
-18
-19
-18
-19
-19
-19
-19
-19
-19
-19
-19
-19
-19
-19
-19
-19
-19
-18
-19
-19
-19
-19
-19
-19
-19
-19
-18
-19
-19
-19
-19
-19
-18
-19
-18
-19
-18
-19
-18
-19
-18
-18
-18
-19
-18
-19
-18
-19
-18
-18
-19
-18
-19
-18
-19
-18
-19
-19
-19
-18
-19
-18
-19
-18
-18
-18
-19
-18
-19
-18
-19
-18
-19
-18
-19
-19
-19
-18
-19
-18
-19
-18
-18
-19
-18
-18
-18
-18
-18
-18
-17
-18
-18
-18
-17
-18
-17
-18
-17
-18
-17
-17
-17
-17
-16
-16
-17
-16
-15
-15
-15
-14
-14
-13
-13
-13
-12
-13
-12
-13
-12
-12
-13
-13
-13
-12
-13
-13
-13
-14
-13
-14
-14
-14
-15
-14
-15
-15
-15
-15
-15
-16
-15
-16
-16
-16
-16
-17
-16
-17
-17
-17
-18
-17
-18
-17
-18
-18
-18
-19
-18
-19
-18
-19
-18
-19
-19
-19
-19
-19
-20
-19
-20
-19
-19
-19
-19
-19
-19
-19
-19
-19
-19
-18
-19
-19
-19
-19
-19
-19
-19
-18
-19
-18
-19
-18
-19
-18
-19
-18
-18
-19
-18
-19
-18
-19
-18
-19
-18
-19
-18
-19
-18
-19
-18
-17
-18
-17
-18
-18
-18
-17
-18
-17
-18
-17
-18
-17
-18
-17
-18
-17
-18
-17
-18
-18
-18
-18
-18
-17
-18
-17
-18
-17
-18
-17
-18
-17
-17
-18
-18
-17
-18
-18
-18
-18
-17
-18
-17
-17
-17
-18
-17
-17
-17
-17
-17
-18
-17
-18
-17
-18
-17
-17
-17
-17
-17
-17
-17
-17
-17
-17
-17
-17
-16
-16
-16
-15
-15
-14
-14
-13
-13
-13
-12
-12
-11
-11
-11
-10
-10
13
-10
-10
-9
-10
-11
-10
-11
-11
-11
-12
-11
-12
-13
-12
-13
-12
-13
-13
-13
-14
-14
-14
-14
-14
-14
-15
-14
-15
-15
-15
-16
-15
-16
-15
-16
-17
-16
-17
-16
-17
-17
-16
-17
-16
-17
-17
-17
-17
-17
-17
-18
-17
-17
-17
-17
-18
-17
-18
-17
-17
-17
-17
-18
-17
-18
-17
-18
-17
-17
-17
-17
-17
-17
-17
-17
-17
-17
-16
-17
-16
-17
-16
-17
-16
-17
-16
-16
-16
-17
-16
-17
-16
-17
-17
-16
-17
-16
-17
-16
-17
-16
-17
-16
-16
-16
-16
-16
-17
-17
-17
-17
-16
-17
-16
-17
-16
-17
-16
-17
-16
-17
-17
-17
-17
-17
-17
-17
-17
-16
-17
-16
-17
-16
-17
-17
-17
-17
-16
-17
-16
-17
-16
-17
-16
-17
-16
-16
-17
-16
-17
-16
-16
-16
-16
-15
-15
-15
-15
-15
-14
-14
-13
-13
-13
-12
-12
-11
-11
-11
-10
-10
-10
13
-9
-9
-9
-9
-9
-9
-9
-9
-9
-10
-10
-10
-11
-10
-11
-11
-11
-12
-12
-12
-12
-13
-12
-13
-13
-13
-14
-13
-14
-14
-14
-15
-15
-15
-15
-15
-15
-16
-15
-15
-16
-15
-16
-15
-16
-16
-16
-16
-17
-16
-16
-16
-16
-17
-16
-17
-17
-17
-17
-16
-17
-17
-17
-17
-17
-17
-17
-17
-17
-17
-18
-17
-18
-17
-17
-17
-17
-17
-17
-17
-17
-17
-17
-16
-17
-17
-17
-17
-17
-17
-17
-16
-17
-16
-17
-16
-17
-16
-17
-17
-17
-17
-16
-17
-16
-17
-16
-17
-16
-17
-16
-16
-16
-17
-17
-16
-17
-16
-17
-16
-17
-16
-17
-16
-17
-17
-16
-17
-17
-17
-16
-17
-17
-17
-16
-17
-16
-17
-17
-16
-17
-16
-16
-15
-15
-14
-14
-14
-13
-13
-11
-11
-11
-10
-10
-10
-9
-9
-8
-8
-8
13
-8
-8
-8
-8
-9
-8
-9
-10
-9
-10
-11
-10
-11
-11
-11
-11
-12
-11
-12
-13
-12
-13
-13
-13
-13
-14
-14
-14
-14
-14
-15
-14
-15
-15
-14
-15
-15
-14
-15
-14
-15
-15
-14
-15
-15
-15
-15
-16
-15
-16
-16
-15
-16
-16
-16
-17
-16
-16
-17
-16
-17
-17
-17
-18
-17
-18
-17
-17
-17
-18
-17
-18
-17
-18
-17
-18
-18
-18
-18
-18
-18
-18
-17
-18
-17
-18
-17
-18
-17
-18
-17
-18
-17
-17
-17
-17
-17
-17
-18
-17
-17
-17
-17
-17
-17
-17
-17
-17
-17
-16
-17
-16
-17
-17
-17
-17
-17
-17
-17
-17
-16
-17
-16
-16
-16
-17
-16
-16
-16
-16
-16
-16
-16
-16
-17
-16
-17
-16
-16
-16
-16
-15
-16
-15
-15
-15
-14
-14
-13
-12
-12
-11
-10
-10
-9
-8
-8
-7
-7
-6
-5
-5
-5
-4
13
-4
-4
-4
-3
-3
-4
-4
-3
-4
-4
-4
-4
-5
-5
-5
-5
-6
-7
-7
-7
-7
-8
-9
-8
-9
-9
-10
-9
-10
-11
-11
-11
-11
-12
-13
-12
-13
-14
-13
-14
-14
-15
-14
-15
-15
-14
-15
-16
-16
-16
-16
-16
-16
-16
-17
-16
-17
-17
-18
-17
-18
-18
-18
-19
-18
-19
-18
-19
-19
-19
-20
-19
-20
-19
-20
-19
-20
-19
-19
-19
-19
-19
-18
-19
-18
-19
-18
-19
-18
-19
-18
-18
-18
-18
-18
-17
-18
-17
-18
-17
-17
-17
-17
-16
-17
-16
-16
-16
-16
-16
-16
-16
-16
-16
-16
-16
-16
-16
-16
-16
-15
-16
-15
-15
-16
-15
-15
-15
-16
-15
-15
-15
-15
-15
-15
-15
-15
-15
-15
-15
-14
-15
-14
-15
-15
-14
-15
-14
-14
-14
-14
-14
-12
-12
-12
-11
-11
-10
-9
-8
-8
-7
-6
-5
-5
-3
-3
-2
-2
-2
0
-1
-1
0
-1
13
0
0
0
-1
-1
0
-1
-1
-2
-2
-2
-3
-3
-4
-4
-5
-5
-5
-6
-7
-8
-7
-8
-9
-10
-11
-10
-11
-12
-12
-12
-12
-13
-14
-13
-14
-14
-15
-14
-15
-15
-16
-15
-15
-16
-16
-15
-16
-16
-17
-16
-17
-17
-16
-17
-18
-17
-18
-18
-18
-18
-18
-18
-19
-18
-18
-18
-18
-19
-19
-19
-18
-18
-18
-18
-18
-17
-18
-17
-18
-17
-18
-17
-18
-17
-17
-17
-17
-16
-17
-16
-17
-16
-17
-16
-17
-16
-16
-16
-16
-16
-16
-15
-16
-15
-16
-15
-15
-16
-15
-16
-15
-16
-15
-16
-16
-15
-16
-15
-15
-15
-15
-15
-15
-16
-15
-15
-15
-15
-14
-15
-15
-15
-15
-15
-15
-14
-15
-15
-14
-15
-14
-14
-14
-14
-15
-14
-14
-14
-14
-14
-13
-13
-13
-11
-11
-11
-9
-9
-9
-7
-7
-6
-5
-5
-4
-3
-2
-2
-2
-1
-1
13
0
0
0
-1
0
0
-1
-1
-2
-2
-2
-2
-3
-4
-4
-5
-5
-6
-6
-7
-7
-8
-9
-9
-10
-10
-11
-12
-12
-12
-13
-13
-14
-13
-14
-14
-14
-14
-15
-15
-15
-15
-16
-16
-16
-16
-16
-16
-16
-17
-17
-17
-17
-18
-17
-17
-18
-18
-18
-19
-18
-18
-19
-18
-19
-18
-19
-18
-19
-18
-18
-18
-18
-18
-19
-18
-19
-18
-19
-18
-18
-18
-18
-18
-17
-18
-17
-18
-17
-17
-17
-18
-17
-18
-17
-18
-17
-17
-17
-17
-16
-17
-17
-17
-16
-17
-16
-16
-16
-17
-16
-16
-16
-16
-17
-16
-16
-16
-16
-15
-16
-15
-16
-16
-16
-16
-15
-16
-15
-15
-15
-15
-15
-14
-15
-15
-15
-14
-14
-15
-14
-14
-14
-14
-14
-14
-15
-14
-14
-14
-14
-13
-13
-13
-12
-12
-12
-10
-10
-10
-8
-8
-8
-6
-6
-5
-5
-3
-2
-2
-2
-1
0
0
0
0
0
13
1
0
0
0
-1
0
0
-1
-1
-2
-2
-3
-2
-3
-4
-4
-5
-5
-5
-6
-6
-7
-8
-8
-9
-10
-10
-11
-11
-12
-12
-13
-12
-13
-14
-14
-14
-15
-15
-16
-15
-16
-16
-16
-16
-16
-16
-17
-17
-17
-17
-17
-17
-18
-18
-17
-18
-19
-18
-18
-18
-18
-19
-19
-19
-19
-19
-19
-19
-19
-20
-19
-20
-19
-20
-19
-20
-19
-19
-19
-19
-19
-19
-19
-19
-19
-18
-18
-19
-18
-19
-18
-18
-18
-18
-17
-18
-17
-17
-17
-17
-17
-17
-17
-17
-16
-17
-16
-16
-16
-16
-15
-16
-15
-16
-16
-15
-16
-15
-15
-15
-15
-15
-15
-15
-15
-15
-15
-15
-14
-15
-14
-14
-14
-14
-14
-14
-14
-13
-14
-14
-13
-14
-13
-13
-13
-13
-14
-13
-13
-14
-13
-13
-13
-13
-13
-12
-12
-12
-10
-10
-10
-8
-8
-7
-7
-5
-4
-4
-3
-1
0
0
1
2
2
4
4
4
4
13
5
4
4
5
5
5
4
5
5
5
5
4
4
4
3
2
2
2
1
1
0
-1
-1
-2
-3
-4
-3
-4
-5
-6
-6
-7
-8
-9
-9
-9
-10
-10
-11
-11
-12
-12
-13
-12
-13
-14
-14
-15
-15
-15
-15
-15
-16
-16
-16
-16
-17
-17
-17
-17
-18
-18
-17
-18
-19
-18
-18
-18
-18
-19
-18
-18
-18
-19
-18
-19
-18
-19
-18
-18
-18
-19
-18
-19
-18
-18
-18
-19
-18
-18
-18
-18
-18
-17
-18
-17
-18
-17
-17
-17
-17
-17
-17
-17
-17
-16
-17
-16
-16
-16
-16
-15
-15
-15
-15
-16
-15
-15
-15
-15
-14
-15
-14
-14
-14
-14
-14
-14
-14
-14
-14
-14
-13
-13
-13
-13
-13
-13
-13
-13
-13
-13
-13
-13
-12
-13
-13
-12
-13
-13
-13
-13
-12
-13
-13
-12
-13
-12
-12
-12
-12
-12
-12
-10
-10
-11
-9
-9
-8
-8
-7
-6
-5
-5
-3
-2
-2
-1
0
1
2
3
3
4
4
4
4
4
4
4
4
13
5
5
4
4
4
4
3
2
2
2
1
1
0
0
-1
-1
-1
-1
-2
-3
-3
-4
-4
-5
-6
-6
-7
-6
-7
-7
-8
-9
-9
-9
-10
-10
-10
-10
-10
-10
-11
-12
-12
-12
-11
-12
-12
-12
-13
-13
-14
-13
-14
-14
-14
-14
-14
-15
-15
-15
-15
-15
-15
-15
-16
-16
-16
-16
-16
-17
-16
-17
-17
-17
-16
-17
-17
-17
-18
-17
-18
-17
-18
-17
-17
-17
-18
-17
-18
-17
-18
-17
-17
-17
-17
-17
-17
-16
-17
-17
-17
-17
-17
-17
-16
-17
-16
-16
-15
-16
-17
-16
-16
-16
-16
-16
-16
-15
-15
-16
-15
-16
-15
-15
-15
-15
-15
-15
-15
-14
-15
-14
-15
-14
-14
-14
-14
-15
-14
-14
-14
-14
-13
-13
-13
-12
-12
-11
-10
-10
-9
-8
-7
-6
-5
-4
-3
-3
-1
0
1
1
2
2
2
13
4
4
4
4
4
4
4
3
4
4
3
3
3
3
2
1
1
1
0
-1
-1
-1
-1
-2
-3
-3
-4
-5
-6
-6
-6
-7
-8
-8
-9
-10
-10
-10
-11
-12
-12
-12
-13
-12
-13
-13
-14
-14
-15
-14
-14
-15
-15
-16
-15
-16
-16
-17
-17
-16
-17
-18
-17
-18
-18
-18
-18
-18
-18
-19
-18
-19
-18
-19
-19
-19
-19
-18
-19
-19
-19
-19
-18
-19
-18
-18
-18
-19
-18
-19
-18
-18
-18
-18
-18
-18
-17
-17
-17
-17
-17
-17
-17
-16
-17
-16
-16
-16
-16
-16
-16
-17
-16
-16
-16
-16
-15
-16
-15
-15
-15
-15
-15
-15
-15
-15
-15
-14
-14
-15
-14
-14
-13
-14
-13
-14
-14
-13
-14
-13
-13
-13
-13
-13
-12
-12
-13
-12
-12
-11
-11
-12
-10
-10
-10
-8
-8
-7
-7
-5
-4
-4
-3
-1
0
1
1
2
3
4
4
6
6
7
7
13
8
8
8
8
8
8
8
8
8
8
7
7
7
7
6
6
5
5
5
4
4
4
3
3
2
1
1
0
0
-2
-2
-3
-3
-4
-5
-6
-6
-7
-7
-8
-8
-9
-9
-10
-11
-11
-12
-12
-13
-12
-13
-13
-13
-14
-14
-15
-15
-15
-15
-16
-16
-17
-16
-16
-17
-17
-17
-17
-17
-17
-18
-18
-18
-18
-18
-19
-18
-19
-18
-19
-19
-19
-18
-19
-18
-19
-19
-19
-19
-19
-19
-19
-19
-18
-18
-18
-18
-17
-18
-17
-18
-17
-18
-17
-17
-17
-17
-16
-16
-16
-16
-15
-15
-15
-15
-15
-15
-15
-14
-15
-14
-14
-14
-14
-14
-13
-13
-13
-13
-13
-13
-13
-13
-13
-12
-13
-13
-12
-12
-12
-12
-12
-12
-12
-12
-12
-12
-11
-11
-11
-10
-10
-10
-8
-8
-7
-7
-5
-5
-4
-3
-2
0
1
2
3
4
4
6
6
6
7
8
8
8
8
13
9
9
9
9
9
9
9
9
9
8
9
8
8
8
8
7
7
6
5
5
4
3
3
3
2
1
1
0
0
-1
-2
-3
-3
-4
-4
-5
-5
-6
-7
-7
-8
-8
-8
-9
-10
-10
-10
-11
-11
-11
-12
-13
-13
-13
-13
-13
-14
-14
-14
-15
-15
-15
-15
-16
-15
-16
-17
-16
-17
-17
-17
-17
-18
-18
-18
-18
-18
-18
-19
-18
-19
-19
-19
-19
-19
-19
-19
-19
-19
-19
-19
-19
-19
-19
-20
-19
-20
-19
-20
-19
-20
-19
-19
-19
-19
-19
-18
-19
-18
-19
-18
-18
-18
-18
-17
-17
-17
-18
-17
-17
-17
-17
-17
-17
-16
-16
-17
-16
-16
-16
-16
-16
-16
-15
-15
-14
-14
-13
-13
-13
-12
-11
-9
-9
-8
-6
-6
-4
-4
-2
-1
0
1
2
3
4
4
5
5
6
7
7
7
7
7
13
7
7
7
7
7
7
6
7
6
6
6
6
5
5
4
4
3
3
2
2
1
0
0
-1
-1
-2
-3
-3
-4
-4
-5
-5
-6
-7
-7
-8
-8
-9
-9
-9
-9
-10
-10
-10
-11
-11
-12
-12
-13
-13
-14
-14
-14
-15
-15
-15
-16
-15
-16
-17
-17
-17
-17
-18
-18
-18
-18
-18
-19
-18
-19
-19
-19
-19
-19
-19
-19
-19
-19
-19
-20
-19
-20
-19
-20
-20
-20
-20
-20
-20
-20
-20
-19
-20
-20
-20
-19
-20
-20
-20
-19
-20
-19
-19
-19
-18
-18
-18
-18
-18
-18
-17
-18
-17
-18
-17
-17
-17
-17
-16
-16
-16
-16
-16
-15
-15
-16
-15
-15
-15
-15
-15
-14
-14
-14
-14
-13
-13
-13
-12
-11
-10
-9
-8
-7
-5
-5
-4
-2
0
1
1
3
5
6
7
8
8
9
10
10
11
11
12
13
12
13
14
14
14
15
14
14
15
15
15
15
13
14
14
14
14
14
13
13
13
13
12
11
11
11
10
10
9
9
8
8
7
6
6
5
5
4
3
3
3
1
1
1
0
0
-2
-2
-2
-3
-3
-4
-5
-6
-6
-6
-7
-8
-8
-9
-9
-10
-10
-11
-12
-12
-13
-13
-14
-14
-15
-15
-15
-16
-17
-17
-17
-17
-18
-18
-19
-18
-19
-20
-20
-20
-20
-20
-20
-21
-22
-21
-22
-22
-22
-22
-22
-22
-22
-22
-22
-22
-22
-22
-22
-22
-22
-23
-22
-22
-22
-22
-22
-21
-22
-21
-20
-21
-21
-21
-21
-21
-21
-20
-20
-20
-20
-19
-19
-19
-19
-19
-19
-19
-18
-18
-18
-17
-17
-17
-17
-16
-16
-15
-15
-13
-13
-11
-11
-10
-8
-7
-5
-4
-3
-2
0
1
2
3
5
6
7
7
8
9
9
10
11
12
12
13
14
14
15
15
16
16
13
16
16
17
17
17
17
16
16
16
16
16
14
14
14
13
13
12
12
11
11
9
9
8
8
7
6
6
5
4
3
3
3
2
1
0
0
0
-2
-2
-3
-3
-3
-5
-5
-6
-6
-7
-7
-8
-9
-9
-10
-10
-11
-12
-12
-13
-13
-14
-15
-14
-15
-16
-16
-16
-16
-17
-18
-18
-18
-19
-18
-19
-19
-19
-20
-20
-20
-20
-21
-20
-21
-21
-22
-22
-22
-22
-22
-22
-22
-22
-21
-22
-22
-22
-22
-22
-22
-22
-22
-21
-21
-21
-21
-21
-22
-21
-20
-21
-20
-21
-20
-20
-20
-20
-19
-19
-20
-19
-19
-19
-19
-19
-18
-19
-18
-19
-18
-19
-18
-18
-17
-16
-16
-16
-15
-14
-12
-12
-10
-9
-8
-6
-5
-4
-2
-2
-1
1
2
2
3
4
6
6
7
7
8
8
9
9
10
10
10
11
11
11
13
11
11
11
12
12
12
11
11
10
10
9
9
9
9
8
8
7
7
6
5
5
4
3
3
3
2
2
0
0
-1
-1
-2
-2
-3
-3
-4
-5
-5
-6
-7
-7
-7
-8
-8
-9
-10
-10
-11
-11
-12
-12
-13
-14
-13
-14
-14
-15
-15
-16
-16
-16
-17
-16
-17
-18
-17
-18
-18
-18
-18
-19
-19
-19
-19
-19
-19
-19
-19
-20
-19
-20
-19
-20
-19
-20
-20
-20
-20
-20
-20
-20
-20
-20
-20
-21
-20
-21
-20
-20
-20
-20
-20
-19
-20
-19
-19
-19
-19
-19
-18
-18
-18
-18
-17
-17
-17
-17
-16
-17
-16
-16
-15
-16
-15
-15
-14
-14
-15
-14
-13
-12
-11
-11
-9
-8
-6
-5
-5
-3
-1
-1
1
1
3
4
5
6
7
8
9
9
10
11
11
12
12
13
13
14
14
15
15
15
13
16
15
16
16
16
16
16
15
15
15
14
13
13
13
12
12
11
10
10
9
9
7
7
7
6
5
4
4
3
3
1
1
0
0
0
-2
-2
-2
-3
-4
-4
-5
-6
-6
-7
-7
-8
-8
-9
-9
-10
-10
-10
-11
-12
-12
-13
-13
-14
-13
-14
-15
-15
-15
-16
-16
-17
-16
-17
-18
-17
-18
-19
-18
-19
-19
-19
-19
-19
-20
-20
-21
-20
-21
-21
-21
-21
-21
-21
-21
-22
-21
-22
-22
-23
-22
-23
-22
-22
-22
-22
-22
-22
-22
-21
-21
-22
-21
-22
-21
-21
-21
-20
-20
-20
-20
-19
-20
-19
-20
-19
-18
-19
-18
-19
-18
-18
-18
-18
-17
-17
-17
-17
-16
-15
-14
-14
-12
-12
-10
-9
-8
-6
-5
-4
-2
-1
0
2
3
4
5
6
7
8
10
11
11
12
13
14
14
15
15
16
15
16
16
17
17
17
13
16
17
17
17
17
16
16
16
15
15
14
14
13
13
12
11
11
10
9
8
8
8
6
6
6
5
5
3
3
3
2
1
0
0
0
-2
-2
-3
-3
-4
-5
-5
-6
-6
-6
-7
-7
-8
-8
-8
-9
-9
-9
-10
-11
-11
-12
-12
-13
-14
-13
-14
-14
-15
-14
-15
-16
-16
-16
-16
-17
-17
-17
-17
-17
-18
-17
-18
-18
-18
-18
-18
-19
-18
-19
-19
-19
-19
-19
-19
-19
-19
-20
-19
-20
-19
-20
-19
-20
-19
-20
-20
-20
-20
-20
-20
-20
-20
-20
-19
-20
-19
-19
-19
-19
-19
-19
-19
-18
-19
-18
-18
-18
-18
-17
-17
-16
-17
-16
-15
-14
-14
-13
-12
-11
-10
-9
-8
-6
-5
-4
-2
-1
0
1
3
4
5
6
6
7
8
9
10
10
11
11
12
12
13
13
13
14
14
14
13
13
13
13
13
13
13
13
13
12
11
11
11
10
9
9
8
7
7
6
6
5
4
3
3
3
2
2
0
0
-1
-1
-2
-2
-2
-4
-5
-5
-6
-6
-7
-7
-8
-8
-8
-9
-10
-10
-10
-11
-11
-12
-12
-12
-13
-14
-14
-14
-14
-14
-15
-14
-15
-15
-16
-15
-16
-16
-16
-17
-17
-17
-17
-17
-18
-17
-18
-18
-18
-18
-18
-19
-18
-19
-18
-19
-19
-19
-19
-20
-19
-20
-19
-20
-20
-20
-20
-20
-20
-20
-20
-20
-20
-20
-19
-19
-20
-19
-20
-19
-19
-19
-19
-19
-19
-19
-19
-19
-19
-18
-19
-18
-18
-16
-16
-15
-14
-12
-11
-10
-9
-7
-6
-5
-4
-2
0
0
1
2
3
5
6
7
7
8
9
9
10
10
11
12
13
13
13
13
13
13
13
14
14
14
14
14
14
14
12
12
12
11
11
11
10
10
8
8
8
7
6
6
4
4
3
3
2
2
2
0
-1
-1
-2
-2
-2
-4
-4
-5
-5
-6
-6
-7
-7
-8
-9
-9
-10
-10
-11
-11
-12
-12
-12
-12
-13
-13
-14
-14
-15
-14
-14
-15
-15
-15
-16
-16
-15
-16
-17
-16
-17
-17
-17
-17
-17
-18
-18
-18
-18
-18
-19
-18
-19
-19
-19
-19
-19
-19
-20
-19
-20
-19
-20
-20
-20
-20
-20
-20
-20
-20
-19
-20
-19
-20
-19
-20
-20
-20
-19
-20
-19
-20
-19
-19
-19
-19
-19
-19
-19
-19
-19
-19
-18
-18
-18
-17
-17
-17
-17
-16
-16
-16
-15
-14
-13
-12
-10
-9
-8
-6
-5
-4
-2
-1
0
1
3
4
5
6
7
8
9
10
11
12
13
14
14
14
15
16
16
16
17
17
17
13
17
17
17
17
17
18
16
16
16
16
15
14
14
14
14
12
12
11
11
9
9
8
8
7
6
6
6
4
4
3
3
1
1
1
0
-1
-2
-2
-2
-4
-4
-5
-5
-6
-6
-6
-8
-8
-8
-8
-9
-10
-10
-10
-11
-11
-12
-11
-12
-12
-13
-13
-13
-13
-13
-14
-15
-14
-14
-15
-14
-15
-16
-15
-16
-16
-16
-16
-16
-17
-17
-17
-18
-18
-18
-18
-18
-18
-19
-18
-19
-20
-19
-20
-20
-21
-20
-21
-20
-20
-20
-20
-21
-20
-21
-20
-21
-20
-21
-20
-21
-21
-21
-21
-21
-21
-21
-20
-21
-20
-19
-20
-20
-20
-19
-20
-19
-20
-19
-19
-18
-18
-17
-17
-15
-15
-13
-12
-10
-9
-9
-6
-5
-4
-2
-1
1
1
3
4
5
6
7
9
10
11
11
12
13
14
14
15
15
16
16
13
17
16
16
16
16
17
17
17
16
16
16
16
16
15
15
14
14
14
12
12
11
11
10
9
9
8
7
6
6
5
4
3
3
3
1
1
1
1
-1
-1
-1
-1
-2
-3
-3
-4
-4
-5
-6
-6
-7
-7
-7
-7
-8
-8
-9
-9
-9
-10
-10
-10
-11
-10
-11
-11
-12
-12
-12
-12
-12
-13
-13
-13
-13
-14
-13
-13
-14
-14
-14
-14
-14
-14
-15
-15
-15
-15
-15
-16
-15
-16
-16
-16
-17
-16
-17
-16
-17
-17
-17
-18
-17
-18
-17
-18
-17
-17
-18
-18
-18
-17
-18
-17
-18
-17
-17
-17
-18
-18
-17
-18
-17
-17
-16
-16
-15
-15
-14
-12
-12
-11
-9
-8
-7
-6
-5
-4
-2
-1
-1
1
1
3
4
4
6
6
6
7
8
9
9
10
10
10
11
11
11
11
13
12
12
12
12
12
11
11
10
10
10
10
9
9
8
8
7
7
6
5
5
4
4
4
3
2
1
1
0
0
-1
-1
-1
-2
-2
-3
-3
-4
-4
-4
-4
-5
-5
-6
-7
-7
-8
-8
-8
-8
-9
-10
-10
-10
-10
-10
-11
-11
-11
-11
-12
-12
-12
-12
-13
-12
-13
-13
-13
-13
-14
-14
-13
-14
-14
-14
-14
-15
-14
-15
-14
-14
-15
-14
-15
-15
-15
-16
-15
-16
-16
-16
-17
-16
-17
-16
-17
-17
-17
-18
-17
-18
-17
-17
-17
-17
-18
-17
-18
-17
-18
-17
-17
-17
-17
-17
-16
-16
-14
-14
-14
-12
-11
-9
-9
-8
-7
-5
-4
-3
-1
0
1
2
3
4
5
6
6
7
7
8
8
9
9
10
10
10
11
11
11
11
13
12
12
12
12
12
12
12
12
11
11
10
10
9
9
9
8
8
7
7
5
5
5
4
4
3
3
1
1
1
0
0
-1
-1
-2
-3
-3
-3
-3
-4
-4
-6
-6
-6
-7
-7
-8
-8
-8
-8
-9
-9
-9
-9
-10
-10
-11
-10
-10
-11
-11
-11
-12
-11
-11
-12
-12
-12
-12
-12
-13
-13
-13
-14
-13
-13
-14
-13
-14
-15
-14
-15
-14
-14
-15
-15
-15
-15
-15
-16
-15
-16
-15
-16
-16
-16
-16
-16
-16
-16
-16
-16
-16
-16
-16
-16
-17
-16
-16
-16
-16
-16
-16
-17
-16
-17
-16
-16
-16
-16
-16
-16
-17
-16
-16
-16
-15
-14
-13
-12
-12
-10
-9
-8
-7
-6
-5
-3
-2
-1
