-12
-11
-15
32
-19
-35
64
-44
32
1
1
17
9
-4
40
-23
48
-12
36
1
29
9
24
29
4
52
-11
57
5
37
28
16
49
12
48
12
53
9
57
28
24
60
4
72
13
57
29
44
44
36
57
21
69
13
76
28
48
60
20
77
25
68
36
64
37
61
57
33
81
20
89
33
68
61
44
81
41
77
44
80
41
81
60
48
92
32
100
41
81
60
65
81
56
84
49
96
45
97
61
69
96
44
109
52
93
64
85
77
77
93
60
108
52
112
65
88
96
61
116
64
105
73
101
77
96
96
69
121
57
125
73
104
101
81
120
77
117
81
117
77
116
97
84
128
69
137
80
117
100
104
120
92
125
89
132
81
137
101
105
136
81
149
88
133
104
124
113
112
132
96
144
88
152
104
125
136
100
157
104
145
112
145
116
137
137
109
161
100
168
112
145
136
124
156
120
157
120
161
117
161
136
129
168
108
176
120
160
137
148
153
137
164
125
172
121
177
137
149
169
124
184
128
173
140
169
144
161
165
136
185
125
193
140
172
165
148
189
144
184
148
185
145
185
165
153
197
136
205
148
189
164
172
180
164
189
152
201
145
205
161
177
196
148
213
153
197
164
193
168
185
188
160
208
149
217
160
193
184
173
208
165
204
165
208
165
209
184
176
217
156
224
164
208
181
197
197
188
208
172
221
165
228
181
201
213
173
229
177
221
184
220
184
216
209
184
236
169
241
185
220
204
204
225
197
229
192
236
188
240
205
212
240
188
256
196
240
208
236
216
228
237
205
257
193
264
209
241
232
220
253
212
252
213
257
212
260
229
228
264
204
276
213
260
229
249
240
241
257
221
273
213
277
224
257
253
229
276
229
269
232
273
229
272
249
241
281
220
292
232
277
245
265
257
257
273
237
289
229
296
244
273
273
248
293
245
288
248
289
245
292
268
260
300
237
308
249
293
264
284
276
276
293
256
309
249
313
261
292
289
269
308
264
305
268
308
265
312
281
280
317
256
329
268
312
281
308
289
296
308
273
328
264
333
276
313
301
292
321
285
325
284
329
276
336
293
308
329
280
345
284
333
293
329
296
324
317
296
345
280
352
293
337
309
324
324
313
337
297
352
292
360
308
340
337
312
356
312
353
313
356
309
361
329
332
364
305
377
313
361
324
357
329
353
349
325
376
308
384
321
364
341
353
357
341
369
325
381
321
388
332
364
361
340
381
336
381
336
381
332
384
352
357
385
332
400
337
384
349
384
353
381
372
349
401
336
408
345
392
364
381
377
368
393
352
408
345
413
357
393
384
372
405
365
404
361
409
356
416
372
388
409
360
425
365
412
373
413
372
412
393
381
424
360
437
372
420
384
413
392
404
413
381
436
368
441
381
425
401
409
416
396
429
384
441
377
444
392
425
417
400
440
397
437
396
444
389
449
404
421
440
396
457
396
445
405
445
404
449
421
416
456
396
468
405
457
421
453
424
448
445
421
472
404
480
416
464
432
453
445
444
460
424
481
413
488
425
468
445
452
465
441
473
429
484
424
492
436
469
460
444
481
440
481
436
488
432
492
445
468
477
441
496
441
488
444
493
441
497
460
469
493
440
508
448
500
457
497
457
497
476
469
508
445
521
457
505
465
504
468
496
489
469
520
453
528
465
512
476
508
485
500
505
473
528
460
536
473
521
489
508
501
500
517
480
536
469
545
480
525
501
512
516
500
529
484
544
476
548
488
532
513
516
529
504
537
493
552
485
557
500
536
521
516
545
508
549
501
556
496
564
509
541
536
517
557
512
556
509
564
505
569
516
549
549
524
568
521
568
520
576
517
585
533
561
565
536
585
532
581
536
585
529
592
545
568
577
540
596
541
588
541
596
537
597
552
573
585
548
605
545
597
548
601
544
604
560
581
592
553
609
553
605
557
609
553
613
565
589
597
564
616
561
613
565
617
560
624
573
600
604
576
625
573
621
572
625
569
632
580
609
613
585
632
580
629
581
637
577
641
589
620
617
600
636
592
636
589
644
585
653
596
633
621
609
641
604
644
597
653
589
664
601
644
625
621
645
612
653
604
665
596
672
609
652
632
636
648
628
656
613
672
604
681
616
664
633
648
648
640
664
621
681
609
688
621
672
641
665
649
657
668
633
693
617
696
628
685
644
677
652
673
668
644
697
629
709
641
697
656
697
660
696
680
673
712
649
724
656
712
665
712
665
713
680
688
713
664
728
664
721
668
724
665
729
680
705
708
684
728
680
725
676
733
668
741
681
724
704
704
721
697
729
681
745
673
753
684
736
701
724
713
717
729
696
756
680
765
692
748
704
745
709
744
728
716
761
696
772
701
760
712
761
708
765
725
741
757
717
773
716
769
717
773
712
781
724
761
748
741
768
736
773
725
789
716
797
725
777
744
768
756
760
773
737
797
724
805
732
789
745
788
749
789
764
760
797
736
812
741
800
748
801
744
809
756
785
788
764
805
756
805
753
817
745
825
757
805
777
792
793
784
804
764
828
753
836
764
821
776
816
781
816
797
793
832
773
849
781
840
789
845
789
853
800
832
829
812
852
804
852
797
861
789
868
801
852
820
841
829
833
848
812
873
796
880
805
865
816
864
817
869
832
841
864
817
880
816
872
817
880
812
888
821
869
844
852
864
845
872
828
892
816
900
828
885
841
884
844
884
860
857
896
833
909
840
897
844
901
841
909
853
889
876
869
896
861
901
852
920
840
924
853
909
868
905
873
900
889
876
921
856
933
860
921
865
924
861
929
872
909
897
889
916
884
924
872
940
861
944
872
928
885
925
888
921
905
897
936
876
948
880
940
884
944
880
952
888
933
913
916
928
905
936
889
957
880
964
888
949
901
949
901
952
916
929
948
909
968
912
969
912
981
909
993
924
977
944
973
952
968
968
944
996
925
1005
929
996
936
996
932
1005
944
985
968
968
980
964
993
944
1013
933
1021
940
1005
952
1004
952
1009
964
989
989
968
1008
961
1009
952
1024
945
1029
952
1013
969
1009
969
1012
984
989
1016
965
1032
969
1025
965
1036
960
1045
972
1029
989
1020
996
1016
1013
993
1044
976
1053
980
1045
985
1049
981
1057
992
1041
1013
1028
1024
1020
1036
1001
1064
984
1072
992
1060
1001
1061
1000
1068
1008
1048
1033
1032
1049
1025
1056
1008
1076
997
1084
1008
1069
1016
1072
1013
1076
1025
1053
1052
1037
1068
1028
1072
1017
1089
1008
1097
1017
1081
1029
1080
1028
1085
1041
1061
1068
1040
1088
1036
1085
1029
1100
1020
1109
1029
1093
1044
1092
1045
1093
1057
1072
1089
1052
1108
1052
1109
1052
1129
1049
1140
1064
1128
1081
1128
1088
1133
1101
1112
1132
1092
1149
1089
1145
1085
1157
1076
1165
1088
1152
1100
1148
1100
1149
1116
1128
1141
1108
1156
1105
1156
1096
1172
1089
1180
1097
1165
1109
1160
1104
1165
1116
1148
1137
1128
1156
1121
1160
1108
1180
1097
1188
1104
1173
1112
1176
1112
1184
1120
1165
1144
1153
1157
1149
1168
1133
1192
1117
1201
1121
1189
1129
1193
1124
1205
1132
1192
1153
1180
1160
1180
1172
1161
1204
1141
1212
1140
1205
1141
1216
1137
1221
1145
1209
1160
1204
1161
1208
1173
1185
1201
1168
1217
1164
1217
1156
1232
1145
1236
1156
1224
1165
1221
1165
1229
1172
1209
1196
1193
1208
1189
1217
1172
1240
1160
1248
1164
1236
1172
1240
1165
1248
1176
1232
1192
1221
1200
1220
1212
1200
1240
1181
1253
1181
1245
1180
1257
1176
1264
1184
1253
1201
1252
1205
1260
1217
1245
1249
1233
1269
1232
1280
1225
1300
1216
1312
1229
1300
1236
1304
1236
1316
1245
1301
1264
1292
1273
1292
1285
1272
1309
1257
1324
1257
1316
1253
1329
1245
1336
1252
1325
1265
1321
1260
1329
1268
1312
1288
1300
1297
1293
1305
1277
1329
1257
1341
1261
1328
1261
1337
1253
1345
1261
1332
1277
1328
1272
1336
1284
1320
1304
1305
1317
1300
1325
1288
1349
1269
1360
1276
1348
1280
1356
1273
1365
1281
1352
1296
1349
1297
1353
1309
1336
1329
1320
1345
1316
1349
1305
1373
1289
1380
1297
1368
1300
1373
1296
1384
1305
1372
1316
1365
1320
1368
1329
1353
1349
1337
1364
1332
1369
1320
1389
1308
1396
1312
1385
1316
1389
1312
1401
1320
1389
1336
1385
1336
1388
1345
1372
1369
1360
1380
1356
1388
1344
1408
1328
1417
1333
1409
1337
1416
1333
1424
1340
1413
1356
1409
1357
1416
1365
1405
1389
1396
1404
1396
1417
1388
1444
1377
1461
1384
1456
1384
1469
1380
1480
1393
1469
1404
1468
1404
1477
1412
1465
1428
1460
1436
1461
1444
1445
1468
1429
1480
1428
1477
1420
1497
1408
1501
1412
1488
1416
1492
1409
1500
1417
1488
1428
1484
1425
1489
1433
1472
1452
1460
1457
1457
1465
1445
1485
1428
1497
1428
1489
1421
1504
1412
1513
1420
1500
1425
1500
1425
1512
1429
1500
1444
1493
1448
1497
1453
1484
1477
1469
1485
1468
1493
1457
1516
1444
1525
1445
1516
1444
1529
1440
1537
1445
1524
1457
1525
1452
1537
1461
1525
1477
1520
1480
1520
1489
1509
1509
1492
1521
1493
1524
1485
1545
1468
1556
1472
1548
1473
1556
1465
1565
1477
1552
1484
1556
1481
1564
1488
1553
1508
1548
1509
1548
1516
1536
1537
1524
1549
1521
1553
1512
1576
1500
1584
1505
1576
1504
1588
1496
1596
1504
1585
1516
1588
1513
1600
1521
1589
1541
1592
1548
1600
1557
1592
1584
1585
1596
1585
1605
1580
1628
1565
1636
1568
1632
1564
1649
1557
1656
1564
1645
1569
1652
1565
1661
1572
1649
1581
1649
1576
1660
1585
1648
1600
1641
1601
1644
1605
1632
1621
1620
1625
1620
1629
1608
1645
1596
1653
1592
1648
1588
1664
1577
1672
1580
1660
1581
1668
1572
1673
1580
1664
1589
1664
1585
1676
1593
1664
1609
1661
1605
1668
1613
1657
1629
1649
1636
1653
1641
1640
1660
1628
1673
1628
1672
1625
1693
1613
1701
1617
1692
1617
1704
1608
1712
1616
1700
1621
1704
1621
1717
1628
1705
1640
1704
1636
1713
1641
1700
1657
1697
1661
1701
1668
1689
1684
1680
1692
1681
1700
1673
1717
1660
1725
1664
1721
1660
1740
1648
1745
1653
1737
1656
1745
1653
1753
1657
1741
1665
1744
1664
1757
1669
1745
1681
1744
1681
1752
1684
1744
1701
1737
1705
1744
1709
1733
1729
1729
1740
1732
1745
1728
1769
1721
1781
1725
1781
1725
1801
1716
1812
1724
1801
1725
1817
1720
1821
1724
1812
1728
1816
1725
1825
1729
1816
1737
1817
1737
1824
1740
1816
1752
1813
1748
1821
1752
1812
1765
1805
1765
1809
1765
1797
1781
1789
1780
1793
1784
1781
1797
1772
1808
1777
1805
1769
1824
1760
1829
1765
1828
1765
1844
1756
1849
1760
1841
1761
1853
1756
1860
1764
1848
1764
1856
1761
1865
1769
1857
1776
1860
1776
1868
1780
1860
1792
1860
1788
1869
1793
1861
1808
1856
1805
1864
1809
1856
1824
1853
1824
1856
1829
1848
1844
1841
1848
1844
1853
1840
1869
1828
1877
1833
1873
1829
1889
1821
1897
1825
1892
1824
1905
1816
1912
1820
1901
1821
1916
1816
1920
1824
1912
1825
1917
1820
1928
1828
1916
1836
1920
1833
1929
1840
1920
1849
1921
1845
1933
1848
1924
1861
1924
1860
1932
1864
1924
1880
1921
1881
1929
1884
1925
1905
1925
1909
1933
1913
1928
1929
1924
1937
1929
1941
1928
1952
1920
1961
1921
1960
1920
1973
1909
1976
1913
1969
1909
1984
1901
1988
1905
1976
1900
1992
1892
1993
1897
1981
1900
1996
1892
2000
1900
1988
1900
1997
1896
2005
1905
1996
1909
2000
1904
2012
1913
2000
1917
2005
1917
2016
1924
2009
1932
2008
1928
2021
1932
2013
1944
2012
1941
2021
1944
2017
1956
2013
1953
2024
1956
2017
1969
2016
1968
2020
1969
2016
1985
2012
1981
2020
1984
2012
1997
2009
2000
2016
2001
2012
2013
2008
2016
2012
2017
2009
2028
2005
2032
2008
2033
2008
2044
2001
2049
2005
2048
2004
2061
1997
2064
2005
2061
2004
2073
1996
2077
2001
2072
2005
2085
1997
2089
2004
2080
2005
2093
2001
2100
2004
2089
2008
2101
2001
2109
2008
2097
2013
2108
2009
2117
2013
2108
2017
2120
2016
2128
2025
2121
2032
2133
2028
2141
2037
2132
2044
2141
2040
2152
2048
2141
2052
2148
2045
2156
2049
2144
2052
2148
2049
2153
2052
2144
2053
2145
2049
2153
2052
2145
2056
2148
2056
2160
2061
2153
2064
2153
2061
2165
2064
2157
2073
2160
2069
2168
2072
2161
2081
2164
2076
2176
2080
2168
2089
2173
2085
2184
2089
2176
2096
2180
2093
2188
2096
2185
2105
2184
2100
2197
2104
2188
2112
2192
2108
2200
2109
2196
2120
2197
2116
2208
2116
2200
2124
2201
2121
2212
2125
2208
2132
2209
2128
2220
2132
2213
2140
2216
2136
2224
2136
2221
2144
2221
2141
2233
2145
2228
2153
2228
2148
2240
2148
2236
2160
2236
2152
2245
2156
2244
2165
2244
2160
2253
2161
2249
2168
2249
2164
2261
2168
2256
2176
2257
2169
2269
2173
2260
2180
2264
2177
2276
2177
2268
2184
2273
2180
2285
2184
2277
2193
2284
2192
2297
2196
2292
2204
2296
2201
2309
2208
2304
2212
2309
2208
2317
2212
2309
2217
2312
2209
2321
2212
2309
2213
2316
2208
2321
2212
2312
2216
2320
2212
2329
2217
2320
2220
2329
2220
2336
2225
2324
2229
2336
2224
2340
2233
2328
2237
2341
2232
2345
2240
2336
2245
2348
2244
2352
2252
2340
2257
2353
2256
2356
2265
2344
2268
2356
2268
2357
2277
2348
2281
2356
2281
2357
2289
2349
2297
2357
2292
2357
2304
2349
2308
2353
2309
2353
2320
2345
2321
2353
2324
2352
2336
2345
2336
2348
2341
2348
2352
2341
2352
2349
2353
2345
2365
2341
2368
2348
2368
2344
2380
2337
2380
2344
2384
2341
2396
2336
2393
2345
2397
2340
2409
2336
2408
2344
2408
2336
2420
2336
2420
2345
2421
2337
2433
2341
2429
2345
2433
2340
2445
2341
2437
2344
2440
2341
2452
2344
2445
2349
2453
2344
2460
2349
2453
2352
2464
2353
2472
2361
2464
2365
2476
2365
2485
2376
2473
2380
2484
2376
2485
2385
2476
2393
2485
2389
2484
2396
2472
2401
2477
2401
2476
2408
2465
2416
2469
2417
2469
2429
2460
2432
2461
2437
2460
2449
2452
2452
2457
2456
2453
2468
2445
2472
2448
2476
2444
2489
2437
2489
2445
2496
2440
2505
2437
2508
2444
2509
2436
2524
2433
2521
2440
2524
2432
2537
2433
2532
2436
2536
2432
2548
2436
2540
2440
2548
2436
2557
2441
2548
2444
2556
2444
2561
2452
2552
2457
2564
2456
2565
2464
2553
2473
2560
2473
2561
2484
2548
2492
2552
2496
2549
2508
2541
2513
2540
2520
2536
2532
2529
2537
2533
2544
2524
2556
2517
2560
2521
2564
2516
2577
2508
2577
2517
2584
2505
2596
2504
2593
2509
2596
2501
2608
2504
2604
2505
2608
2501
2621
2504
2612
2509
2621
2508
2628
2512
2621
2520
2629
2521
2629
2532
2621
2540
2629
2545
2628
2557
2621
2565
2621
2568
2616
2584
2604
2589
2604
2592
2597
2604
2588
2609
2588
2616
2580
2629
2572
2632
2576
2637
2569
2648
2565
2649
2569
2653
2560
2664
2560
2660
2564
2668
2557
2676
2560
2672
2565
2681
2564
2684
2569
2677
2576
2685
2577
2685
2588
2676
2600
2680
2600
2676
2613
2668
2625
2668
2629
2660
2644
2652
2649
2649
2660
2644
2672
2632
2676
2637
2684
2628
2697
2621
2701
2625
2704
2616
2717
2616
2716
2617
2720
2612
2733
2616
2725
2620
2733
2616
2740
2625
2732
2632
2741
2632
2740
2645
2728
2656
2728
2661
2725
2673
2712
2684
2709
2692
2701
2705
2693
2712
2693
2721
2684
2736
2677
2740
2676
2745
2669
2760
2664
2761
2664
2764
2661
2777
2660
2773
2664
2781
2660
2788
2669
2776
2676
2785
2676
2785
2689
2773
2700
2776
2708
2769
2725
2760
2736
2757
2748
2749
2761
2740
2769
2740
2777
2729
2792
2720
2796
2720
2800
2709
2813
2709
2808
2705
2816
2701
2824
2705
2817
2709
2828
2709
2829
2717
2820
2728
2824
2732
2820
2749
2804
2757
2801
2769
2793
2784
2780
2793
2781
2804
2769
2820
2760
2824
2760
2832
2748
2845
2748
2844
2748
2852
2741
2865
2745
2857
2748
2868
2748
2873
2757
2861
2768
2865
2772
2861
2785
2849
2800
2845
2809
2833
2824
2821
2833
2821
2844
2809
2860
2800
2868
2800
2873
2788
2889
2785
2888
2784
2897
2780
2905
2784
2900
2788
2908
2789
2908
2801
2897
2812
2900
2817
2892
2836
2880
2848
2876
2856
2861
2876
2852
2885
2849
2893
2836
2909
2828
2913
2828
2920
2820
2933
2820
2932
2820
2940
2820
2945
2824
2937
2836
2944
2840
2940
2853
2924
2868
2921
2877
2909
2896
2897
2909
2896
2921
2881
2937
2873
2945
2873
2952
2860
2964
2857
2965
2856
2973
2852
2981
2857
2972
2860
2977
2864
2976
2876
2964
2893
2961
2897
2948
2917
2937
2929
2928
2941
2917
2961
2905
2968
2904
2976
2892
2992
2889
2992
2885
3000
2884
3009
2885
3001
2893
3012
2896
3009
2909
2997
2921
2993
2933
2985
2949
2968
2961
2965
2976
2949
2992
2937
3004
2937
3012
2924
3028
2921
3028
2920
3033
2913
3045
2921
3036
2925
3044
2932
3040
2945
3029
2960
3020
2969
3012
2989
2997
3001
2989
3016
2976
3032
2964
3040
2961
3049
2952
3065
2949
3061
2949
3072
2949
3076
2953
3068
2964
3072
2972
3064
2988
3052
3005
3041
3017
3032
3036
3012
3048
3009
3060
2997
3077
2988
3080
2984
3089
2976
3101
2976
3096
2981
3105
2985
3105
2996
3093
3008
3093
3020
3080
3036
3065
3053
3057
3069
3045
3089
3029
3101
3029
3109
3017
3125
3012
3124
3013
3132
3009
3141
3016
3132
3024
3137
3029
3129
3044
3108
3061
3101
3073
3088
3092
3069
3104
3065
3117
3049
3136
3040
3140
3036
3149
3033
3157
3033
3153
3037
3161
3044
3161
3057
3148
3072
3141
3084
3128
3105
3108
3120
3104
3133
3089
3153
3076
3161
3072
3169
3064
3184
3061
3180
3064
3192
3064
3193
3076
3180
3092
3180
3100
3164
3121
3149
3137
3140
3153
3124
3172
3109
3181
3105
3192
3093
3209
3088
3204
3088
3217
3089
3220
3096
3208
3112
3208
3121
3197
3144
3177
3160
3172
3176
3153
3196
3140
3205
3136
3217
3121
3232
3116
3233
3116
3240
3113
3248
3124
3237
3137
3237
3145
3225
3168
3204
3185
3196
3200
3180
3220
3165
3232
3161
3241
3145
3257
3141
3256
3140
3268
3141
3273
3148
3261
3164
3260
3172
3249
3193
3232
3213
3225
3232
3209
3249
3192
3261
3185
3273
3172
3285
3168
3284
3164
3293
3165
3296
3176
3285
3189
3281
3200
3265
3221
3249
3241
3237
3257
3221
3276
3204
3288
3200
3296
3188
3312
3185
3309
3189
3316
3193
3317
3205
3305
3220
3296
3237
3284
3260
3264
3273
3256
3289
3237
3309
3225
3317
3221
3328
3209
3341
3213
3337
3216
3344
3224
3341
3240
3321
3256
3312
3273
3296
3297
3277
3313
3268
3324
3252
3344
3241
3348
3237
3360
3233
3369
3236
3361
3249
3361
3261
3352
3281
3333
3297
3321
3317
3304
3336
3288
3349
3281
3364
3265
3380
3260
3380
3261
3389
3261
3392
3273
3380
3288
3372
3304
3357
3325
3336
3344
3328
3361
3309
3381
3296
3388
3289
3400
3280
3412
3280
3405
3289
3412
-1
-1
-1
-1
-1
-1
-1
-1
-1
-1
-1
-1
-1
-1
-1
-1
-1
0
0
0
0
0
1
1
0
0
0
0
0
0
0
0
1
1
1
0
-1
1
1
1
1
1
1
1
1
0
0
0
1
2
1
1
0
0
0
1
1
1
1
1
1
0
0
0
0
1
2
2
1
1
1
1
1
1
1
1
1
1
1
0
0
1
1
1
1
0
1
1
1
1
1
1
1
1
0
0
0
0
1
0
0
0
0
-1
-1
-1
-1
-1
-1
-1
0
0
0
0
-1
0
1
1
1
1
1
1
1
0
0
0
1
2
1
2
2
2
2
2
2
3
3
3
3
2
2
2
1
1
1
1
1
1
0
0
0
0
0
0
0
0
0
0
0
0
0
0
0
0
-1
-1
-1
-1
-1
-1
-1
-1
-1
-1
-1
-1
-1
0
0
0
0
0
0
0
0
0
0
0
0
0
0
0
0
0
0
0
0
0
0
0
0
0
0
0
0
0
0
0
0
0
0
0
0
0
0
0
0
1
1
1
1
1
1
1
1
1
1
1
1
1
0
0
0
0
0
0
0
0
0
0
0
0
0
0
0
0
0
0
0
0
0
0
0
0
0
0
0
0
0
0
0
0
0
0
0
0
0
0
1
1
1
1
1
1
1
1
1
2
2
2
2
1
1
1
1
2
2
2
2
2
1
1
1
1
1
1
1
1
0
0
0
0
-1
-1
-1
-1
-1
-1
-1
-1
-1
-1
-1
-1
-1
0
0
0
0
0
0
-1
-1
-1
-1
-1
-1
-1
-1
-1
-1
-1
-1
-2
-1
-1
0
0
0
0
-1
-1
-1
-1
-1
-1
0
0
0
-1
-1
-1
0
1
1
1
1
1
1
1
1
1
1
2
2
1
1
1
1
1
1
1
1
1
1
1
0
0
0
0
0
0
0
0
0
0
0
0
0
0
0
0
0
0
0
0
0
0
0
0
0
0
0
0
0
0
0
0
0
0
0
0
0
0
0
0
0
0
0
0
0
0
1
1
1
1
1
1
2
2
2
2
2
2
2
1
1
1
1
2
2
1
1
1
1
1
1
1
1
1
1
0
-1
-1
-1
-1
-1
-1
-1
-1
-1
-1
-2
-2
-1
-1
-1
-1
-1
-1
-1
-1
-1
-1
-1
0
-1
-1
-1
-1
0
0
0
0
0
0
0
-1
-1
0
0
1
1
0
0
-1
-1
0
-1
-1
0
0
0
0
-1
-1
-1
-1
0
0
-1
0
0
0
0
0
0
1
1
1
1
1
1
1
1
1
1
1
1
1
0
0
0
0
0
0
0
0
0
0
0
0
0
0
0
0
0
0
0
0
0
0
0
0
0
0
0
0
0
0
0
0
0
0
0
0
0
0
0
0
0
0
1
1
1
1
1
1
1
2
2
2
3
3
3
2
2
3
3
3
3
2
2
2
2
1
0
1
1
1
0
-1
-1
-1
0
-1
-1
-1
-1
0
-2
-2
-2
-2
-1
-1
-1
-2
-2
-2
-2
-2
-2
-1
-1
-1
-1
-1
-1
-1
0
0
0
0
0
0
0
0
0
0
0
0
0
0
0
0
0
0
0
0
-1
-1
-1
-1
-1
-1
0
0
0
0
0
0
0
1
1
1
1
1
1
0
0
0
0
0
0
1
1
1
1
1
1
1
1
1
0
0
1
1
0
0
0
0
0
0
0
0
0
1
1
0
0
0
0
0
0
0
0
0
0
0
0
0
0
0
0
0
0
0
0
0
0
0
0
0
0
0
0
1
1
1
2
2
2
2
3
3
3
3
3
4
3
3
3
1
1
1
1
0
0
0
0
0
-1
-1
-2
-2
-1
-1
-2
-2
-2
-2
-2
-2
-2
-2
-2
-1
-1
-2
-2
-1
-1
-1
-1
-1
-1
-1
-1
-1
-1
-1
0
0
0
0
0
0
0
0
0
0
0
0
0
0
0
0
0
0
0
0
0
0
0
0
-1
0
0
0
0
0
0
0
0
0
0
0
0
1
0
0
0
0
0
0
0
0
0
0
0
0
0
0
0
0
0
1
1
1
1
0
1
1
1
1
0
0
0
1
0
0
0
-1
0
-1
0
0
0
1
1
1
0
0
0
0
1
0
1
0
0
0
0
0
0
0
0
0
0
0
1
0
1
1
1
1
1
1
2
2
2
3
3
3
3
2
2
2
2
3
3
2
1
1
0
0
0
0
0
-1
-1
-1
-2
-2
-2
-1
-1
-2
-2
-2
-2
-2
-1
-1
-1
-1
-2
-2
-2
-2
-1
-1
-1
-1
-1
-1
-1
-1
-1
0
0
0
0
-1
-1
-1
0
0
0
0
-1
-1
-1
-1
-1
-1
0
0
0
-1
-1
0
0
1
1
0
1
1
1
1
1
1
1
1
0
0
0
0
1
0
0
0
0
0
0
1
1
0
0
0
1
1
1
1
0
0
0
1
0
0
1
0
0
-1
-1
-1
0
1
1
1
-1
-1
-1
-1
0
0
0
1
1
0
0
0
0
0
1
1
1
1
1
1
-1
-1
-1
-1
0
0
1
1
1
1
2
2
3
4
4
4
4
4
4
4
3
3
3
2
2
1
1
0
0
0
-1
-1
-1
-1
-1
-1
-2
-2
-2
-2
-1
-1
-1
-1
-1
-2
-2
-2
-2
-1
-1
-1
-2
-2
-2
-2
-2
-2
-1
-1
-1
-1
-1
-1
-2
-1
-1
-1
-1
-1
-1
-1
-1
-1
-1
-1
-1
0
0
0
0
0
0
0
0
0
0
0
0
0
0
0
0
0
1
1
1
1
1
1
1
1
1
1
1
1
1
0
0
0
0
0
0
0
0
0
0
0
0
0
0
0
0
0
0
0
0
0
1
1
1
1
0
0
0
0
0
0
0
0
0
-1
-1
-1
-1
0
0
0
0
0
0
0
0
0
0
0
0
0
0
0
0
0
0
0
0
1
1
1
1
2
2
3
3
3
4
4
4
5
4
4
5
5
3
3
2
2
2
1
1
1
0
0
0
-2
-2
-1
-1
-2
-2
-2
-2
-2
-2
-2
-2
-2
-2
-2
-2
-2
-1
-1
-1
-1
-1
-2
-2
-2
-2
-1
-1
-1
-1
-1
-1
-1
-1
-1
0
-1
-1
-1
-1
-1
-1
-1
-2
-2
-2
-2
-1
-1
0
0
0
0
0
0
0
1
1
1
0
0
0
0
0
0
0
0
0
0
0
0
0
1
0
0
0
0
0
0
1
1
1
1
1
1
1
1
1
1
1
1
1
0
0
0
0
0
0
0
0
0
0
0
0
0
0
0
0
0
0
0
0
0
0
0
0
0
0
0
0
0
0
0
0
0
0
0
0
0
1
1
1
1
1
2
2
3
3
4
4
5
5
4
4
5
5
5
4
4
3
3
2
2
0
0
0
-1
-2
-2
-2
-2
-2
-2
-3
-3
-3
-2
-2
-2
-2
-2
-2
-2
-2
-2
-2
-2
-2
-2
-2
-2
-2
-1
-2
-2
-2
-2
-2
-2
-1
-1
-1
-1
-1
-1
-1
0
0
0
0
0
0
0
-1
-1
-1
-1
-1
-1
-1
-1
-1
-1
-1
-1
-1
0
0
0
0
0
0
1
1
1
1
1
1
1
1
1
1
1
1
1
0
0
1
1
1
1
1
1
1
1
1
1
1
1
0
-1
0
0
0
0
0
0
0
0
0
0
0
1
1
0
-1
-1
-1
-1
-1
-1
0
0
0
0
-1
-1
0
1
1
1
1
1
1
0
0
1
1
2
2
1
2
2
3
3
3
3
4
4
3
4
4
4
4
4
4
3
3
3
3
1
1
1
0
0
-1
-1
-2
-2
-2
-3
-3
-3
-2
-2
-2
-2
-3
-2
-2
-2
-2
-3
-2
-2
-2
-2
-2
-2
-2
-2
-2
-2
-2
-2
-1
-1
-1
-1
-1
-1
-1
-1
0
0
0
0
0
0
0
0
0
0
0
0
-1
-1
-1
-1
-1
-1
-1
-1
-1
-1
-1
-1
-1
0
0
0
0
0
1
1
1
1
1
1
1
1
1
1
1
1
1
0
1
1
1
1
0
0
0
0
0
0
0
0
0
-1
-1
-1
-1
0
0
0
0
0
0
0
0
0
0
0
0
0
0
0
0
0
0
0
0
0
1
1
1
2
2
2
2
3
3
4
5
5
5
5
5
5
4
5
5
5
4
4
3
1
1
1
-1
-1
-1
-1
-2
-3
-3
-3
-3
-3
-3
-3
-3
-2
-2
-3
-3
-3
-2
-2
-2
-2
-3
-2
-2
-2
-2
-2
-1
-1
-1
-1
-2
-2
-2
-1
-1
-1
-1
-1
-1
-1
-1
-1
-1
0
0
0
0
0
0
-1
-1
-1
0
0
0
0
0
0
0
0
0
0
0
0
0
-1
0
0
0
0
0
0
0
0
0
1
1
1
1
0
0
0
0
0
0
0
0
0
0
0
0
0
0
0
1
1
1
1
1
1
1
1
0
1
1
1
1
0
0
0
0
0
0
0
0
1
0
0
0
0
0
0
1
1
1
1
1
2
2
2
3
3
4
5
5
5
5
6
6
6
6
6
6
6
6
5
4
4
3
3
1
1
1
-1
-1
-2
-3
-3
-3
-4
-4
-4
-5
-4
-4
-5
-4
-4
-3
-3
-3
-4
-3
-3
-3
-2
-3
-3
-2
-3
-3
-3
-3
-3
-2
-2
-2
-2
-2
-2
-2
-2
-1
-1
-1
-1
-1
-1
-1
-1
-1
-1
0
0
0
0
0
-1
-1
-1
-1
-1
-1
-1
-1
-1
-1
-1
-1
-1
0
0
0
0
0
0
0
1
1
1
1
1
1
1
1
1
1
1
1
1
0
0
0
1
1
1
1
1
1
0
0
0
0
0
0
0
-1
-1
-1
-1
-1
-1
1
1
1
1
1
1
1
1
0
1
1
1
1
0
0
1
1
1
2
2
2
4
4
4
5
6
6
6
6
7
7
7
7
7
7
6
6
5
4
4
4
3
1
1
0
-1
-1
-2
-3
-3
-3
-4
-4
-5
-5
-4
-4
-5
-4
-5
-5
-5
-5
-5
-4
-4
-4
-4
-4
-4
-3
-4
-3
-3
-2
-2
-2
-2
-2
-1
-2
-2
-2
-2
-1
-1
-1
-1
-1
-1
-1
-1
-1
0
0
0
0
0
-1
-1
-1
-1
-1
-1
-1
-1
-1
-1
-1
-1
-1
1
1
1
1
1
1
1
1
1
2
2
2
2
1
1
1
1
1
1
1
1
1
0
0
0
0
0
0
0
0
0
0
0
0
0
0
0
0
0
0
0
0
0
1
1
1
1
0
0
0
0
0
0
0
0
0
-1
0
0
0
1
1
2
2
3
3
3
4
5
5
5
5
6
6
7
7
7
6
6
7
6
5
6
5
5
4
4
2
1
1
1
0
-1
-2
-2
-4
-4
-5
-5
-5
-5
-5
-5
-6
-5
-5
-4
-5
-4
-4
-3
-3
-4
-3
-3
-3
-3
-3
-3
-3
-2
-3
-3
-3
-3
-2
-2
-2
-2
-1
-1
-1
-2
-2
-1
-1
-1
-1
-1
-1
-1
-1
-1
-1
-1
0
0
0
0
0
0
0
0
0
0
0
0
0
0
0
0
0
1
1
0
0
1
1
1
1
1
1
1
1
1
0
0
1
1
0
0
0
0
0
0
0
0
0
0
1
1
1
1
0
0
0
1
1
1
1
1
1
-1
-1
-1
0
1
1
1
0
0
0
0
1
2
3
4
4
4
5
6
6
7
8
8
9
8
8
8
7
8
7
6
5
5
3
2
2
1
1
-1
-1
-2
-3
-4
-4
-5
-5
-4
-5
-5
-5
-6
-5
-6
-5
-5
-5
-5
-4
-5
-5
-4
-4
-4
-4
-4
-3
-3
-4
-3
-3
-3
-2
-2
-2
-2
-2
-1
-1
-1
-1
-1
-1
-1
-1
-1
-1
-1
-1
-1
-1
-1
-2
-1
0
0
0
-1
-1
-1
0
0
0
0
0
1
0
0
0
1
2
2
2
1
1
1
1
1
1
1
1
2
1
1
1
1
1
1
1
1
1
1
1
1
0
0
0
0
0
0
0
0
0
0
0
0
0
0
0
0
0
0
0
0
1
1
1
1
2
2
2
3
3
4
4
5
5
5
6
6
7
7
8
8
8
9
8
9
9
9
8
7
8
7
6
5
4
3
2
1
0
-2
-2
-3
-3
-5
-6
-6
-7
-6
-7
-7
-7
-8
-7
-7
-7
-7
-7
-6
-7
-6
-7
-6
-7
-6
-5
-5
-5
-5
-5
-4
-4
-4
-4
-3
-3
-2
-2
-2
-2
-2
-1
-2
-2
-2
-1
-1
-1
-1
-1
-1
-1
-1
-1
-1
0
0
0
0
0
0
0
0
0
0
0
0
0
0
1
1
1
1
1
1
2
2
2
2
2
2
2
1
1
1
2
2
2
1
1
1
1
1
1
1
1
2
2
1
0
0
0
1
1
1
1
1
1
1
0
0
-1
1
1
1
0
0
0
0
0
1
1
1
2
3
3
3
4
5
5
6
7
8
7
8
9
9
10
10
10
10
9
9
8
7
6
6
5
4
3
2
0
0
-1
-2
-3
-3
-4
-4
-5
-6
-6
-7
-7
-7
-7
-8
-8
-7
-7
-7
-7
-7
-6
-7
-6
-7
-6
-6
-5
-5
-5
-5
-4
-4
-4
-4
-3
-3
-2
-2
-3
-3
-2
-2
-2
-2
-2
-1
-2
-2
-2
-2
-2
-1
-1
-1
-2
-2
-2
-1
-1
0
0
0
0
0
0
0
0
1
1
1
1
1
1
1
1
1
1
1
2
2
2
2
2
2
2
2
2
2
2
2
2
1
1
1
2
2
1
1
0
1
1
1
1
1
1
1
1
0
0
0
0
1
0
0
0
0
0
0
0
0
0
1
1
1
1
1
2
2
3
3
4
4
5
6
5
6
7
8
9
9
10
9
10
10
10
9
9
9
8
7
6
5
4
2
2
1
0
0
-1
-2
-3
-3
-4
-5
-5
-6
-5
-6
-7
-7
-8
-8
-8
-8
-8
-8
-7
-7
-7
-7
-7
-6
-6
-6
-5
-5
-5
-5
-4
-4
-4
-3
-3
-3
-3
-3
-2
-2
-2
-1
-1
-1
-1
-2
-2
-2
-1
-2
-2
-2
-2
-2
-2
-2
-2
-2
-1
-1
-1
-1
1
1
1
1
1
1
1
2
2
2
2
2
2
2
2
2
2
2
2
2
1
1
1
1
1
2
1
1
1
0
1
1
1
1
1
1
1
1
0
0
0
0
1
0
1
1
1
1
0
1
1
1
1
0
1
1
1
0
0
0
1
2
2
3
3
4
6
6
7
7
8
9
10
10
10
10
10
10
9
8
7
6
7
6
4
3
2
2
1
-1
-1
-2
-2
-2
-3
-4
-5
-5
-5
-6
-6
-7
-7
-7
-7
-7
-8
-7
-8
-7
-7
-7
-6
-6
-6
-5
-5
-4
-4
-4
-4
-3
-4
-3
-3
-3
-3
-3
-3
-3
-3
-3
-2
-2
-2
-2
-2
-2
-2
-2
-1
-1
-1
-1
-1
-1
-1
-1
0
0
0
0
0
0
0
0
0
0
1
1
1
1
1
1
1
2
2
2
2
2
2
1
1
1
1
1
1
1
1
1
1
1
1
1
1
1
1
1
1
1
1
0
0
0
0
0
0
0
0
0
0
0
0
0
0
0
0
0
0
0
1
1
1
2
2
3
4
5
5
7
8
8
10
10
11
12
12
12
11
11
11
11
10
9
9
7
6
5
4
3
2
2
1
-1
-1
-2
-3
-3
-3
-4
-4
-5
-6
-6
-6
-7
-6
-7
-8
-7
-8
-8
-8
-9
-8
-8
-7
-8
-7
-7
-7
-6
-7
-6
-6
-5
-5
-5
-4
-5
-4
-4
-4
-3
-4
-3
-3
-3
-3
-2
-3
-3
-2
-2
-2
-2
-2
-1
-1
-1
-1
-1
-1
0
0
0
0
0
0
0
0
0
1
1
1
1
1
1
1
2
2
2
2
2
2
1
1
2
2
2
2
2
1
1
1
1
1
2
2
2
1
1
1
1
1
1
1
1
1
2
1
1
1
1
1
1
1
1
1
1
1
1
0
0
0
0
0
1
1
1
2
2
2
3
4
5
5
6
7
8
9
10
11
11
11
12
11
11
11
12
11
10
10
8
7
6
5
4
3
3
2
1
0
-1
-1
-2
-3
-3
-4
-5
-4
-4
-5
-5
-6
-6
-6
-7
-8
-8
-9
-9
-8
-8
-9
-8
-9
-9
-9
-9
-8
-7
-7
-7
-6
-6
-7
-6
-6
-6
-5
-5
-4
-5
-5
-4
-3
-3
-4
-3
-3
-3
-2
-2
-2
-2
-1
-1
-2
-2
-2
-1
-1
0
0
0
0
0
0
0
0
1
1
1
1
1
1
1
1
1
1
1
1
1
1
2
2
2
2
1
1
2
2
2
2
2
2
2
1
1
1
1
1
1
1
1
1
1
1
1
1
1
1
1
1
1
1
0
1
1
1
1
0
1
1
1
1
1
1
1
1
1
1
1
1
3
2
3
3
4
5
6
7
8
8
9
10
11
11
11
11
12
12
12
11
11
10
9
9
8
7
6
6
5
5
3
2
2
1
0
0
-2
-2
-3
-3
-4
-5
-7
-6
-6
-7
-8
-8
-8
-8
-9
-8
-9
-9
-8
-8
-9
-10
-9
-8
-8
-8
-8
-7
-8
-7
-6
-7
-6
-6
-5
-5
-6
-5
-5
-4
-5
-4
-4
-4
-4
-4
-3
-3
-3
-2
-2
-3
-3
-2
-2
-2
-2
-1
-1
-1
-1
0
0
0
1
1
1
1
1
1
1
2
2
2
1
1
2
2
2
2
2
2
2
2
1
1
1
1
1
0
1
1
1
1
1
1
2
2
2
2
2
2
2
1
1
1
1
1
2
1
1
1
0
1
1
1
1
1
1
1
1
0
0
0
0
1
1
1
1
1
2
2
3
3
4
5
5
6
7
7
8
9
10
10
11
10
11
11
11
12
11
10
10
10
9
9
8
7
7
5
4
3
2
1
1
0
-2
-2
-4
-4
-5
-6
-5
-6
-6
-7
-6
-7
-7
-7
-8
-8
-8
-8
-8
-9
-8
-8
-8
-8
-8
-8
-8
-7
-6
-7
-6
-5
-5
-5
-6
-5
-5
-4
-5
-4
-5
-5
-4
-4
-4
-4
-4
-3
-3
-3
-3
-3
-3
-2
-2
-2
-2
-2
-1
-1
-1
-1
-1
-1
0
0
0
0
0
0
0
0
1
1
1
1
1
1
2
2
2
2
2
2
2
1
2
2
2
2
2
1
1
1
1
1
1
1
2
1
1
1
1
1
1
1
2
2
2
2
2
1
1
1
1
1
1
1
1
0
0
1
1
1
1
1
1
2
2
2
3
4
5
6
5
6
7
8
9
10
10
11
11
11
11
11
11
11
11
10
9
9
8
7
6
6
5
4
3
2
1
0
0
0
-2
-2
-2
-3
-3
-3
-4
-5
-5
-5
-5
-6
-7
-7
-7
-8
-7
-8
-9
-9
-8
-8
-8
-8
-8
-7
-7
-7
-7
-7
-7
-6
-5
-6
-6
-6
-6
-5
-5
-5
-5
-4
-5
-4
-4
-4
-3
-3
-2
-3
-3
-3
-2
-2
-2
-1
-1
-1
-1
-1
-1
-1
0
0
0
0
1
1
1
1
1
1
1
1
2
2
2
2
2
1
1
1
1
1
1
1
2
1
1
1
0
1
1
1
1
1
1
1
1
0
0
0
0
1
0
0
0
0
1
1
1
1
1
1
1
1
2
2
2
3
3
3
4
5
5
6
7
9
10
10
11
12
11
12
12
12
11
12
12
11
10
9
9
8
7
8
7
6
5
5
4
3
3
2
2
0
0
0
-2
-2
-2
-3
-3
-4
-5
-6
-6
-7
-7
-7
-7
-7
-8
-9
-8
-9
-9
-9
-8
-9
-9
-8
-9
-10
-9
-9
-8
-8
-8
-7
-7
-7
-7
-6
-7
-6
-6
-6
-5
-6
-6
-5
-6
-5
-5
-5
-5
-4
-4
-3
-3
-3
-2
-2
-2
-1
-1
-1
0
0
0
0
0
0
1
1
1
1
1
1
2
2
2
2
2
2
2
2
2
2
2
2
2
1
1
1
1
1
1
2
1
1
1
1
1
1
2
1
2
2
2
2
1
1
1
2
2
2
2
1
3
2
2
3
3
4
5
6
5
6
7
9
10
10
11
12
12
13
13
13
13
13
13
13
12
12
11
11
10
10
9
8
7
6
6
6
5
4
3
3
1
1
0
-1
-1
-2
-2
-3
-4
-4
-5
-6
-6
-6
-7
-8
-8
-9
-9
-9
-9
-10
-11
-11
-11
-11
-11
-11
-11
-11
-10
-10
-11
-10
-10
-10
-9
-9
-9
-9
-9
-8
-7
-8
-7
-7
-7
-6
-6
-6
-5
-5
-5
-4
-4
-4
-3
-4
-2
-2
-2
-1
-1
-1
-1
0
0
0
0
0
1
0
1
1
0
0
0
1
1
1
1
1
1
1
2
1
1
2
2
3
2
2
2
2
2
3
3
2
2
2
2
2
2
2
2
2
2
2
1
1
1
2
2
2
2
1
1
1
2
2
2
3
3
4
3
4
5
6
7
9
10
10
11
13
12
13
13
14
15
15
15
15
13
13
13
12
11
12
11
11
10
8
8
7
6
6
5
4
4
3
1
1
0
-1
-1
-3
-3
-4
-4
-5
-6
-7
-7
-7
-8
-9
-9
-10
-10
-11
-10
-11
-11
-11
-10
-11
-11
-11
-11
-11
-11
-11
-11
-12
-11
-11
-11
-11
-11
-10
-10
-9
-9
-8
-8
-7
-7
-7
-7
-6
-6
-5
-6
-5
-5
-4
-4
-4
-4
-3
-3
-2
-2
-2
-2
-1
-1
-1
-1
0
1
1
1
1
1
1
2
2
2
2
2
3
2
2
2
2
2
3
3
2
2
2
3
3
2
2
2
2
3
3
2
2
2
2
3
2
2
2
3
3
3
2
2
2
2
3
3
2
2
2
3
2
3
3
3
4
5
6
6
7
9
10
11
11
12
12
13
14
14
14
14
14
14
13
13
13
12
12
11
11
10
9
9
8
7
6
6
4
3
3
1
1
0
-1
-1
-3
-3
-4
-5
-6
-6
-7
-8
-8
-9
-10
-10
-10
-10
-11
-10
-11
-12
-12
-11
-11
-11
-11
-11
-10
-11
-11
-11
-11
-10
-10
-9
-10
-10
-9
-9
-8
-8
-8
-7
-7
-7
-7
-6
-6
-5
-4
-5
-4
-4
-4
-3
-3
-3
-3
-2
-2
-2
-2
-2
-1
-1
0
0
0
0
1
1
1
2
2
2
2
2
2
1
2
2
2
2
2
3
2
2
2
2
3
3
3
2
3
3
3
3
2
2
2
2
3
2
2
2
2
1
1
2
2
2
2
2
2
1
1
1
1
2
2
3
2
3
4
5
6
7
8
9
10
12
12
12
12
13
14
14
14
14
14
14
13
13
12
11
12
11
11
9
8
8
6
5
4
4
4
2
2
1
0
-2
-2
-3
-4
-3
-4
-5
-6
-7
-7
-8
-9
-9
-9
-9
-9
-10
-11
-11
-11
-10
-11
-11
-11
-11
-11
-10
-11
-11
-10
-10
-9
-9
-10
-9
-9
-9
-8
-8
-8
-7
-7
-7
-7
-7
-6
-6
-6
-5
-5
-5
-4
-4
-4
-3
-3
-2
-2
-3
-2
-2
-2
0
0
0
0
-1
-1
-1
0
0
1
1
1
1
0
1
1
1
2
2
3
2
2
2
2
2
2
3
2
2
2
2
2
2
2
2
2
3
3
3
2
2
3
3
3
3
2
2
2
2
2
2
2
2
2
2
2
2
3
4
5
6
7
7
8
9
11
12
12
12
14
14
14
14
14
14
14
14
14
13
13
13
13
12
12
11
10
10
9
8
7
6
5
3
2
2
1
-1
-1
-1
-3
-3
-4
-4
-5
-6
-6
-7
-7
-8
-8
-9
-10
-10
-11
-11
-12
-11
-11
-11
-11
-12
-12
-11
-11
-11
-11
-11
-10
-10
-11
-10
-10
-9
-9
-9
-9
-9
-9
-8
-8
-8
-7
-7
-7
-6
-7
-6
-5
-5
-4
-4
-4
-3
-3
-3
-2
-2
-2
-1
-1
-2
-2
-1
0
0
0
0
0
0
0
0
1
1
2
2
1
1
1
1
1
1
2
2
2
1
1
1
1
1
1
2
2
2
2
1
1
2
2
2
2
2
2
2
2
2
2
2
2
2
2
2
2
2
2
3
3
2
2
2
3
3
4
3
4
5
6
6
7
8
9
11
12
12
13
14
15
15
15
15
16
15
15
15
14
13
13
13
11
11
10
10
9
8
7
6
6
5
5
4
2
2
1
0
-1
-2
-2
-2
-3
-4
-5
-6
-7
-7
-8
-8
-8
-9
-9
-10
-11
-11
-11
-11
-11
-11
-11
-11
-11
-11
-11
-11
-11
-11
-11
-11
-11
-10
-10
-9
-9
-10
-9
-9
-8
-8
-7
-7
-7
-7
-7
-6
-7
-6
-5
-5
-4
-4
-3
-3
-3
-3
-2
-2
-2
-1
-1
-1
-1
-1
-1
-1
-1
0
0
0
0
0
0
0
0
0
0
0
0
0
0
0
0
0
0
0
0
0
0
0
0
0
0
0
0
1
1
1
1
1
1
2
2
2
2
2
2
2
1
1
1
2
2
2
1
2
2
2
2
2
3
3
3
4
3
4
5
6
6
7
8
10
11
12
13
14
14
16
16
16
16
16
16
16
15
15
14
13
13
13
11
11
10
10
9
8
7
6
5
4
4
3
2
1
0
0
-2
-2
-2
-3
-4
-4
-5
-6
-7
-7
-7
-8
-9
-9
-10
-11
-10
-10
-11
-11
-10
-10
-11
-11
-10
-10
-10
-10
-9
-10
-10
-9
-9
-10
-9
-9
-9
-9
-9
-8
-7
-8
-7
-7
-7
-6
-6
-6
-5
-4
-4
-4
-4
-4
-3
-4
-3
-3
-3
-2
-2
-2
-2
-2
-1
-1
0
0
1
1
1
1
1
1
1
1
1
1
1
0
0
0
0
0
0
0
0
0
0
0
0
-1
-1
-1
-1
-1
-1
-1
-1
-1
-1
-1
-1
-1
0
0
0
1
1
1
1
1
1
1
1
2
2
2
2
2
1
2
3
3
4
5
6
7
7
8
10
11
13
14
14
14
15
16
16
16
16
16
16
15
14
13
13
12
12
11
10
9
8
8
7
6
5
5
5
4
4
2
2
1
0
0
-1
-2
-2
-3
-4
-5
-6
-7
-7
-8
-8
-8
-9
-9
-9
-10
-10
-10
-10
-9
-9
-9
-8
-9
-9
-9
-10
-9
-9
-8
-8
-9
-9
-9
-8
-9
-8
-8
-7
-7
-7
-6
-7
-6
-5
-5
-4
-5
-4
-4
-3
-3
-2
-2
-2
-1
-1
-1
-1
-1
0
-1
-1
-1
-1
-1
-1
-1
-1
-1
-1
-1
-1
-1
0
0
0
0
0
0
0
0
0
0
0
0
0
0
0
0
-1
-1
-1
-1
-1
-1
-1
-1
-1
-1
-1
-1
-1
0
-1
0
0
0
0
0
0
0
1
1
2
2
3
5
4
6
7
8
9
10
12
12
13
14
15
15
15
16
15
15
15
15
15
14
13
13
12
11
11
10
9
9
8
7
7
6
5
5
3
2
2
1
1
1
-1
-1
-1
-3
-4
-5
-5
-5
-5
-6
-6
-7
-8
-8
-8
-9
-9
-9
-8
-9
-8
-9
-8
-9
-8
-8
-8
-9
-9
-8
-7
-8
-7
-8
-7
-8
-8
-8
-7
-7
-6
-5
-6
-6
-5
-5
-4
-5
-4
-3
-3
-4
-3
-3
-3
-2
-2
-2
-2
-2
-1
-2
-2
-2
-1
-1
-1
-1
-1
-1
-1
-1
-1
-1
0
0
0
0
0
0
0
0
0
0
-1
-1
-1
-1
-1
-1
-1
-1
-1
-1
-1
-2
-2
-1
-1
-1
-1
-1
-1
-1
-1
-1
-2
-2
-1
0
0
0
0
-1
-1
-1
-1
0
0
1
1
1
0
1
2
3
4
6
7
8
8
9
11
13
14
16
16
15
15
17
16
16
16
16
15
14
13
12
11
11
12
11
9
9
8
7
6
6
6
5
5
4
3
2
2
1
0
-1
-2
-2
-2
-3
-4
-4
-5
-6
-6
-7
-7
-8
-7
-7
-8
-8
-9
-8
-9
-9
-8
-9
-8
-8
-7
-8
-7
-7
-7
-7
-7
-7
-7
-7
-7
-7
-7
-7
-6
-7
-6
-6
-5
-6
-5
-4
-4
-3
-3
-3
-3
-3
-2
-2
-2
-2
-2
-2
-2
-2
-2
-2
-1
-2
-2
-2
-2
-2
-2
-1
-1
-1
-1
-1
-1
-1
0
0
-1
-1
-1
-1
-1
-1
-1
-1
-1
-2
-2
-2
-2
-1
-1
-1
-1
-1
-2
-2
-2
-2
-1
-1
-1
-1
-1
-1
-1
-1
-1
0
-1
-1
-1
-1
-1
-1
-1
-1
-1
0
0
0
1
2
2
3
4
5
6
7
8
10
10
11
13
13
14
16
15
15
15
16
16
16
14
14
14
12
12
11
10
10
9
9
7
6
5
6
5
4
4
3
3
2
2
2
1
0
0
-1
-2
-2
-3
-3
-4
-4
-5
-6
-7
-7
-7
-7
-7
-8
-9
-8
-9
-8
-9
-8
-8
-7
-8
-8
-8
-7
-7
-6
-6
-6
-6
-6
-7
-6
-6
-6
-5
-5
-6
-5
-5
-5
-4
-4
-3
-3
-3
-3
-2
-2
-2
-2
-2
-2
-2
-2
-2
-2
-1
-1
-1
-1
-1
-1
0
0
0
0
0
0
0
0
0
0
-1
-1
-1
-1
-1
-1
-1
-1
-2
-2
-2
-2
-2
-1
-1
-1
-1
-1
-2
-1
-1
0
0
-1
-1
-1
-1
-1
-1
-2
-2
-1
-2
-2
-2
-2
-1
-1
-1
-1
0
0
2
2
3
4
5
6
7
8
10
11
12
12
13
13
14
13
13
13
13
13
13
11
11
10
10
10
9
9
9
8
7
6
6
5
5
4
4
3
2
1
0
0
-1
-1
-2
-3
-4
-4
-5
-5
-6
-6
-6
-6
-6
-6
-7
-6
-7
-6
-6
-6
-7
-6
-7
-6
-7
-7
-7
-6
-7
-6
-6
-7
-6
-5
-6
-5
-5
-4
-5
-4
-4
-4
-4
-4
-4
-4
-4
-3
-3
-3
-3
-2
-2
-2
-2
-2
-2
-1
-1
-1
-1
-1
-1
-1
-1
-1
-1
-1
-1
-1
0
0
-1
-1
-1
-1
-1
-1
-1
-1
0
0
0
-1
-2
0
0
-1
-1
-1
-1
-1
-1
-1
-1
-1
-1
-1
-2
-2
-1
-1
-1
-1
-1
-1
-1
-2
-2
-2
-1
-1
-1
0
0
0
1
1
1
2
4
5
6
7
8
9
9
11
12
12
13
14
14
14
14
14
13
13
13
13
12
12
11
11
10
9
9
8
7
7
6
6
5
4
2
2
1
1
1
0
0
-1
-1
-1
-3
-3
-4
-4
-4
-5
-5
-5
-6
-7
-7
-8
-8
-8
-9
-8
-7
-8
-7
-8
-9
-8
-8
-7
-6
-7
-6
-5
-6
-6
-6
-6
-6
-5
-5
-5
-5
-5
-5
-5
-5
-4
-4
-3
-3
-2
-2
-2
-1
-1
-1
-1
-1
-1
-1
-1
-1
-1
-1
-1
-2
-2
-2
-2
-1
-1
-1
-1
-1
-1
-1
-1
-1
0
0
-1
-1
-1
-1
-1
-1
-1
-1
-1
-1
-1
-1
-1
-1
-1
-1
-1
-1
-1
-1
-1
-2
-2
-2
-2
-2
-1
-1
-1
-1
-1
-2
-1
-1
0
0
0
0
1
1
2
2
3
4
6
6
7
8
9
10
11
11
12
13
13
13
13
13
13
13
12
12
11
11
10
10
8
8
8
7
6
6
5
5
3
3
2
2
1
1
1
0
0
0
-2
-2
-2
-1
-2
-2
-3
-4
-4
-5
-5
-6
-6
-6
-6
-7
-7
-7
-7
-7
-6
-7
-6
-6
-6
-6
-5
-6
-5
-6
-6
-6
-5
-6
-5
-5
-6
-5
-5
-5
-5
-5
-4
-3
-3
-3
-2
-2
-3
-2
-2
-2
-2
-1
-1
-1
-1
-1
-1
-1
-1
0
-1
-1
-1
-1
-1
-1
-1
-1
-1
-1
-1
-2
-2
-1
-1
-1
-1
-1
-1
-1
-1
-1
-1
-1
0
0
0
0
0
0
0
-1
-1
-1
-1
-1
-1
-1
-1
-1
-1
-1
-1
-2
-1
-1
-1
-1
-1
0
0
0
0
0
0
0
1
2
2
3
4
4
4
5
7
8
9
10
11
12
11
12
11
11
12
12
11
10
9
9
9
8
8
8
7
8
7
6
6
6
5
5
4
3
3
2
1
1
0
-1
-1
-2
-3
-3
-3
-4
-4
-4
-5
-4
-5
-5
-5
-5
-6
-5
-6
-6
-6
-6
-6
-6
-6
-6
-6
-5
-6
-5
-5
-4
-5
-4
-5
-5
-5
-5
-4
-4
-4
-4
-4
-4
-4
-3
-3
-2
-2
-2
-2
-2
-2
-2
-1
-1
-1
-1
-1
-1
-1
-2
-1
-1
-1
0
0
0
0
-1
-1
-1
-1
-1
0
0
0
0
-1
-1
-1
-1
0
0
0
-1
-1
-1
-1
-1
-1
-1
-2
-2
-2
-2
-2
-2
-1
-1
-1
-1
-1
-1
-2
-1
-1
-1
-1
-1
-1
-1
-1
-1
-1
-1
-1
0
1
2
2
3
4
5
6
7
8
9
10
11
12
12
11
12
12
11
11
10
10
9
9
8
8
7
7
7
6
6
6
5
5
4
4
3
3
2
2
0
0
0
-1
-1
-2
-2
-2
-3
-4
-4
-5
-5
-4
-5
-5
-6
-6
-5
-6
-6
-5
-5
-5
-4
-5
-5
-5
-5
-5
-5
-6
-5
-5
-6
-5
-5
-5
-4
-5
-4
-4
-3
-3
-3
-3
-3
-2
-2
-2
-2
-2
-1
-2
-2
-2
-2
-1
-1
-1
-1
-1
-1
-1
-1
-1
0
0
0
0
0
0
-1
-1
-1
-1
-1
-1
-1
-1
-1
-1
-2
-2
-2
-1
-1
-1
-1
-1
-1
-2
-2
-2
-2
-1
-1
-1
-2
-2
-2
-2
-2
-2
-1
-1
-1
-1
-1
-1
-2
-1
-1
-1
-1
-1
-1
-1
0
0
0
0
1
2
3
4
5
6
7
8
9
9
10
11
12
12
12
12
11
11
11
11
11
10
10
9
8
8
7
7
6
7
6
5
4
4
4
3
3
3
2
2
2
2
1
0
0
0
-1
-2
-2
-3
-4
-4
-5
-5
-5
-6
-5
-5
-6
-7
-6
-7
-6
-5
-5
-5
-5
-5
-5
-5
-6
-5
-5
-5
-4
-4
-5
-5
-4
-5
-5
-4
-5
-4
-4
-3
-3
-4
-4
-3
-3
-3
-2
-2
-2
-2
-2
-2
-2
-2
-1
-1
-1
-1
-1
-1
-2
-2
-1
-1
-1
-1
-1
-1
-1
-1
-1
-1
-1
0
-1
-1
-1
-1
-1
-1
-1
-1
-1
-1
-1
-2
-2
-1
-1
-1
-1
-1
-1
-1
-1
-1
-2
-2
-1
-1
-1
-1
-1
-1
-1
-1
-1
-1
-1
0
0
-1
-1
0
0
0
1
1
1
2
3
4
4
5
7
9
9
10
11
11
12
12
11
11
11
12
12
11
9
9
8
7
7
6
6
7
6
6
5
4
5
4
3
3
3
2
2
2
1
0
-1
-1
-1
-2
-2
-2
-2
-3
-3
-4
-4
-5
-5
-5
-6
-6
-7
-6
-6
-6
-5
-6
-5
-5
-5
-4
-5
-4
-4
-4
-4
-4
-4
-4
-4
-4
-4
-3
-3
-2
-3
-3
-2
-2
-3
-3
-3
-2
-3
-3
-3
-3
-3
-2
-2
-2
-2
-1
-1
-1
-1
0
0
-1
-1
-1
-1
-1
-1
-1
-1
-1
-1
-1
-1
-1
-1
-1
-1
-1
-1
-1
-1
-1
-1
-1
-1
-2
-2
-1
-1
-1
-1
-1
-1
-2
-2
-2
-2
-2
-1
-1
-1
-1
-1
-1
-1
-1
0
0
1
1
1
2
3
4
4
5
6
7
8
8
9
9
10
11
10
9
9
10
9
9
8
7
8
7
6
6
5
5
6
5
4
4
3
3
3
3
2
2
1
1
0
-1
-1
-2
-2
-3
-3
-3
-4
-4
-4
-4
-5
-4
-5
-5
-4
-4
-3
-3
-4
-4
-3
-4
-4
-3
-4
-3
-3
-4
-4
-4
-5
-4
-4
-4
-4
-4
-4
-3
-3
-4
-3
-3
-3
-2
-2
-3
-3
-2
-2
-2
-2
-2
-2
-1
-1
-1
-1
-2
-1
-1
-1
-1
-1
-1
-1
0
-1
-1
-1
-1
0
0
0
-1
-1
-1
-1
-1
-1
-1
-1
-1
-1
-1
-1
-1
0
0
0
-1
-1
-1
-1
-1
-1
-1
-1
-1
-1
-1
-2
-2
-1
-1
-1
-1
-1
-1
-1
-1
-1
-1
-1
1
1
2
2
3
4
5
6
7
8
9
10
10
10
11
10
11
10
10
9
9
8
8
8
7
8
7
6
6
5
6
5
5
4
4
3
2
2
1
1
1
1
1
0
0
-1
-1
-1
-2
-2
-3
-4
-4
-4
-5
-5
-5
-6
-5
-5
-6
-5
-5
-4
-3
-4
-4
-4
-5
-5
-4
-5
-5
-4
-5
-5
-5
-5
-5
-5
-4
-3
-3
-3
-3
-3
-3
-2
-2
-2
-2
-1
-1
-1
-1
-1
-2
0
0
0
0
-1
-1
-1
-1
-1
-1
-1
-1
0
-1
-1
-2
-2
-1
-1
-1
-1
-1
-1
-1
-1
-1
-2
-2
-1
-1
-1
-1
-1
-1
-1
-1
-2
-2
-2
-1
-1
-1
-1
-1
-1
-1
-1
-1
-1
0
-1
-1
-1
-1
-1
-1
-1
-1
-1
0
0
0
0
1
2
2
3
4
5
6
6
7
7
8
9
10
11
10
10
10
9
9
8
9
8
8
7
7
6
5
6
6
5
5
4
4
3
3
2
2
1
1
0
-1
-1
-1
-1
-1
-2
-2
-2
-3
-3
-3
-3
-3
-3
-3
-4
-4
-4
-4
-4
-5
-4
-4
-5
-5
-4
-4
-5
-4
-4
-4
-3
-4
-3
-3
-3
-2
-3
-3
-3
-2
-3
-3
-3
-3
-3
-3
-3
-3
-3
-2
-2
-2
-2
-2
-2
-2
-2
-1
-1
-1
-1
-1
-1
-1
-1
-1
0
0
0
-1
-1
-1
-1
-1
-1
-1
-1
-2
-2
-2
-2
-2
-1
-1
-1
-1
-1
-1
-1
-1
0
0
0
0
0
0
0
0
0
0
0
0
-1
-1
-1
-1
-1
-1
-1
-1
-1
0
0
0
0
1
1
1
1
1
1
1
2
2
1
2
2
3
4
5
6
7
7
8
9
8
0
0
0
0
0
0
0
0
0
0
0
0
0
0
0
0
0
0
0
0
0
0
0
0
0
0
0
0
0
0
0
0
0
0
0
0
0
0
0
0
0
0
0
0
0
0
0
0
0
0
0
0
0
0
0
0
0
0
0
0
159
114
69
24
-20
-65
-110
-155
-200
-244
-290
-334
-380
12
-33
-34
-34
-34
-34
-35
-35
-35
-35
-35
-36
-36
-36
-36
-37
-35
-36
-36
-35
-35
-35
-35
-35
-35
-35
-35
-34
-34
-34
-34
-34
-34
-34
-34
-34
-34
-34
-34
-34
-34
-34
-34
-34
-34
-34
-34
-35
-35
-35
-35
-35
-35
-35
-35
-35
-35
-35
-35
-35
-36
-36
-36
-36
-36
-36
-36
-36
-36
-36
-36
-36
-36
-36
-36
-36
-36
-36
-36
-36
-36
-36
-36
-36
-36
-35
-36
-35
-35
-35
-35
-35
-35
-34
-35
-35
-35
-35
-34
-34
-34
-33
-33
-33
-33
-32
-32
-32
-32
-32
-31
-32
-31
-32
-32
-32
-32
-32
-32
-32
-32
-32
-32
-32
-32
-32
-33
-33
-33
-33
-33
-33
-33
-33
-33
-33
-33
-33
-34
-33
-34
-33
-33
-33
-33
-33
-33
-32
-33
-34
-33
-33
-33
-33
-33
-33
-33
-32
-33
-33
-33
-33
-32
-33
-32
-32
-33
-33
-32
-33
-32
-32
-32
-31
-32
-32
-32
-32
-32
-32
-31
-31
-31
-31
-31
-31
-31
-31
-31
-31
-31
-30
-30
-31
-31
-31
-30
-30
-30
-30
-30
-30
-30
-30
-30
-30
-29
-30
-30
-30
-30
-29
-29
-29
-30
-30
-29
-29
-29
-30
-30
-29
-30
-29
-29
-30
-30
-30
-30
-30
-30
-30
-30
-30
-30
-29
-30
-30
-30
-30
-29
-29
-30
-29
-30
-29
-29
-30
-29
-29
-28
-28
-28
-28
-27
-27
-28
-27
-27
-26
-26
-27
-26
-26
-26
-27
-26
-26
-26
-27
-26
-26
-26
-26
-27
-26
-26
-26
-27
-27
-26
-26
-27
-27
-27
-26
-27
-27
-27
-27
-27
-27
-27
-27
-28
-27
-27
-27
-28
-28
-27
-27
-28
-27
-28
-27
-28
-28
-27
-27
-28
-28
-27
-27
-28
-28
-27
-27
-28
-27
-27
-28
-28
-27
-27
-28
-28
-28
-27
-28
-28
-27
-27
-28
-28
-27
-27
-28
-28
-27
-27
-26
-27
-27
-27
-26
-27
-27
-26
-26
-27
-26
-26
-26
-27
-26
-26
-26
-27
-27
-26
-26
-27
-26
-26
-26
-27
-26
-26
-27
-27
-26
-26
-27
-26
-26
-26
-27
-26
-26
-26
-27
-26
-26
-26
-26
-26
-26
-26
-26
-26
-26
-26
-25
-26
-26
-26
-25
-26
-25
-25
-24
-25
-24
-24
-25
-24
-24
-24
-24
-23
-24
-24
-23
-24
-23
-23
-23
-24
-23
-23
-24
-23
-23
-24
-24
-24
-24
-24
-24
-25
-24
-24
-25
-24
-24
-25
-25
-24
-25
-25
-25
-24
-25
-25
-25
-26
-25
-25
-26
-25
-25
-26
-26
-25
-26
-26
-26
-26
-26
-26
-25
-26
-26
-26
-26
-26
-26
-26
-26
-26
-27
-26
-26
-26
-26
-26
-25
-26
-25
-25
-26
-25
-25
-26
-25
-25
-24
-25
-25
-24
-25
-24
-25
-24
-25
-24
-24
-25
-25
-24
-25
-25
-24
-24
-25
-25
-24
-25
-24
-24
-25
-25
-24
-25
-25
-24
-24
-25
-24
-24
-25
-24
-24
-25
-25
-24
-25
-24
-24
-25
-25
-24
-25
-24
-24
-25
-24
-24
-24
-24
-24
-25
-24
-24
-24
-24
-23
-24
-23
-23
-23
-23
-22
-22
-22
-22
-22
-22
-22
-22
-22
-22
-22
-21
-22
-22
-21
-22
-21
-22
-22
-21
-22
-22
-22
-22
-22
-23
-22
-22
-23
-23
-22
-23
-23
-23
-24
-23
-24
-24
-23
-24
-24
-23
-24
-24
-23
-24
-24
-24
-24
-24
-24
-24
-23
-24
-24
-23
-24
-24
-24
-24
-24
-24
-24
-23
-24
-24
-24
-24
-24
-23
-25
-24
-25
-24
-24
-24
-24
-24
-25
-24
-24
-24
-24
-24
-25
-24
-24
-24
-24
-23
-24
-24
-23
-24
-23
-23
-23
-23
-23
-23
-23
-23
-24
-23
-23
-23
-24
-23
-24
-24
-23
-24
-24
-23
-24
-24
-23
-24
-23
-23
-23
-23
-24
-23
-23
-24
-24
-23
-23
-23
-23
-23
-23
-23
-23
-23
-23
-23
-23
-23
-23
-23
-23
-23
-22
-23
-22
-23
-22
-21
-22
-21
-21
-21
-20
-21
-20
-20
-20
-19
-20
-20
-20
-20
-19
-20
-20
-20
-20
-19
-20
-20
-20
-20
-20
-20
-20
-21
-20
-21
-21
-21
-22
-21
-22
-22
-21
-22
-22
-23
-22
-22
-22
-22
-23
-22
-22
-23
-22
-23
-22
-22
-22
-22
-23
-22
-22
-22
-22
-23
-22
-22
-22
-22
-23
-22
-23
-23
-22
-23
-23
-23
-23
-23
-23
-23
-23
-23
-22
-23
-23
-22
-23
-22
-22
-23
-22
-23
-22
-22
-22
-22
-22
-22
-22
-22
-22
-21
-22
-22
-21
-22
-21
-22
-22
-22
-22
-22
-21
-22
-21
-22
-22
-21
-22
-21
-22
-21
-21
-22
-21
-22
-21
-21
-22
-21
-22
-21
-21
-21
-21
-21
-21
-21
-21
-21
-21
-21
-21
-22
-21
-22
-21
-22
-21
-21
-21
-21
-21
-20
-20
-20
-19
-19
-19
-19
-18
-19
-18
-18
-18
-17
-18
-18
-18
-18
-19
-18
-19
-18
-18
-19
-18
-19
-18
-20
-19
-20
-20
-20
-20
-20
-20
-20
-21
-20
-21
-20
-21
-21
-21
-21
-21
-21
-21
-21
-21
-21
-21
-21
-21
-21
-21
-21
-21
-21
-21
-21
-21
-21
-21
-22
-21
-21
-21
-21
-21
-21
-22
-21
-22
-21
-22
-22
-21
-22
-22
-22
-22
-21
-22
-21
-22
-22
-21
-22
-21
-22
-21
-21
-22
-21
-22
-21
-21
-22
-21
-21
-21
-21
-21
-21
-21
-21
-21
-21
-21
-21
-21
-20
-21
-21
-21
-21
-20
-21
-21
-21
-21
-21
-21
-20
-21
-21
-21
-21
-21
-21
-20
-21
-20
-21
-21
-20
-21
-20
-21
-21
-21
-21
-20
-21
-20
-21
-20
-21
-21
-20
-21
-20
-21
-20
-20
-20
-19
-20
-19
-19
-19
-19
-18
-18
-17
-18
-17
-18
-17
-17
-17
-17
-17
-16
-17
-17
-18
-17
-18
-17
-18
-18
-18
-18
-18
-18
-19
-18
-19
-19
-19
-19
-19
-19
-19
-19
-19
-20
-20
-20
-20
-21
-20
-21
-20
-21
-20
-20
-21
-20
-21
-20
-21
-20
-21
-21
-21
-21
-21
-21
-20
-21
-21
-21
-21
-21
-21
-21
-21
-22
-21
-21
-21
-21
-21
-20
-21
-21
-21
-21
-20
-21
-20
-21
-21
-20
-21
-20
-21
-20
-21
-21
-20
-21
-20
-21
-20
-19
-20
-20
-20
-20
-20
-20
-19
-20
-20
-20
-20
-20
-20
-19
-20
-20
-20
-20
-20
-20
-20
-20
-19
-20
-20
-20
-20
-20
-20
-20
-20
-20
-20
-19
-20
-19
-20
-20
-20
-20
-19
-20
-19
-20
-20
-20
-20
-20
-20
-20
-19
-19
-19
-18
-18
-17
-17
-16
-17
-16
-16
-16
-16
-15
-15
-15
-16
-15
-15
-15
-16
-16
-16
-17
-16
-17
-16
-17
-16
-17
-17
-17
-17
-17
-17
-17
-17
-18
-17
-18
-18
-19
-18
-19
-18
-19
-19
-19
-19
-20
-19
-20
-19
-20
-19
-20
-19
-20
-20
-20
-20
-20
-20
-20
-20
-20
-20
-21
-20
-20
-20
-20
-20
-21
-20
-20
-20
-20
-20
-20
-21
-20
-21
-20
-21
-20
-21
-20
-19
-20
-20
-20
-19
-20
-20
-19
-20
-19
-20
-19
-20
-19
-20
-20
-19
-20
-19
-20
-19
-20
-20
-19
-20
-19
-20
-19
-20
-19
-19
-19
-20
-19
-18
-19
-18
-19
-19
-19
-19
-19
-19
-20
-19
-20
-19
-19
-19
-19
-20
-19
-19
-19
-20
-19
-19
-19
-19
-19
-20
-19
-19
-19
-19
-19
-19
-20
-19
-20
-19
-19
-18
-19
-18
-18
-17
-17
-16
-16
-16
-16
-15
-15
-14
-14
-14
-14
-13
-14
-15
-14
-14
-14
-15
-14
-15
-14
-15
-15
-15
-16
-15
-16
-16
-17
-16
-17
-16
-17
-16
-17
-17
-17
-17
-17
-18
-17
-18
-17
-18
-18
-18
-18
-18
-18
-18
-18
-19
-18
-19
-18
-19
-18
-19
-19
-19
-20
-19
-20
-19
-20
-20
-20
-20
-20
-20
-20
-19
-20
-19
-20
-20
-20
-19
-20
-19
-20
-20
-20
-20
-19
-20
-19
-19
-19
-20
-19
-20
-19
-19
-19
-19
-19
-19
-19
-19
-19
-19
-19
-18
-18
-19
-18
-19
-18
-19
-18
-19
-18
-19
-19
-19
-18
-19
-18
-19
-18
-18
-18
-18
-18
-18
-18
-18
-18
-18
-19
-18
-18
-18
-18
-18
-18
-18
-18
-18
-18
-18
-18
-18
-19
-18
-19
-18
-19
-18
-18
-18
-18
-17
-18
-17
-17
-16
-16
-16
-15
-14
-14
-14
-13
-13
-13
-13
-12
-12
-13
-13
-13
-12
-13
-13
-13
-14
-14
-14
-14
-14
-14
-14
-15
-15
-15
-15
-15
-15
-16
-16
-16
-17
-16
-17
-16
-17
-17
-17
-17
-17
-18
-17
-18
-18
-18
-18
-18
-18
-18
-18
-18
-18
-18
-19
-18
-19
-18
-19
-18
-19
-18
-18
-19
-19
-19
-19
-19
-19
-20
-19
-20
-19
-20
-19
-19
-19
-20
-19
-20
-19
-20
-19
-18
-19
-18
-18
-18
-19
-18
-18
-18
-18
-18
-18
-18
-19
-18
-17
-18
-17
-18
-17
-18
-17
-18
-17
-18
-17
-18
-18
-18
-18
-18
-17
-18
-17
-18
-17
-17
-17
-18
-17
-18
-17
-18
-18
-18
-18
-18
-18
-18
-18
-18
-17
-18
-18
-18
-18
-18
-17
-18
-17
-18
-17
-17
-17
-17
-17
-16
-17
-16
-16
-15
-15
-14
-15
-14
-14
-14
-13
-13
-12
-12
-12
-12
-12
-11
-12
-11
-12
-12
-12
-13
-12
-13
-13
-13
-14
-13
-14
-14
-14
-14
-14
-15
-14
-15
-15
-15
-15
-15
-16
-16
-16
-16
-16
-16
-16
-16
-17
-17
-17
-17
-17
-17
-17
-17
-17
-17
-17
-17
-17
-17
-18
-17
-18
-17
-17
-18
-18
-18
-17
-18
-17
-18
-17
-18
-19
-18
-19
-18
-19
-18
-19
-18
-19
-18
-19
-18
-18
-18
-18
-18
-18
-18
-17
-18
-17
-17
-17
-17
-17
-17
-17
-17
-17
-17
-17
-17
-16
-17
-17
-17
-17
-17
-17
-17
-17
-17
-18
-17
-17
-17
-17
-17
-18
-17
-18
-17
-18
-17
-17
-17
-18
-17
-17
-17
-18
-17
-17
-18
-17
-18
-17
-17
-17
-17
-16
-16
-15
-16
-14
-15
-15
-13
-13
-12
-13
-12
-11
-11
-11
-11
-11
-10
-11
-10
-10
-11
-11
-12
-12
-12
-13
-12
-13
-13
-13
-14
-13
-14
-14
-14
-14
-14
-15
-15
-15
-15
-15
-15
-15
-16
-16
-16
-16
-16
-16
-17
-16
-17
-16
-17
-17
-17
-17
-17
-17
-17
-17
-18
-17
-18
-17
-18
-18
-17
-18
-17
-18
-17
-18
-18
-18
-18
-18
-18
-17
-18
-18
-18
-17
-18
-17
-18
-18
-18
-18
-18
-18
-18
-17
-18
-17
-18
-17
-18
-17
-18
-17
-17
-17
-18
-17
-18
-17
-18
-17
-17
-17
-17
-17
-17
-17
-17
-17
-17
-17
-17
-16
-17
-16
-17
-16
-17
-17
-17
-17
-16
-17
-16
-17
-16
-17
-16
-16
-16
-16
-17
-16
-17
-16
-17
-16
-16
-16
-16
-15
-16
-15
-15
-15
-14
-14
-13
-13
-12
-11
-11
-10
-10
-10
-9
-9
-9
-8
-8
-8
1000
-8
-8
-7
-8
-8
-8
-9
-9
-9
-10
-11
-10
-11
-11
-11
-12
-12
-12
-13
-13
-13
-13
-14
-13
-14
-14
-14
-15
-14
-15
-15
-15
-16
-16
-16
-16
-16
-16
-17
-16
-16
-16
-17
-17
-17
-17
-18
-17
-17
-17
-17
-18
-17
-18
-17
-18
-18
-17
-18
-17
-18
-18
-18
-18
-18
-18
-18
-19
-18
-19
-18
-19
-18
-18
-18
-19
-18
-18
-18
-19
-18
-17
-18
-17
-18
-17
-17
-17
-18
-17
-17
-17
-17
-17
-17
-17
-17
-17
-17
-16
-17
-16
-17
-17
-17
-18
-17
-17
-17
-17
-17
-17
-17
-17
-17
-17
-17
-17
-16
-17
-17
-17
-16
-17
-17
-17
-17
-16
-17
-16
-16
-16
-16
-15
-15
-15
-14
-14
-13
-13
-11
-11
-11
-10
-10
-9
-8
-8
-8
-7
-7
-7
1000
-6
-6
-6
-6
-6
-7
-7
-8
-8
-8
-8
-10
-9
-10
-10
-10
-11
-12
-11
-12
-12
-12
-13
-14
-13
-14
-15
-14
-15
-15
-15
-16
-15
-16
-16
-16
-16
-17
-16
-17
-17
-16
-17
-17
-17
-17
-17
-17
-18
-17
-17
-18
-17
-18
-17
-18
-18
-17
-18
-17
-18
-18
-18
-18
-18
-18
-18
-19
-18
-19
-18
-19
-18
-18
-18
-18
-17
-18
-17
-18
-17
-17
-17
-17
-17
-16
-17
-16
-17
-16
-17
-16
-16
-16
-16
-16
-16
-16
-16
-17
-16
-16
-16
-16
-16
-16
-16
-16
-16
-16
-17
-16
-16
-16
-16
-16
-16
-16
-16
-15
-16
-16
-16
-16
-16
-16
-16
-16
-16
-16
-16
-16
-16
-15
-16
-15
-15
-14
-14
-14
-13
-13
-12
-11
-11
-10
-10
-10
-8
-8
-8
-7
-7
-7
-7
-6
-6
-6
1000
-5
-6
-6
-6
-6
-7
-7
-7
-8
-8
-9
-9
-10
-10
-11
-11
-11
-12
-12
-12
-12
-13
-13
-13
-14
-13
-14
-14
-14
-14
-15
-14
-15
-16
-15
-16
-16
-16
-16
-17
-16
-16
-17
-17
-17
-16
-17
-17
-17
-17
-17
-17
-17
-18
-17
-18
-17
-17
-18
-17
-18
-17
-18
-17
-18
-18
-17
-18
-18
-18
-17
-18
-17
-18
-17
-18
-17
-16
-17
-17
-17
-17
-17
-16
-17
-16
-17
-16
-17
-16
-17
-16
-16
-16
-16
-17
-16
-17
-16
-17
-16
-17
-16
-16
-16
-16
-15
-16
-16
-16
-16
-16
-16
-15
-16
-15
-16
-16
-16
-16
-16
-16
-15
-16
-15
-15
-16
-15
-15
-14
-13
-13
-12
-12
-11
-10
-10
-8
-8
-8
-7
-6
-6
-6
-5
-5
-5
1000
-4
-5
-5
-5
-5
-5
-5
-6
-7
-7
-7
-8
-9
-8
-9
-10
-10
-10
-10
-11
-11
-12
-12
-13
-12
-13
-14
-13
-14
-15
-14
-15
-15
-15
-15
-16
-16
-16
-17
-16
-17
-16
-17
-17
-16
-17
-17
-16
-17
-17
-17
-17
-17
-17
-17
-18
-17
-18
-17
-18
-18
-18
-18
-17
-18
-18
-18
-18
-18
-18
-17
-18
-17
-18
-17
-17
-17
-17
-17
-16
-17
-16
-17
-16
-17
-16
-16
-16
-16
-16
-16
-15
-16
-15
-16
-16
-15
-16
-15
-16
-15
-15
-15
-15
-15
-15
-16
-15
-16
-15
-15
-15
-15
-16
-15
-16
-15
-15
-15
-15
-16
-15
-15
-14
-15
-14
-14
-14
-13
-14
-12
-12
-12
-11
-10
-10
-9
-8
-8
-7
-6
-5
-5
-4
-3
-3
-2
-1
-1
-1
-1
-1
1000
0
-1
-1
-2
-1
-2
-3
-3
-4
-4
-5
-5
-7
-7
-7
-8
-8
-10
-9
-10
-11
-11
-11
-12
-13
-13
-13
-14
-15
-14
-15
-16
-15
-15
-16
-17
-16
-17
-17
-17
-17
-18
-17
-17
-18
-17
-17
-18
-18
-18
-18
-19
-18
-18
-18
-18
-18
-18
-18
-19
-18
-19
-18
-18
-18
-19
-18
-18
-18
-18
-18
-18
-18
-18
-18
-18
-18
-17
-18
-17
-17
-17
-17
-16
-17
-17
-17
-16
-17
-16
-16
-16
-16
-15
-16
-16
-16
-15
-16
-15
-16
-15
-15
-14
-15
-15
-15
-15
-15
-15
-14
-15
-15
-14
-15
-14
-15
-15
-15
-15
-14
-15
-14
-14
-15
-14
-14
-13
-13
-14
-12
-12
-12
-11
-10
-10
-8
-8
-8
-6
-5
-5
-4
-3
-2
-1
-1
1000
0
0
0
0
0
0
0
0
-1
-1
-1
-1
-2
-3
-3
-4
-4
-5
-5
-7
-7
-7
-8
-8
-10
-9
-10
-11
-11
-11
-12
-12
-13
-13
-14
-14
-15
-14
-15
-15
-16
-15
-16
-16
-16
-16
-17
-16
-17
-17
-17
-17
-17
-18
-17
-17
-18
-18
-18
-18
-18
-18
-19
-18
-19
-19
-19
-19
-19
-19
-18
-19
-18
-19
-18
-19
-18
-18
-18
-18
-18
-18
-18
-17
-18
-17
-18
-17
-17
-17
-17
-16
-16
-16
-16
-16
-15
-16
-16
-15
-16
-15
-15
-15
-15
-15
-15
-14
-15
-15
-15
-15
-14
-15
-14
-15
-14
-15
-15
-14
-15
-14
-14
-15
-14
-15
-14
-15
-14
-14
-15
-14
-14
-13
-14
-14
-13
-13
-12
-12
-12
-11
-10
-10
-9
-8
-8
-7
-5
-5
-4
-4
-2
-1
-1
0
0
1
1
1000
1
1
1
1
1
1
0
0
-1
-1
-1
-2
-2
-3
-4
-5
-5
-5
-6
-7
-8
-7
-9
-10
-10
-10
-11
-11
-12
-12
-12
-13
-14
-14
-13
-14
-15
-15
-15
-15
-16
-15
-15
-16
-16
-16
-16
-16
-17
-16
-17
-17
-16
-17
-17
-17
-17
-18
-18
-18
-18
-19
-18
-18
-18
-18
-18
-18
-18
-18
-18
-18
-18
-17
-18
-17
-17
-17
-17
-17
-16
-17
-16
-16
-16
-16
-15
-16
-16
-16
-15
-16
-15
-16
-15
-15
-15
-15
-14
-15
-15
-15
-15
-14
-15
-14
-14
-14
-14
-15
-14
-14
-14
-14
-14
-14
-14
-13
-14
-14
-14
-14
-13
-14
-14
-14
-14
-13
-13
-14
-13
-13
-13
-11
-11
-11
-9
-9
-8
-7
-6
-6
-5
-3
-3
-2
-2
-1
0
0
0
0
1000
1
1
1
1
0
0
0
-1
-1
-2
-2
-3
-3
-3
-4
-5
-6
-6
-6
-7
-8
-8
-9
-9
-10
-11
-11
-11
-12
-12
-13
-12
-13
-13
-14
-13
-14
-14
-14
-14
-15
-15
-16
-15
-16
-16
-16
-16
-16
-16
-16
-16
-17
-17
-17
-17
-17
-17
-17
-17
-17
-17
-18
-17
-17
-17
-17
-18
-17
-18
-17
-18
-17
-18
-17
-17
-17
-17
-16
-17
-16
-16
-16
-16
-16
-15
-16
-15
-15
-15
-15
-15
-15
-16
-15
-15
-15
-15
-14
-15
-14
-15
-15
-14
-15
-14
-14
-14
-14
-14
-14
-14
-14
-14
-15
-14
-14
-14
-14
-15
-14
-15
-14
-14
-14
-14
-14
-14
-14
-14
-13
-13
-13
-12
-11
-11
-9
-8
-8
-6
-5
-5
-3
-2
-1
0
0
1
2
3
3
3
3
3
3
1000
4
3
3
3
2
2
1
1
1
1
0
-1
-1
-2
-3
-4
-4
-5
-5
-6
-7
-8
-8
-8
-9
-10
-10
-11
-11
-12
-12
-13
-13
-13
-14
-14
-15
-14
-15
-15
-16
-16
-16
-16
-16
-17
-17
-17
-17
-18
-17
-18
-18
-18
-18
-19
-19
-18
-19
-18
-19
-19
-18
-19
-18
-19
-18
-19
-18
-18
-18
-18
-18
-18
-18
-18
-17
-18
-17
-17
-17
-17
-17
-16
-17
-16
-17
-16
-16
-16
-16
-15
-16
-15
-16
-15
-16
-15
-15
-15
-15
-14
-15
-15
-14
-14
-14
-15
-14
-14
-14
-14
-14
-13
-14
-14
-13
-14
-13
-14
-14
-13
-14
-13
-13
-13
-13
-13
-13
-13
-13
-12
-12
-12
-11
-11
-10
-9
-8
-8
-7
-5
-4
-4
-2
-1
0
1
1
2
3
4
4
1000
5
5
5
5
5
5
5
4
4
5
4
4
4
3
3
2
2
1
0
0
-1
-2
-2
-2
-3
-4
-5
-6
-7
-8
-8
-9
-9
-9
-10
-11
-12
-12
-12
-12
-13
-14
-14
-15
-14
-15
-16
-16
-16
-16
-17
-17
-17
-17
-17
-18
-18
-18
-18
-19
-19
-18
-19
-19
-18
-19
-19
-19
-19
-19
-19
-19
-19
-18
-19
-19
-19
-18
-19
-18
-19
-18
-18
-18
-18
-18
-17
-18
-17
-18
-17
-17
-17
-18
-16
-16
-17
-16
-16
-16
-16
-15
-16
-15
-15
-15
-15
-15
-15
-16
-15
-15
-15
-15
-14
-15
-14
-15
-15
-14
-15
-14
-15
-15
-14
-14
-14
-14
-13
-14
-14
-14
-14
-13
-14
-14
-13
-13
-13
-13
-13
-12
-13
-12
-11
-11
-11
-9
-9
-8
-6
-6
-5
-4
-3
-1
-1
0
1
1
3
4
4
5
5
6
6
6
6
6
6
1000
7
7
7
6
6
6
6
5
4
4
3
3
2
1
0
0
-1
-2
-3
-3
-5
-4
-5
-6
-6
-8
-8
-9
-10
-10
-11
-11
-11
-12
-12
-13
-14
-13
-14
-14
-15
-15
-16
-16
-16
-16
-16
-17
-18
-17
-18
-18
-18
-18
-18
-19
-18
-19
-19
-19
-19
-19
-19
-19
-19
-19
-19
-19
-19
-19
-18
-19
-18
-18
-18
-18
-18
-18
-18
-18
-17
-17
-17
-17
-17
-16
-17
-17
-17
-16
-17
-16
-17
-16
-16
-16
-16
-16
-16
-15
-16
-15
-15
-15
-15
-14
-14
-14
-14
-15
-14
-14
-14
-14
-14
-14
-14
-13
-14
-14
-14
-14
-13
-14
-13
-14
-14
-13
-14
-14
-13
-13
-13
-13
-13
-12
-12
-12
-12
-11
-10
-10
-9
-9
-7
-7
-6
-4
-3
-3
-2
-1
0
2
2
3
4
4
5
5
5
1000
7
7
7
7
7
7
6
6
6
6
5
5
4
4
3
3
2
1
1
0
-1
-2
-2
-2
-3
-4
-5
-5
-6
-7
-8
-8
-9
-9
-9
-10
-10
-11
-11
-12
-12
-12
-12
-13
-13
-14
-14
-15
-14
-15
-15
-16
-16
-17
-16
-17
-17
-17
-17
-17
-17
-18
-18
-18
-18
-18
-18
-18
-18
-18
-18
-19
-18
-19
-18
-19
-18
-18
-18
-19
-18
-19
-17
-18
-18
-17
-17
-17
-17
-17
-17
-16
-17
-16
-17
-16
-16
-16
-16
-15
-15
-15
-16
-15
-15
-15
-15
-16
-15
-15
-14
-15
-14
-14
-14
-14
-14
-14
-14
-13
-14
-14
-13
-13
-13
-13
-13
-13
-13
-13
-13
-13
-13
-13
-12
-13
-13
-12
-12
-12
-11
-11
-10
-9
-8
-8
-6
-6
-5
-4
-3
-1
-1
0
1
1
3
4
4
5
5
6
6
6
6
6
1000
7
6
6
6
6
6
5
5
5
5
4
4
4
3
3
2
1
1
0
-1
-2
-3
-3
-4
-4
-5
-6
-7
-7
-8
-8
-8
-9
-9
-10
-10
-11
-12
-12
-12
-12
-13
-13
-14
-15
-15
-14
-15
-15
-16
-16
-16
-16
-16
-17
-17
-16
-17
-17
-18
-17
-17
-18
-17
-18
-17
-17
-18
-17
-18
-17
-18
-17
-17
-17
-17
-16
-17
-16
-17
-16
-16
-16
-16
-15
-16
-15
-16
-15
-16
-15
-16
-15
-15
-15
-15
-14
-15
-15
-15
-15
-14
-15
-14
-14
-14
-14
-14
-14
-14
-14
-14
-15
-14
-14
-14
-14
-14
-13
-14
-13
-13
-13
-13
-13
-13
-12
-12
-11
-11
-10
-9
-8
-8
-7
-5
-4
-3
-2
-1
0
1
2
3
3
4
4
6
6
7
7
7
1000
8
8
8
8
8
8
8
8
8
8
8
8
7
7
7
6
6
5
5
4
3
2
2
1
0
0
-1
-2
-3
-3
-4
-5
-6
-6
-7
-8
-8
-9
-10
-10
-11
-11
-12
-12
-12
-13
-13
-14
-14
-15
-16
-16
-16
-16
-17
-17
-18
-17
-18
-19
-19
-19
-19
-20
-19
-19
-20
-19
-20
-19
-19
-19
-19
-19
-19
-19
-19
-19
-19
-19
-19
-18
-18
-18
-18
-18
-18
-17
-18
-17
-18
-17
-17
-17
-16
-17
-16
-17
-16
-17
-16
-16
-16
-16
-16
-16
-15
-15
-15
-16
-14
-15
-15
-15
-15
-14
-15
-14
-14
-14
-14
-14
-13
-13
-13
-13
-13
-12
-12
-11
-11
-10
-9
-8
-8
-7
-5
-4
-3
-2
-1
1
2
3
4
5
5
6
7
8
9
9
10
11
11
11
1000
12
11
12
12
12
12
12
12
12
12
11
11
11
10
9
9
9
8
8
7
6
6
5
3
2
2
1
0
-1
-2
-3
-4
-5
-5
-6
-7
-8
-9
-9
-10
-11
-11
-12
-13
-14
-14
-14
-15
-16
-16
-17
-16
-17
-18
-18
-19
-19
-19
-19
-20
-19
-20
-21
-20
-21
-21
-21
-21
-20
-21
-21
-20
-21
-21
-21
-20
-21
-20
-21
-20
-19
-20
-20
-20
-20
-20
-20
-19
-19
-19
-20
-19
-18
-19
-18
-19
-18
-17
-18
-17
-17
-17
-17
-17
-17
-16
-17
-16
-17
-16
-16
-15
-16
-15
-16
-15
-15
-15
-15
-15
-15
-14
-15
-15
-14
-14
-14
-14
-13
-13
-13
-12
-11
-11
-10
-9
-8
-6
-5
-4
-3
-1
0
1
2
3
4
6
7
8
8
9
10
10
11
12
12
13
13
1000
14
14
14
14
14
14
14
14
14
14
13
13
12
12
12
11
11
9
9
8
7
7
6
5
4
2
2
1
0
-1
-2
-3
-3
-4
-5
-6
-7
-7
-9
-10
-11
-12
-12
-13
-14
-14
-15
-15
-16
-16
-17
-17
-18
-18
-19
-19
-20
-20
-21
-20
-21
-21
-22
-21
-22
-22
-22
-23
-22
-23
-22
-22
-22
-23
-22
-23
-22
-22
-22
-21
-22
-21
-22
-21
-20
-21
-21
-20
-20
-20
-20
-19
-19
-19
-19
-19
-19
-18
-19
-18
-18
-18
-17
-17
-17
-17
-17
-17
-16
-17
-16
-16
-16
-16
-15
-15
-15
-15
-14
-14
-14
-15
-14
-14
-13
-14
-14
-13
-13
-12
-12
-12
-11
-11
-10
-8
-8
-7
-5
-4
-3
-2
0
1
2
3
4
5
6
7
8
9
10
11
11
12
13
13
13
14
14
14
14
1000
15
15
15
14
14
13
13
13
13
12
11
11
10
9
9
8
7
6
5
4
3
3
1
1
0
-1
-3
-4
-4
-5
-6
-7
-8
-8
-9
-10
-11
-11
-12
-12
-14
-14
-15
-15
-16
-16
-17
-17
-17
-18
-18
-19
-19
-20
-19
-20
-20
-20
-20
-21
-20
-21
-21
-21
-21
-21
-21
-21
-21
-21
-21
-21
-21
-20
-21
-20
-20
-20
-20
-20
-19
-20
-19
-19
-19
-19
-19
-18
-18
-18
-18
-18
-17
-18
-17
-17
-17
-16
-16
-16
-16
-15
-16
-15
-16
-15
-15
-15
-15
-14
-14
-15
-14
-14
-14
-14
-13
-14
-13
-14
-14
-13
-14
-13
-13
-13
-12
-11
-11
-10
-9
-8
-7
-6
-5
-4
-2
-1
0
1
2
3
5
6
7
8
9
9
10
11
12
12
12
13
13
1000
14
14
14
13
14
14
14
14
13
13
12
11
11
11
10
10
9
9
7
6
6
5
4
3
2
2
1
0
-2
-3
-3
-4
-5
-6
-7
-8
-8
-9
-10
-10
-11
-11
-12
-13
-13
-14
-15
-15
-16
-16
-17
-17
-17
-18
-18
-19
-19
-19
-20
-20
-20
-20
-21
-20
-21
-21
-20
-21
-21
-21
-21
-21
-21
-21
-20
-21
-21
-21
-21
-21
-21
-20
-21
-20
-20
-20
-20
-20
-19
-20
-19
-19
-19
-18
-19
-18
-18
-18
-18
-18
-17
-17
-17
-17
-17
-17
-16
-16
-16
-16
-15
-15
-15
-15
-15
-14
-14
-15
-14
-14
-14
-14
-14
-13
-13
-13
-13
-13
-12
-12
-11
-10
-9
-8
-7
-7
-5
-3
-2
-1
0
1
3
4
5
6
7
8
9
10
11
12
13
13
14
15
15
1000
16
16
16
16
16
16
16
16
15
15
15
15
14
14
13
13
12
12
11
10
9
8
8
7
7
4
4
3
2
1
0
0
-2
-3
-4
-5
-5
-6
-7
-8
-9
-9
-10
-11
-11
-12
-12
-13
-14
-14
-15
-16
-16
-17
-17
-18
-18
-18
-18
-19
-19
-20
-19
-20
-20
-20
-20
-21
-20
-21
-20
-21
-20
-21
-21
-21
-21
-21
-20
-21
-20
-20
-20
-20
-20
-20
-20
-19
-20
-19
-20
-19
-19
-19
-19
-19
-19
-18
-19
-18
-18
-18
-19
-18
-17
-18
-17
-18
-17
-17
-17
-17
-16
-17
-16
-17
-16
-16
-15
-16
-15
-15
-15
-15
-15
-14
-15
-14
-14
-13
-13
-14
-13
-13
-12
-12
-12
-11
-10
-10
-8
-7
-7
-4
-3
-2
-1
0
3
4
5
6
7
8
9
10
11
12
12
13
14
14
15
15
16
1000
17
16
17
17
17
17
17
17
17
16
16
16
15
14
14
14
14
12
12
11
10
9
8
8
7
6
5
4
3
2
2
1
-1
-2
-3
-3
-4
-5
-5
-6
-8
-9
-9
-10
-10
-11
-11
-12
-13
-13
-14
-14
-15
-15
-16
-16
-17
-18
-17
-18
-18
-19
-18
-18
-19
-18
-19
-19
-19
-19
-20
-19
-19
-19
-19
-19
-19
-19
-19
-19
-19
-19
-19
-19
-19
-19
-19
-19
-19
-19
-19
-19
-19
-19
-19
-19
-19
-19
-19
-19
-19
-19
-19
-19
-20
-19
-19
-19
-19
-19
-18
-19
-18
-18
-18
-18
-17
-18
-17
-18
-17
-18
-17
-17
-17
-17
-16
-16
-16
-16
-15
-16
-15
-15
-15
-14
-14
-13
-13
-12
-11
-10
-9
-8
-6
-5
-3
-2
-1
1
3
4
5
6
7
8
9
10
11
12
12
13
14
14
15
15
16
16
1000
16
17
17
16
16
16
16
16
16
15
15
15
14
14
13
12
12
11
11
9
8
8
7
6
5
4
4
2
2
1
0
-1
-2
-3
-3
-4
-5
-6
-6
-7
-8
-8
-9
-10
-10
-11
-11
-13
-13
-14
-14
-13
-14
-15
-15
-16
-16
-16
-17
-16
-16
-17
-18
-17
-18
-18
-18
-18
-18
-18
-18
-18
-18
-18
-18
-18
-18
-18
-17
-18
-18
-18
-17
-18
-17
-18
-17
-18
-17
-18
-17
-18
-17
-17
-18
-17
-18
-17
-18
-17
-18
-18
-18
-18
-18
-18
-18
-18
-19
-18
-19
-18
-19
-18
-18
-18
-18
-18
-18
-17
-18
-17
-18
-17
-17
-17
-17
-16
-17
-17
-16
-16
-15
-15
-13
-13
-13
-11
-10
-9
-7
-6
-5
-3
-1
-1
1
2
4
5
6
7
8
9
9
10
11
11
12
12
13
13
14
14
14
14
14
1000
15
15
15
15
15
14
14
13
13
13
13
11
11
10
10
9
8
7
6
6
5
4
4
3
2
1
0
0
-1
-1
-2
-4
-4
-5
-6
-6
-7
-7
-8
-8
-10
-10
-10
-11
-12
-12
-12
-13
-13
-14
-14
-14
-14
-14
-15
-15
-15
-15
-15
-16
-16
-15
-16
-16
-15
-16
-16
-15
-16
-16
-16
-16
-16
-16
-16
-16
-16
-16
-16
-16
-16
-16
-16
-16
-16
-16
-16
-16
-16
-16
-16
-16
-16
-17
-16
-17
-16
-17
-17
-17
-17
-17
-17
-17
-17
-18
-17
-18
-17
-18
-17
-18
-18
-18
-18
-17
-17
-17
-18
-17
-17
-16
-16
-16
-15
-15
-13
-12
-12
-10
-9
-8
-6
-5
-4
-3
0
1
2
3
4
5
6
7
8
9
9
10
11
11
12
12
13
13
13
1000
14
14
14
14
14
14
13
13
13
13
13
13
12
12
11
10
9
9
8
8
8
7
5
5
4
4
3
2
2
0
0
-1
-1
-2
-2
-3
-4
-5
-6
-6
-7
-7
-7
-8
-8
-9
-10
-10
-11
-11
-11
-12
-12
-12
-12
-12
-13
-13
-13
-14
-13
-14
-14
-15
-15
-14
-15
-15
-14
-14
-15
-15
-15
-15
-15
-15
-15
-15
-15
-15
-15
-15
-15
-15
-15
-16
-15
-16
-15
-16
-15
-16
-15
-16
-16
-16
-16
-16
-16
-16
-17
-16
-17
-16
-17
-17
-17
-18
-17
-18
-17
-18
-17
-17
-17
-18
-18
-18
-18
-18
-18
-17
-18
-18
-18
-18
-18
-18
-18
-17
-18
-18
-17
-17
-16
-16
-14
-13
-13
-11
-10
-9
-7
-6
-4
-2
-1
0
1
2
4
5
6
7
7
8
9
9
10
11
12
12
13
13
13
1000
13
14
14
14
14
14
14
14
14
14
14
12
12
12
11
11
11
11
9
9
8
8
7
6
6
4
4
3
3
3
2
0
0
-1
-1
-2
-2
-3
-4
-4
-4
-5
-5
-6
-7
-8
-8
-8
-9
-9
-10
-10
-10
-10
-11
-11
-11
-11
-12
-11
-12
-12
-12
-13
-13
-12
-12
-13
-13
-13
-13
-14
-13
-13
-14
-14
-14
-14
-14
-14
-15
-14
-15
-14
-15
-14
-15
-15
-14
-15
-15
-15
-16
-15
-16
-15
-16
-15
-16
-16
-16
-16
-16
-17
-16
-17
-16
-17
-17
-17
-17
-17
-17
-17
-18
-18
-17
-18
-17
-18
-17
-18
-18
-18
-18
-18
-19
-18
-18
-18
-18
-18
-18
-17
-17
-17
-16
-16
-15
-14
-13
-12
-11
-9
-8
-7
-5
-4
-3
-1
0
1
2
3
5
6
6
7
8
8
9
9
10
10
11
11
11
11
1000
12
12
12
12
12
12
12
12
12
12
12
12
11
10
10
10
10
9
8
8
7
6
5
5
4
4
3
3
1
0
0
-1
-1
-2
-2
-3
-4
-4
-5
-5
-5
-5
-6
-6
-7
-8
-8
-9
-9
-9
-10
-10
-10
-10
-11
-11
-10
-11
-11
-11
-12
-12
-11
-12
-12
-12
-12
-12
-12
-12
-12
-12
-12
-13
-12
-12
-13
-12
-12
-13
-12
-13
-13
-12
-13
-12
-13
-13
-13
-13
-13
-13
-13
-13
-14
-14
-14
-14
-14
-14
-15
-14
-15
-14
-15
-15
-15
-15
-14
-15
-15
-15
-16
-16
-15
-16
-15
-16
-17
-16
-17
-16
-17
-16
-16
-17
-16
-16
-15
-15
-15
-14
-13
-12
-11
-10
-9
-7
-6
-5
-4
-2
-2
-1
0
1
3
3
4
5
5
6
6
7
8
9
9
9
9
9
1000
10
10
10
10
10
10
10
10
10
9
9
9
8
7
7
6
6
6
5
4
4
4
3
3
2
1
1
0
0
-1
-2
-3
-3
-3
-4
-5
-5
-5
-6
-6
-7
-7
-7
-8
-8
-8
-8
-9
-9
-9
-9
-10
-10
-11
-11
-11
-12
-12
-11
-11
-12
-12
-12
-11
-12
-12
-13
-12
-12
-13
-13
-12
-13
-13
-12
-12
-13
-13
-13
-13
-13
-13
-12
-13
-14
-13
-13
-13
-13
-14
-13
-14
-13
-14
-14
-14
-14
-13
-14
-15
-14
-14
-15
-14
-15
-14
-15
-15
-15
-15
-15
-15
-16
-15
-15
-15
-16
-16
-16
-16
-16
-16
-16
-16
-16
-15
-15
-15
-14
-14
-13
-12
-11
-10
-8
-8
-7
-5
-4
-3
-2
-1
1
2
3
4
4
5
6
8
8
9
9
10
10
11
11
11
11
11
1000
12
12
12
12
12
11
11
11
11
11
11
11
10
10
10
9
8
7
7
7
6
6
5
4
3
2
2
1
0
0
-1
-1
-2
-2
-4
-4
-4
-5
-5
-5
-5
-6
-6
-7
-7
-8
-8
-9
-9
-9
-10
-10
-10
-10
-11
-11
-10
-10
-10
-11
-11
-11
-10
-11
-11
-11
-12
-11
-11
-12
-12
-11
-12
-12
-12
-12
-12
-12
-12
-12
-12
-12
-13
-12
-13
-12
-12
-13
-13
-13
-14
-13
-13
-13
-13
-14
-13
-14
-13
-14
-14
-13
-14
-15
-14
-15
-14
-15
-15
-14
-15
-16
-15
-16
-15
-16
-16
-15
-16
-16
-16
-16
-15
-15
-16
-15
-15
-14
-14
-14
-13
-12
-12
-10
-9
-8
-7
-6
-5
-4
-2
-2
0
1
1
3
4
5
5
6
6
7
7
8
8
9
9
9
1000
10
10
10
10
10
9
9
9
9
9
9
9
9
9
9
8
8
8
8
7
6
5
5
4
4
3
3
2
2
1
1
0
-1
-1
-2
-2
-3
-3
-3
-4
-4
-4
-5
-6
-6
-7
-7
-7
-8
-8
-8
-8
-9
-9
-9
-9
-9
-10
-10
-9
-10
-10
-10
-11
-11
-10
-10
-10
-11
-11
-10
-11
-11
-10
-11
-11
-11
-11
-11
-11
-11
-11
-12
-11
-11
-12
-12
-12
-12
-12
-12
-12
-12
-12
-13
-12
-12
-13
-12
-13
-13
-12
-13
-13
-12
-13
-13
-13
-13
-13
-13
-13
-13
-13
-14
-13
-13
-14
-14
-14
-14
-14
-14
-14
-14
-14
-13
-14
-14
-13
-14
-14
-13
-12
-12
-11
-10
-10
-9
-7
-6
-5
-5
-3
-2
-1
-1
0
2
2
3
3
4
4
5
6
6
7
7
8
8
8
9
9
9
9
9
1000
9
9
9
9
9
8
8
7
7
7
7
6
6
6
5
5
4
4
3
3
3
2
2
0
0
-1
-1
-2
-2
-2
-3
-3
-4
-4
-4
-4
-5
-5
-5
-6
-7
-7
-7
-7
-7
-8
-8
-8
-9
-8
-8
-8
-8
-9
-9
-9
-9
-9
-10
-9
-9
-9
-10
-10
-9
-10
-10
-10
-10
-10
-10
-10
-9
-10
-10
-10
-10
-10
-11
-10
-10
-11
-10
-11
-11
-10
-11
-11
-10
-11
-11
-11
-11
-12
-11
-11
-12
-12
-12
-12
-13
-12
-13
-13
-12
-13
-13
-12
-13
-13
-13
-13
-14
-13
-14
-14
-13
-14
-14
-13
-13
-14
-13
-12
-13
-11
-11
-10
-9
-8
-7
-6
-5
-3
-2
-2
-1
0
1
2
2
3
3
4
4
5
5
6
7
7
7
1000
8
8
8
8
8
8
8
8
8
8
8
8
7
7
7
7
7
6
6
5
4
4
4
3
3
2
2
2
1
1
0
0
-1
-1
-2
-2
-2
-3
-3
-4
-5
-5
-5
-6
-6
-6
-6
-6
-7
-7
-7
-7
-7
-8
-8
-8
-8
-8
-9
-9
-8
-8
-9
-9
-9
-9
-9
-9
-9
-9
-9
-9
-9
-10
-10
-10
-9
-10
-10
-9
-9
-10
-10
-10
-10
-10
-10
-10
-10
-11
-10
-11
-11
-11
-11
-11
-11
-12
-12
-11
-12
-12
-12
-12
-12
-12
-12
-13
-13
-13
-13
-13
-13
-13
-13
-13
-13
-14
-13
-14
-14
-14
-14
-14
-14
-14
-14
-14
-14
-14
-13
-14
-13
-12
-12
-12
-10
-9
-8
-7
-6
-5
-4
-3
-1
-1
0
1
1
2
3
5
5
5
6
6
7
7
7
7
8
8
8
8
1000
9
9
9
9
9
9
9
9
9
9
9
9
8
8
8
8
6
6
5
5
5
4
4
4
3
3
2
2
0
0
0
-1
-1
-1
-1
-2
-3
-2
-4
-4
-4
-4
-5
-5
-5
-6
-6
-6
-7
-7
-7
-7
-7
-8
-8
-8
-8
-8
-9
-9
-8
-9
-9
-9
-10
-10
-9
-9
-9
-10
-10
-9
-10
-10
-10
-10
-10
-10
-11
-10
-10
-11
-10
-11
-11
-10
-11
-11
-11
-11
-11
-12
-11
-11
-12
-11
-11
-12
-12
-12
-13
-12
-12
-13
-12
-12
-13
-12
-13
-13
-13
-13
-14
-13
-13
-14
-13
-13
-14
-13
-14
-14
-13
-14
-14
-14
-14
-14
-13
-13
-13
-12
-12
-11
-10
-9
-9
-8
-6
-5
-4
-3
-2
-1
0
0
1
2
3
4
4
5
5
5
6
6
6
6
7
7
8
8
1000
9
9
9
8
8
8
8
8
8
8
8
7
7
7
7
7
6
6
5
5
5
4
3
2
2
1
1
1
0
0
-1
-1
-1
-2
-2
-2
-3
-3
-4
-4
-4
-4
-4
-5
-5
-5
-5
-5
-5
-6
-6
-6
-6
-7
-7
-7
-7
-8
-8
-8
-8
-8
-8
-8
-8
-9
-8
-9
-8
-9
-9
-9
-8
-9
-9
-10
-9
-9
-10
-10
-9
-9
-10
-10
-9
-10
-10
-10
-10
-10
-11
-10
-10
-11
-10
-10
-11
-11
-11
-11
-11
-11
-11
-12
-11
-12
-12
-13
-12
-12
-13
-12
-12
-12
-12
-12
-13
-13
-12
-12
-12
-12
-11
-11
-10
-9
-8
-8
-7
-5
-5
-4
-4
-3
-1
-1
0
0
1
1
3
3
3
4
4
4
5
5
5
6
6
6
6
6
6
6
1000
7
7
7
6
6
6
6
5
5
4
4
4
3
3
3
3
2
1
2
1
0
0
0
0
-1
-1
-1
-2
-2
-2
-2
-3
-3
-4
-4
-4
-5
-5
-5
-5
-6
-6
-6
-6
-6
-7
-7
-7
-7
-7
-7
-8
-8
-8
-9
-9
-8
-8
-9
-9
-9
-9
-8
-9
-9
-9
-9
-9
-9
-10
-10
-9
-9
-10
-9
-9
-9
-10
-9
-10
-10
-10
-10
-10
-10
-10
-10
-10
-10
-10
-11
-11
-10
-11
-11
-10
-11
-11
-12
-11
-11
-12
-11
-12
-12
-11
-12
-12
-12
-12
-12
-13
-12
-12
-13
-12
-12
-12
-12
-12
-12
-12
-11
-10
-10
-9
-7
-7
-6
-5
-4
-3
-2
-2
-1
0
1
1
2
2
3
3
4
4
6
6
6
6
6
1000
7
7
7
7
7
7
7
7
7
7
7
7
7
7
7
7
7
6
6
6
4
4
4
3
3
3
2
2
1
1
1
1
0
0
0
-1
-1
-2
-3
-3
-4
-4
-4
-5
-5
-5
-5
-6
-6
-6
-6
-6
-6
-7
-7
-7
-7
-7
-7
-7
-7
-7
-7
-7
-7
-8
-8
-8
-8
-7
-8
-8
-8
-8
-8
-8
-8
-9
-9
-8
-8
-9
-9
-9
-9
-9
-10
-9
-10
-10
-9
-9
-10
-10
-10
-10
-11
-10
-10
-11
-11
-10
-11
-11
-11
-11
-11
-12
-11
-11
-12
-11
-11
-12
-12
-11
-12
-12
-12
-12
-12
-13
-12
-12
-13
-12
-12
-12
-11
-12
-11
-11
-10
-10
-9
-8
-7
-6
-6
-5
-3
-3
-2
-1
-1
1
1
2
2
2
3
3
4
4
5
5
6
6
6
6
6
1000
6
6
6
6
6
6
6
6
6
5
5
5
5
5
5
4
4
4
3
3
3
3
2
2
2
1
1
0
-1
-1
-2
-2
-2
-2
-3
-3
-3
-3
-3
-4
-4
-4
-4
-4
-5
-5
-5
-5
-6
-6
-6
-6
-7
-7
-7
-7
-8
-8
-8
-7
-7
-8
-8
-8
-8
-8
-8
-8
-8
-9
-9
-8
-8
-8
-9
-8
-8
-9
-9
-9
-9
-9
-10
-9
-9
-10
-10
-10
-10
-10
-11
-10
-10
-10
-10
-10
-10
-11
-10
-11
-11
-10
-11
-11
-11
-10
-11
-11
-11
-10
-11
-11
-11
-11
-11
-12
-11
-11
-11
-11
-11
-11
-10
-11
-11
-11
-10
-11
-11
-10
-10
-10
-10
-9
-9
-9
-8
-6
-6
-5
-4
-4
-2
-2
-1
-1
0
1
