0
0
0
0
0
0
0
0
0
0
0
0
0
0
0
0
0
0
0
0
0
0
0
0
0
0
0
0
0
0
0
0
0
0
0
0
0
0
0
0
0
0
0
0
0
0
0
0
0
0
0
0
0
0
0
0
0
0
0
-8740
-8740
-8739
-8739
-8739
-7647
-7647
-6555
-6555
-6555
-6556
-6555
-5463
-5463
-4371
-4371
-3278
-3278
-2187
-2186
-2185
-1094
-1093
-1094
-1
-2
-2
-2
-2
-2
-2
0
0
0
0
0
0
0
0
0
0
0
0
0
0
0
0
0
0
0
0
0
0
0
0
0
0
0
0
0
0
0
0
0
0
0
0
0
0
0
0
0
0
0
0
0
0
0
0
0
0
0
0
0
0
0
0
0
0
0
0
-6556
-6556
-6556
-6556
-6555
-6555
-6555
-6555
-6555
-6555
-6555
-6554
-6554
-6554
-5462
-5461
-4370
-4369
-4369
-3277
-3276
-2184
-1092
-1092
0
0
0
0
0
0
0
0
0
0
0
0
0
0
0
0
0
0
0
0
0
0
0
0
0
0
0
0
0
0
0
0
0
0
0
0
0
0
0
0
0
0
0
0
0
0
0
0
0
0
0
0
0
0
0
0
0
0
0
0
0
0
0
0
0
0
0
-2187
-2187
-2187
-2187
-2186
-2186
-2186
-2186
-2186
-2185
-2186
-2185
-2185
-2185
-2185
-2185
-1093
-1092
-1092
0
0
0
0
0
0
0
0
0
0
0
0
0
0
0
0
0
0
0
0
0
0
0
0
0
0
0
0
0
0
0
0
0
0
0
0
0
0
0
0
0
0
0
0
0
0
0
0
0
0
0
0
0
0
0
0
0
0
0
0
0
0
0
0
0
0
0
0
0
0
-3280
-3279
-3279
-3279
-3279
-3279
-3279
-3280
-3279
-3279
-3279
-3279
-2187
-2186
-2186
-2186
-2186
-1094
-1093
-1093
-1
-1
-1
-1
-1
-1
-1
-1
-1
