61
32
64
32
56
52
28
69
16
73
32
44
64
21
77
29
60
40
45
57
37
64
33
68
29
61
53
32
72
21
80
33
52
65
24
77
29
65
40
56
53
44
65
33
73
28
68
52
36
77
20
81
36
57
60
32
80
32
69
40
60
49
49
64
37
76
29
76
49
41
76
25
85
36
65
60
41
77
36
72
40
69
45
57
68
37
77
29
80
48
49
77
25
89
37
69
56
48
76
40
72
44
73
44
64
65
40
81
29
85
45
56
76
32
88
40
73
52
57
72
49
77
45
80
40
76
61
44
84
32
88
45
64
76
40
89
40
76
53
68
64
56
76
44
85
41
81
61
49
88
33
96
45
72
72
45
89
48
80
53
77
61
65
77
48
89
41
89
60
57
88
37
97
49
77
69
56
88
53
85
53
84
57
73
76
49
93
40
96
56
65
88
40
101
52
84
65
65
85
57
85
56
88
53
81
77
53
96
44
101
57
73
85
48
104
53
88
65
76
80
64
88
56
93
52
93
72
61
97
44
104
57
81
85
57
101
57
93
65
85
72
73
88
57
100
53
101
72
68
101
49
109
57
88
80
68
100
60
93
64
93
68
85
89
60
101
52
105
69
76
100
52
112
60
92
73
77
92
68
96
65
100
61
93
84
64
105
53
112
65
85
96
57
112
61
97
73
88
88
77
97
64
105
60
104
81
69
109
53
113
65
92
92
68
109
68
104
73
97
80
88
97
69
108
61
113
77
81
109
57
121
68
101
85
81
105
73
105
72
105
73
100
96
73
116
60
120
77
92
105
64
121
73
108
84
96
100
85
108
77
112
72
113
93
81
120
65
125
77
101
101
77
120
76
113
84
108
89
97
108
77
120
72
121
88
92
120
69
129
77
109
97
89
117
85
116
84
116
84
109
104
81
125
73
128
85
101
117
76
132
81
116
92
105
109
92
117
84
124
80
124
101
88
129
72
136
85
113
112
89
129
88
120
93
116
100
105
116
89
128
81
132
96
100
128
77
140
89
120
104
104
124
96
125
92
128
93
120
113
92
136
80
140
96
113
124
89
141
93
129
101
120
116
109
125
96
136
89
136
108
101
137
85
148
96
124
117
104
137
97
132
100
132
104
121
124
100
140
88
144
104
116
137
92
148
97
132
112
121
128
108
137
101
140
100
136
120
104
144
92
152
104
128
129
104
149
104
141
108
136
116
125
136
104
148
97
152
116
117
144
96
156
104
141
121
121
140
113
144
109
145
109
140
132
112
153
100
157
112
132
140
109
156
109
145
117
141
128
128
145
113
152
105
156
124
121
156
101
165
112
145
132
125
152
117
152
117
152
120
144
140
116
161
105
165
121
136
153
112
168
117
152
128
144
141
129
153
120
161
116
160
136
128
164
108
173
121
152
141
129
164
124
157
124
157
129
149
153
124
168
116
173
129
141
161
116
177
125
161
137
148
153
136
161
128
168
125
168
144
133
172
116
180
129
157
153
133
172
132
168
133
165
140
156
160
133
176
121
181
137
149
168
125
181
133
169
145
157
161
144
168
136
177
132
177
153
144
181
124
188
137
168
160
145
177
141
176
141
173
145
168
165
141
184
129
189
145
161
176
137
189
141
177
149
169
161
156
176
145
185
136
188
157
153
185
132
197
145
177
161
160
181
152
185
149
184
149
181
169
149
192
137
200
152
173
177
148
197
149
188
157
180
165
172
181
153
196
145
197
160
169
192
145
205
153
189
168
173
185
165
192
156
197
153
193
173
161
200
145
208
157
189
180
164
201
161
197
164
196
165
189
189
160
205
152
212
165
184
196
157
212
164
200
173
192
184
180
197
164
208
157
212
176
177
208
157
217
164
201
184
185
201
176
204
172
208
168
205
192
173
217
157
221
172
201
196
176
217
173
212
177
208
184
201
205
176
221
168
225
180
196
212
169
229
176
213
185
204
201
193
213
181
221
173
224
193
192
225
169
232
181
217
196
197
216
188
220
185
224
181
220
204
189
228
176
236
184
217
209
192
232
189
224
193
224
193
216
217
189
236
181
241
192
212
225
188
240
192
229
197
224
209
209
228
193
237
185
241
205
209
237
185
249
196
229
209
221
225
208
233
200
240
197
241
217
209
244
188
252
201
236
221
217
241
205
240
205
244
204
240
228
209
249
193
256
204
236
232
209
253
209
245
212
244
216
233
237
208
256
200
261
212
232
245
208
260
209
248
217
244
228
232
244
212
257
205
264
220
233
253
208
269
213
252
225
241
241
228
252
217
260
212
264
232
229
265
208
273
221
256
233
241
252
229
260
225
264
220
264
240
232
269
212
276
225
257
244
240
265
229
265
229
268
228
261
249
233
277
216
280
228
261
253
236
273
232
272
236
268
237
261
260
236
280
224
285
237
260
265
236
284
236
273
241
273
245
260
268
237
284
228
288
241
261
273
237
289
241
281
249
276
257
261
276
244
289
233
293
252
265
284
240
296
244
284
256
276
265
264
281
249
292
241
296
256
265
288
240
304
249
289
260
277
273
264
289
253
296
245
301
265
268
297
244
308
252
292
265
281
284
268
292
257
300
252
304
272
269
301
249
313
257
296
272
280
289
269
300
264
304
257
308
277
276
309
253
317
264
300
281
285
296
273
304
268
309
265
309
285
276
313
257
324
269
305
284
289
304
276
308
273
313
268
316
288
280
321
260
328
272
309
292
293
312
284
317
277
320
276
321
296
285
325
269
333
277
316
297
297
316
288
320
284
324
280
324
301
293
329
273
340
284
320
300
305
321
293
325
289
332
285
332
305
300
336
280
345
292
329
308
313
325
301
332
296
337
292
340
309
305
340
284
353
297
333
313
321
329
308
337
300
344
296
345
312
313
348
293
356
301
341
313
328
329
316
344
304
349
300
352
316
324
349
297
360
308
349
320
337
333
325
348
312
357
305
360
321
332
353
308
369
313
356
325
349
332
336
349
316
364
308
369
324
341
356
316
373
321
360
328
356
333
348
353
324
373
312
376
328
352
357
328
376
325
369
332
365
333
360
356
333
377
317
385
332
361
357
337
376
336
373
337
373
333
369
357
340
385
325
389
336
372
356
352
376
345
380
341
381
336
385
356
349
389
329
396
341
381
357
365
372
357
385
348
392
341
397
357
364
393
340
405
349
392
361
381
373
368
389
353
401
345
404
360
381
392
353
409
356
400
361
397
368
389
388
361
408
349
417
361
392
385
369
408
365
404
365
405
364
405
385
373
416
353
424
368
404
385
389
401
380
409
373
417
368
421
384
392
417
364
428
372
417
384
408
393
396
412
376
428
368
432
381
409
412
381
433
381
425
389
425
389
417
408
389
436
373
441
385
421
404
404
428
393
429
392
436
385
437
405
404
437
381
449
392
433
404
425
417
413
432
397
448
389
452
404
425
433
401
452
401
444
405
441
408
436
428
409
456
393
461
404
441
424
425
445
413
449
408
456
405
456
424
428
456
405
469
413
457
424
449
432
441
452
416
469
408
473
420
452
448
428
468
424
464
424
465
424
465
444
433
473
413
485
424
468
441
453
456
444
469
428
477
424
484
437
456
468
432
484
432
476
440
476
440
469
464
440
489
428
497
437
476
456
464
476
452
484
445
493
437
496
452
465
489
440
504
445
493
453
489
460
480
481
452
504
441
508
452
489
472
472
493
461
497
457
504
453
508
469
476
504
452
516
457
504
468
500
476
492
496
465
516
452
524
464
504
488
485
509
473
513
472
517
464
521
481
493
517
465
529
473
516
481
516
485
508
509
481
532
465
536
480
517
500
501
520
492
524
484
533
476
536
493
509
529
485
544
488
537
496
533
496
532
520
501
548
484
557
492
537
509
528
524
513
537
497
552
492
556
504
533
529
512
552
504
548
505
552
504
553
521
525
553
500
568
508
553
516
552
521
541
540
516
565
500
572
512
556
532
540
549
529
560
517
568
513
576
524
553
553
528
573
525
572
529
572
524
576
541
545
577
521
589
528
577
537
573
544
564
564
537
589
524
597
536
577
552
564
568
553
581
537
592
532
596
545
576
573
552
592
548
592
549
592
541
596
560
568
596
544
608
549
597
556
596
561
592
580
561
609
544
616
556
601
568
592
584
581
597
561
616
553
621
565
604
585
581
608
572
612
568
620
561
625
576
600
608
576
629
576
624
581
624
577
625
597
593
632
573
644
580
628
592
624
596
616
617
589
640
573
648
584
633
601
620
616
609
632
592
645
581
652
593
632
616
612
637
605
640
596
649
593
653
605
632
636
605
656
604
653
608
652
604
656
624
629
657
604
672
609
660
616
656
620
653
641
624
672
605
681
617
664
629
656
640
648
656
624
680
612
685
624
665
641
653
660
641
672
629
685
621
689
633
668
656
648
677
640
680
637
689
633
692
644
668
677
645
697
641
689
645
692
641
696
660
668
692
641
708
645
696
653
697
653
696
676
664
708
645
717
653
704
665
700
668
692
689
665
717
648
725
661
708
677
704
689
693
708
673
728
660
737
673
720
692
705
705
696
720
677
736
668
740
680
721
701
705
721
696
729
685
741
676
745
688
725
713
704
736
696
736
689
744
685
753
697
728
725
704
745
701
744
697
749
693
757
709
733
741
709
760
704
753
708
757
705
764
721
736
752
713
769
713
764
717
764
716
769
729
740
764
717
780
717
769
724
773
724
773
741
745
773
720
789
724
777
732
780
733
780
749
753
784
729
797
732
784
740
784
741
785
760
757
792
733
804
737
793
749
793
749
792
768
764
801
741
813
745
801
757
800
757
800
776
772
808
748
821
753
808
765
808
765
808
781
780
816
757
829
764
817
772
816
773
816
789
788
825
769
840
776
828
785
828
784
832
800
804
836
781
849
784
840
793
840
792
840
808
812
840
789
856
792
844
796
848
797
848
813
824
848
796
860
801
853
805
856
800
860
817
832
848
808
865
809
860
812
864
808
869
820
844
853
820
873
816
868
820
873
813
881
828
857
857
837
876
828
877
825
884
820
893
833
872
857
849
877
845
885
833
893
829
900
840
884
861
869
876
857
888
841
905
833
913
845
893
864
885
873
873
892
852
912
841
920
852
904
865
900
873
892
892
868
920
848
929
857
916
869
913
869
912
888
885
921
864
933
869
925
876
924
872
929
888
905
917
880
936
877
933
880
937
876
945
888
921
912
904
933
897
936
888
949
880
960
893
944
917
932
933
924
948
905
968
896
977
905
961
920
957
924
952
944
924
972
905
984
913
972
920
969
920
972
937
948
969
921
984
924
976
924
981
920
989
933
969
957
949
976
940
980
929
992
921
1000
932
984
952
973
964
968
980
945
1005
929
1012
940
1000
953
997
957
997
973
973
1008
948
1020
953
1012
957
1012
957
1020
968
997
996
976
1013
969
1017
964
1028
956
1036
969
1020
988
1009
1000
997
1012
976
1037
964
1045
973
1032
985
1028
985
1028
1001
1005
1033
981
1048
981
1040
984
1044
981
1053
993
1033
1020
1013
1037
1004
1045
992
1060
985
1065
993
1052
1012
1045
1017
1037
1037
1012
1064
996
1077
1001
1064
1012
1065
1009
1068
1021
1045
1053
1025
1068
1021
1069
1013
1080
1009
1088
1020
1072
1040
1060
1049
1053
1065
1032
1092
1020
1105
1033
1096
1044
1097
1048
1100
1061
1076
1092
1056
1108
1052
1105
1048
1112
1044
1120
1052
1105
1073
1092
1085
1084
1100
1065
1125
1049
1132
1057
1121
1069
1116
1068
1121
1081
1100
1109
1076
1125
1072
1125
1068
1132
1060
1140
1069
1125
1088
1116
1096
1112
1112
1089
1140
1069
1153
1076
1141
1084
1145
1084
1149
1096
1132
1120
1112
1141
1104
1145
1093
1161
1085
1169
1096
1156
1109
1153
1112
1153
1129
1128
1157
1108
1172
1105
1165
1108
1173
1104
1181
1113
1165
1132
1152
1141
1145
1160
1124
1181
1108
1193
1117
1181
1125
1180
1120
1189
1132
1165
1157
1148
1176
1141
1180
1129
1196
1117
1204
1129
1192
1141
1189
1144
1189
1157
1168
1185
1145
1201
1144
1200
1141
1209
1133
1217
1145
1200
1161
1193
1168
1188
1184
1168
1212
1149
1224
1152
1213
1156
1221
1152
1225
1160
1208
1180
1197
1196
1189
1208
1173
1233
1160
1244
1169
1237
1180
1241
1181
1253
1197
1236
1221
1221
1240
1213
1248
1201
1269
1189
1277
1196
1264
1208
1260
1205
1264
1216
1245
1241
1228
1260
1220
1264
1208
1281
1200
1288
1208
1272
1221
1273
1221
1273
1228
1253
1257
1232
1273
1228
1273
1216
1288
1209
1297
1217
1281
1228
1280
1232
1285
1244
1261
1269
1245
1289
1241
1289
1232
1305
1224
1313
1232
1301
1248
1297
1248
1301
1260
1281
1285
1264
1305
1261
1305
1248
1321
1240
1329
1252
1316
1260
1317
1261
1321
1272
1300
1297
1284
1313
1277
1317
1264
1337
1256
1345
1264
1332
1273
1329
1273
1337
1280
1317
1305
1300
1320
1296
1328
1280
1348
1265
1356
1276
1341
1281
1344
1280
1352
1288
1332
1309
1321
1321
1316
1332
1300
1357
1280
1368
1288
1357
1292
1360
1288
1369
1296
1353
1317
1344
1324
1337
1337
1320
1365
1301
1377
1301
1369
1304
1377
1300
1384
1309
1373
1329
1372
1337
1376
1352
1360
1384
1345
1400
1345
1401
1340
1417
1333
1425
1345
1413
1360
1413
1361
1420
1369
1400
1392
1384
1409
1381
1413
1364
1433
1352
1441
1361
1429
1364
1433
1360
1440
1369
1425
1385
1416
1393
1412
1404
1392
1432
1372
1441
1372
1436
1369
1445
1361
1453
1369
1437
1385
1436
1384
1441
1393
1420
1417
1404
1433
1400
1436
1388
1460
1377
1465
1385
1456
1389
1460
1388
1469
1396
1452
1413
1445
1424
1444
1432
1425
1457
1405
1473
1409
1469
1401
1480
1396
1489
1404
1473
1417
1472
1416
1480
1424
1465
1444
1448
1460
1444
1465
1429
1489
1413
1497
1416
1488
1421
1493
1416
1501
1421
1488
1436
1485
1437
1485
1448
1468
1472
1453
1484
1449
1489
1436
1509
1424
1517
1433
1505
1437
1508
1432
1516
1441
1505
1457
1497
1461
1497
1473
1480
1496
1464
1513
1461
1513
1453
1532
1445
1536
1452
1528
1461
1532
1460
1540
1472
1533
1489
1528
1501
1533
1513
1520
1540
1509
1561
1509
1560
1501
1580
1496
1588
1504
1577
1512
1584
1509
1592
1517
1581
1536
1576
1537
1577
1545
1564
1568
1548
1581
1541
1585
1533
1600
1521
1609
1524
1597
1525
1604
1521
1609
1529
1597
1541
1592
1537
1596
1545
1581
1565
1569
1572
1565
1581
1553
1601
1536
1613
1540
1604
1536
1617
1529
1624
1536
1609
1544
1613
1541
1620
1548
1608
1569
1597
1572
1597
1581
1584
1605
1569
1617
1568
1617
1557
1636
1548
1641
1556
1632
1560
1636
1556
1645
1564
1632
1576
1629
1577
1633
1585
1616
1605
1605
1617
1601
1625
1592
1644
1573
1656
1577
1649
1576
1657
1569
1664
1577
1652
1588
1657
1584
1664
1593
1652
1609
1645
1616
1645
1625
1632
1645
1616
1660
1616
1661
1609
1680
1597
1689
1601
1677
1604
1685
1600
1693
1608
1684
1621
1681
1620
1688
1624
1677
1645
1668
1649
1668
1660
1656
1680
1644
1697
1648
1697
1644
1720
1636
1732
1644
1724
1652
1732
1649
1744
1660
1737
1673
1736
1673
1745
1677
1732
1696
1728
1701
1732
1712
1716
1732
1704
1744
1705
1744
1696
1764
1684
1772
1689
1761
1688
1773
1681
1780
1688
1768
1692
1768
1689
1773
1692
1765
1705
1760
1700
1764
1708
1752
1725
1741
1729
1741
1732
1732
1752
1716
1761
1716
1760
1709
1780
1697
1784
1704
1777
1700
1788
1697
1793
1701
1784
1708
1784
1704
1796
1713
1785
1725
1780
1724
1789
1732
1777
1748
1768
1753
1772
1760
1760
1776
1749
1788
1748
1789
1741
1809
1729
1817
1736
1808
1732
1821
1729
1828
1733
1816
1740
1821
1736
1828
1744
1817
1756
1817
1757
1824
1761
1813
1777
1809
1781
1808
1789
1797
1808
1789
1816
1788
1820
1781
1840
1769
1849
1773
1841
1769
1853
1761
1861
1768
1852
1772
1856
1768
1865
1777
1857
1785
1857
1784
1864
1792
1856
1805
1849
1804
1857
1813
1845
1829
1840
1840
1841
1845
1837
1869
1829
1880
1833
1884
1829
1901
1820
1912
1828
1905
1829
1917
1821
1924
1829
1913
1833
1917
1829
1928
1836
1917
1848
1916
1845
1925
1849
1913
1860
1912
1860
1917
1865
1905
1880
1897
1885
1900
1888
1889
1900
1876
1908
1877
1908
1869
1924
1857
1933
1860
1924
1856
1941
1848
1948
1857
1937
1856
1949
1853
1956
1860
1945
1865
1948
1861
1957
1868
1948
1880
1949
1877
1957
1880
1948
1893
1945
1893
1949
1900
1940
1913
1936
1920
1937
1921
1929
1936
1921
1944
1924
1948
1916
1964
1908
1969
1909
1965
1909
1981
1897
1989
1904
1981
1901
1992
1896
2001
1905
1988
1908
1997
1901
2004
1908
1996
1917
1997
1912
2009
1920
2000
1929
2000
1925
2008
1932
2001
1945
1997
1945
2004
1945
1997
1961
1993
1964
1997
1968
1989
1980
1984
1988
1985
1989
1980
2005
1973
2012
1972
2012
1972
2029
1961
2036
1965
2029
1965
2044
1957
2052
1964
2045
1969
2060
1964
2069
1972
2060
1976
2072
1976
2080
1985
2072
1989
2076
1985
2085
1993
2077
2000
2077
1997
2084
1997
2073
2009
2073
2004
2080
2004
2068
2016
2064
2012
2072
2016
2061
2028
2057
2025
2060
2029
2052
2041
2048
2045
2052
2045
2045
2061
2041
2065
2044
2065
2041
2080
2033
2085
2037
2085
2033
2100
2025
2104
2032
2100
2032
2112
2024
2117
2028
2109
2029
2121
2024
2129
2032
2116
2033
2129
2029
2137
2033
2124
2037
2132
2032
2141
2041
2129
2048
2133
2044
2145
2049
2136
2057
2137
2052
2148
2057
2140
2069
2140
2064
2148
2068
2140
2081
2141
2077
2149
2080
2145
2092
2141
2092
2148
2093
2145
2108
2141
2104
2148
2109
2144
2121
2140
2120
2148
2121
2141
2133
2141
2137
2144
2136
2141
2149
2137
2152
2141
2153
2136
2164
2136
2168
2140
2165
2136
2180
2133
2184
2140
2181
2140
2193
2137
2200
2141
2197
2144
2212
2140
2220
2149
2216
2149
2229
2144
2232
2153
2225
2153
2236
2148
2241
2153
2232
2152
2241
2145
2244
2152
2237
2152
2244
2145
2249
2148
2236
2152
2249
2145
2253
2153
2244
2153
2252
2152
2261
2156
2249
2161
2260
2156
2265
2164
2256
2168
2265
2165
2272
2172
2264
2173
2273
2173
2280
2177
2273
2184
2277
2181
2289
2184
2280
2189
2284
2188
2292
2192
2285
2196
2289
2196
2297
2200
2289
2205
2293
2201
2304
2205
2296
2212
2297
2208
2308
2212
2300
2221
2304
2216
2312
2221
2308
2229
2308
2225
2321
2228
2312
2236
2313
2233
2324
2236
2320
2245
2320
2240
2332
2241
2325
2249
2324
2248
2337
2248
2332
2257
2329
2253
2340
2257
2336
2265
2337
2260
2349
2264
2341
2272
2341
2268
2352
2268
2349
2280
2349
2272
2361
2276
2356
2284
2353
2281
2365
2280
2360
2292
2361
2285
2372
2288
2369
2300
2372
2297
2385
2301
2381
2309
2385
2305
2396
2308
2392
2317
2392
2313
2404
2316
2400
2324
2397
2316
2408
2316
2400
2321
2400
2317
2412
2316
2405
2324
2405
2316
2416
2321
2409
2325
2412
2324
2421
2325
2417
2329
2417
2325
2428
2328
2424
2336
2425
2332
2437
2336
2428
2341
2436
2336
2444
2341
2437
2348
2444
2344
2452
2349
2445
2353
2453
2348
2461
2353
2453
2357
2461
2356
2469
2361
2460
2364
2465
2360
2472
2365
2465
2369
2473
2368
2481
2373
2469
2377
2481
2373
2484
2381
2476
2385
2485
2384
2489
2388
2481
2396
2489
2392
2492
2400
2484
2408
2496
2405
2496
2412
2485
2417
2496
2417
2497
2425
2488
2433
2496
2428
2497
2440
2488
2445
2496
2441
2492
2452
2489
2456
2493
2456
2493
2469
2488
2469
2492
2472
2488
2484
2484
2484
2489
2489
2485
2496
2481
2500
2488
2501
2484
2513
2481
2513
2484
2516
2480
2528
2477
2529
2488
2533
2480
2545
2481
2544
2488
2549
2485
2561
2485
2561
2492
2561
2485
2573
2484
2572
2489
2573
2484
2581
2485
2577
2488
2577
2480
2589
2485
2581
2485
2585
2484
2597
2488
2588
2488
2597
2488
2604
2492
2596
2496
2604
2492
2609
2500
2601
2505
2608
2501
2612
2512
2604
2517
2612
2517
2613
2525
2604
2533
2613
2533
2612
2540
2604
2549
2609
2549
2608
2560
2600
2568
2604
2568
2601
2581
2592
2584
2596
2589
2592
2601
2585
2601
2588
2609
2584
2617
2577
2620
2584
2624
2577
2636
2573
2636
2581
2641
2573
2653
2572
2653
2577
2653
2573
2665
2572
2664
2577
2665
2572
2676
2573
2673
2573
2677
2573
2688
2576
2681
2577
2689
2577
2693
2581
2684
2585
2697
2585
2700
2592
2688
2600
2697
2600
2697
2609
2689
2617
2696
2616
2692
2628
2684
2637
2688
2640
2681
2652
2673
2657
2673
2661
2669
2676
2664
2681
2664
2684
2660
2697
2653
2700
2656
2705
2649
2717
2648
2721
2653
2724
2648
2737
2645
2736
2653
2741
2644
2752
2648
2748
2648
2756
2648
2764
2649
2756
2653
2765
2649
2769
2656
2761
2660
2768
2660
2769
2668
2756
2677
2764
2677
2761
2688
2752
2697
2752
2700
2748
2713
2741
2721
2737
2729
2733
2741
2725
2744
2729
2753
2720
2768
2712
2769
2720
2772
2708
2789
2705
2788
2709
2793
2701
2805
2704
2801
2704
2808
2700
2816
2704
2809
2705
2817
2705
2825
2709
2817
2716
2824
2716
2828
2725
2817
2737
2820
2736
2817
2749
2809
2757
2808
2765
2800
2776
2792
2784
2793
2792
2785
2808
2776
2813
2776
2820
2768
2833
2761
2836
2765
2841
2760
2852
2757
2852
2756
2856
2752
2868
2752
2864
2756
2869
2753
2876
2760
2869
2765
2877
2769
2877
2776
2865
2789
2872
2793
2868
2804
2853
2816
2852
2821
2844
2836
2833
2844
2832
2852
2824
2868
2816
2873
2817
2881
2808
2892
2804
2896
2805
2897
2800
2912
2800
2909
2801
2913
2801
2925
2805
2917
2813
2925
2816
2929
2824
2920
2836
2920
2841
2916
2853
2904
2865
2900
2873
2893
2888
2881
2893
2876
2904
2868
2917
2857
2924
2860
2929
2849
2941
2845
2940
2849
2948
2840
2960
2844
2953
2845
2961
2845
2969
2849
2956
2860
2964
2864
2964
2877
2949
2888
2952
2892
2944
2908
2932
2920
2928
2932
2917
2945
2908
2952
2909
2961
2897
2977
2892
2977
2893
2984
2884
2997
2884
2992
2885
3001
2884
3008
2889
3000
2896
3008
2897
3005
2909
2992
2921
2992
2929
2984
2945
2972
2957
2968
2965
2956
2981
2945
2989
2945
3000
2937
3013
2928
3016
2929
3021
2921
3036
2920
3033
2921
3041
2920
3045
2928
3037
2936
3044
2937
3041
2952
3025
2965
3024
2972
3016
2989
3000
3001
2997
3012
2984
3029
2973
3036
2972
3041
2960
3056
2956
3057
2956
3065
2953
3076
2953
3069
2956
3077
2960
3080
2969
3069
2984
3072
2989
3064
3008
3048
3021
3045
3033
3032
3052
3021
3061
3020
3072
3008
3085
3001
3088
2996
3097
2988
3108
2988
3101
2992
3112
2992
3116
3000
3105
3009
3109
3017
3101
3032
3085
3045
3080
3056
3068
3076
3052
3085
3052
3096
3036
3113
3029
3117
3028
3125
3021
3136
3020
3133
3021
3145
3024
3149
3032
3137
3041
3140
3049
3132
3065
3120
3080
3109
3093
3097
3113
3085
3124
3080
3132
3069
3148
3061
3153
3057
3160
3053
3172
3053
3169
3053
3177
3056
3177
3068
3168
3080
3168
3088
3156
3109
3140
3121
3133
3136
3121
3153
3105
3164
3105
3173
3092
3188
3089
3192
3084
3201
3081
3209
3085
3201
3089
3208
3096
3205
3108
3192
3124
3184
3136
3173
3153
3156
3165
3153
3180
3136
3196
3125
3205
3121
3213
3113
3225
3109
3224
3108
3232
3109
3236
3117
3229
3128
3233
3137
3224
3153
3209
3168
3200
3185
3185
3200
3173
3213
3169
3224
3157
3245
3152
3249
3148
3257
3140
3268
3145
3261
3149
3269
3153
3269
3164
3256
3180
3249
3188
3237
3205
3221
3220
3212
3233
3201
3253
3188
3260
3185
3268
3172
3284
3168
3284
3168
3292
3169
3296
3176
3288
3188
3288
3196
3281
3209
3265
3228
3256
3241
3241
3260
3228
3272
3220
3285
3209
3300
3200
3304
3196
3312
3193
3321
3197
3313
3205
3321
3208
3316
3224
3301
3241
3293
3252
3281
3272
3264
3288
3256
3301
3241
3317
3233
3325
3228
3332
3221
3344
3220
3340
3225
3349
3228
3349
3240
3333
3256
3329
3268
3316
3289
3296
3305
3288
3320
3273
3337
3261
3344
3256
3353
3245
3369
3244
3365
3249
3373
3252
3373
3261
3360
3277
3356
3288
3345
3308
3324
3324
3317
3341
3300
3361
3288
3369
3284
3377
3273
3392
1
1
1
1
1
1
1
1
0
0
0
0
0
0
0
0
0
0
0
0
0
0
0
0
0
0
0
0
-1
-1
-1
-1
-1
-1
-1
-1
-1
-1
-1
-1
-1
0
0
0
0
0
0
0
0
0
0
0
0
0
0
0
0
0
0
0
0
0
0
0
0
0
0
0
0
0
0
0
0
0
0
0
0
0
0
0
0
0
0
1
1
1
1
1
1
1
1
1
1
1
1
1
0
0
0
0
0
0
0
0
0
0
0
0
0
0
0
0
0
1
1
1
1
1
1
1
1
1
1
1
1
1
0
0
0
0
0
0
0
0
-1
0
0
0
0
-1
-1
-1
-1
-1
-1
-1
-1
0
0
0
0
0
1
1
1
1
1
2
2
2
2
2
2
2
2
2
3
3
3
3
2
2
2
2
1
1
1
1
1
0
0
0
0
0
0
0
0
0
0
0
0
0
0
0
0
0
0
0
-1
-1
-1
-1
-1
-1
-1
-1
-1
-1
-1
-1
-1
0
0
0
0
0
0
0
0
1
0
0
0
0
0
0
0
0
0
0
0
0
-1
0
0
0
0
0
0
0
0
0
0
0
0
0
0
0
0
0
0
0
0
0
0
0
0
0
0
1
1
1
1
0
0
1
1
1
1
0
0
0
0
0
0
0
0
0
-1
-1
-1
-1
0
0
0
-1
-1
-1
0
1
1
1
1
1
1
1
1
1
1
1
1
0
0
0
0
0
0
0
0
0
0
0
0
0
0
0
0
0
0
0
0
0
0
1
1
1
1
1
1
1
1
2
2
2
2
2
2
2
2
2
2
2
2
2
1
1
1
1
1
0
0
0
-1
0
-1
-1
-1
-1
-1
-1
-1
-1
-1
-1
-1
0
-1
0
-1
-1
-1
-1
-1
-1
-1
-1
-1
-1
-1
-1
-1
0
0
0
0
0
0
0
0
0
0
0
0
0
0
0
0
0
0
0
0
0
0
0
0
0
0
0
0
0
0
0
0
0
0
0
0
0
0
0
0
1
1
1
1
0
0
0
0
0
0
0
0
0
-1
0
0
0
1
1
1
1
0
1
1
1
1
1
0
0
0
0
0
0
0
1
0
0
0
0
0
0
0
0
0
0
0
0
0
0
0
0
0
0
0
0
0
0
0
0
0
0
0
0
0
0
0
0
0
0
0
1
1
1
1
1
2
2
2
2
3
3
3
3
2
2
2
2
2
1
2
2
2
1
0
0
0
0
-1
0
0
0
0
-2
-2
-2
-2
-1
-1
-1
-2
-1
-2
-2
-2
-2
-1
-1
-1
-1
-1
-1
-1
0
0
0
0
0
0
0
0
0
0
0
0
0
0
0
0
0
0
0
0
0
0
0
0
0
0
0
0
0
0
0
0
0
0
0
0
0
0
0
0
0
0
0
0
0
0
0
0
0
0
0
0
0
0
0
0
0
0
0
0
0
0
0
0
0
0
0
0
0
0
0
0
0
0
0
0
0
0
0
0
0
0
0
0
0
0
0
0
0
0
0
0
0
0
0
0
0
0
0
0
0
0
0
0
0
0
0
0
1
1
1
1
0
1
1
1
1
1
1
2
2
1
2
2
2
4
3
3
3
3
3
3
2
2
2
1
1
1
0
0
0
0
0
-1
-1
-1
-1
-1
-1
-2
-2
-2
-2
-2
-2
-2
-1
-1
-1
-1
-1
-1
-1
-1
-1
-1
-1
-1
-1
0
0
0
0
0
0
1
1
1
1
1
1
0
-1
-1
-1
-1
-1
-1
-1
-1
-1
-1
-1
-1
0
0
0
0
0
0
0
0
0
0
0
-1
0
0
0
0
0
0
0
0
0
-1
-1
-1
1
0
0
0
-1
0
0
0
0
0
1
0
1
0
0
0
0
1
-1
0
0
0
0
0
1
-1
-1
-1
0
0
0
1
0
0
0
0
0
0
1
1
1
0
0
0
0
0
0
0
0
1
1
1
1
1
1
1
1
1
2
2
2
3
2
2
3
3
3
4
4
4
5
4
4
4
3
3
3
2
2
2
1
1
1
0
0
0
0
-1
-1
-1
-1
-1
-1
-1
-2
-2
-2
-2
-2
-2
-1
-1
-2
-2
-2
-2
-2
-2
-2
-2
-2
-2
-2
-2
-2
-1
-1
-1
-1
-2
-1
-1
-1
-1
-1
-1
-1
-1
-1
-1
-2
-2
-1
-1
-1
-1
-1
-1
-1
-1
-1
-1
-1
0
0
0
0
0
0
0
0
0
0
0
0
0
0
0
0
0
0
0
0
0
0
1
1
1
1
1
1
1
1
1
1
1
1
1
0
1
1
1
1
0
0
0
1
1
1
1
1
1
-1
-1
-1
-1
0
0
0
-1
-1
-1
-1
-1
-1
0
0
0
0
0
0
0
0
0
0
0
1
1
1
1
1
2
2
3
3
3
3
3
3
3
3
3
3
3
2
2
1
1
1
1
1
1
0
-1
-1
-1
-1
-1
-1
-2
-2
-2
-2
-2
-2
-2
-2
-2
-2
-2
-2
-2
-1
-1
-1
-1
-1
-1
-2
-1
0
0
0
0
0
0
0
0
0
0
0
1
1
0
0
0
0
0
0
0
0
0
0
0
0
0
0
-1
-1
-1
0
0
0
0
0
0
0
0
0
0
1
1
1
0
0
0
0
1
1
0
0
0
0
0
0
0
0
0
0
0
-1
-1
0
0
0
0
0
0
0
0
0
0
0
0
0
0
0
0
0
0
0
0
0
0
0
0
0
0
0
0
0
0
0
0
0
0
0
0
0
0
0
0
0
0
0
0
0
0
0
0
1
1
1
1
1
2
2
2
2
2
2
3
3
2
3
3
3
3
2
2
2
2
2
2
1
1
0
-1
-1
-1
-1
-1
-1
-2
-2
-2
-2
-2
-2
-1
-1
-1
-1
-2
-2
-2
0
0
0
0
-1
-1
0
0
0
0
1
1
1
0
0
0
0
1
1
0
0
0
0
0
0
0
0
0
0
0
0
0
0
-1
-1
-1
-1
-1
-1
-1
-1
-1
-1
-1
-1
-1
0
0
0
0
0
0
-1
-1
-1
-1
0
0
0
0
0
0
0
0
0
1
1
1
0
-1
-1
-1
-1
-1
-1
0
0
0
0
-1
-1
0
0
0
0
0
0
0
-1
-1
-1
-1
0
0
0
0
0
0
0
0
0
1
1
1
1
1
1
1
1
1
1
2
2
2
1
1
2
2
2
2
3
3
3
3
2
3
3
4
4
4
4
4
4
3
3
3
3
3
2
2
0
0
-1
-1
-1
-1
-2
-2
-2
-2
-2
-3
-3
-2
-2
-3
-3
-3
-3
-2
-3
-3
-3
-3
-2
-2
-2
-2
-2
-2
-2
-2
-2
-1
-1
-1
-1
-1
-1
-1
-1
0
0
0
0
0
0
0
0
0
0
0
0
0
0
0
0
0
0
0
-1
-1
-1
-1
-1
-1
-1
-1
-1
-1
-1
-1
-1
0
0
0
1
1
1
1
0
0
1
1
1
1
1
1
1
0
0
0
0
1
1
0
0
0
0
0
0
0
0
0
0
0
0
0
0
0
0
0
0
0
0
0
0
0
0
0
0
0
0
0
0
0
0
1
1
1
1
1
1
1
1
1
1
1
1
1
0
1
1
2
2
3
3
3
4
4
5
5
5
6
5
5
4
4
3
3
3
2
2
1
1
0
-1
-1
-1
-1
-2
-2
-2
-3
-3
-3
-3
-3
-2
-2
-3
-3
-3
-2
-2
-3
-2
-2
-2
-2
-3
-3
-3
-2
-2
-2
-2
-2
-1
-1
-1
-1
-1
0
0
0
0
0
-1
-1
-1
-1
-1
-1
-1
-1
-1
-1
-1
-1
-2
-1
-1
-1
-1
-1
-1
-1
-1
-1
-1
-1
-1
0
0
0
0
0
0
0
1
1
1
1
1
1
1
1
2
2
2
2
1
0
0
0
0
0
0
0
0
-1
-1
-1
-1
0
0
0
0
0
0
1
1
1
1
1
1
1
1
1
1
1
1
1
-1
-1
-1
-1
0
0
0
0
-1
-1
-1
-1
-1
0
0
0
0
0
0
0
0
1
2
2
2
2
3
3
3
4
3
4
4
4
5
4
5
5
5
5
5
5
4
4
3
3
3
2
2
0
0
0
-2
-2
-2
-2
-2
-3
-3
-3
-3
-3
-3
-3
-3
-2
-2
-3
-3
-3
-2
-3
-3
-3
-3
-2
-2
-2
-3
-2
-1
-1
-1
-2
-1
-1
-1
-1
-1
-1
-1
0
-1
-1
-1
-1
0
0
0
0
0
-1
-1
-1
-1
-1
-1
-1
-1
-1
-1
-1
-1
-1
0
0
0
0
0
0
0
0
0
0
0
0
0
0
0
0
0
0
0
1
1
1
1
1
1
1
1
1
1
1
1
1
0
0
0
0
0
0
0
0
0
0
0
0
0
0
0
0
0
0
0
0
0
0
0
0
0
0
0
0
0
0
0
0
0
0
0
0
0
1
1
1
1
1
1
1
1
1
1
1
1
1
0
0
0
0
1
1
2
2
2
3
3
4
4
5
6
6
6
6
6
5
6
6
5
5
4
4
3
2
2
2
1
0
0
-1
-2
-2
-2
-3
-3
-3
-4
-4
-4
-4
-4
-4
-4
-4
-4
-4
-4
-4
-4
-3
-3
-3
-3
-3
-3
-3
-3
-3
-3
-2
-2
-2
-2
-2
-2
-2
-1
-1
-1
0
-1
0
0
-1
-1
-1
-1
-1
-1
-1
-1
-1
-1
0
-1
-1
0
0
0
0
0
0
0
0
0
0
0
0
0
0
0
0
0
0
0
0
1
1
1
1
0
0
0
0
1
1
1
1
1
0
0
0
0
1
1
1
1
0
0
0
0
1
1
1
1
1
1
1
1
1
1
1
1
1
0
0
0
0
0
0
0
0
0
0
0
0
1
1
1
1
1
1
1
1
1
1
1
0
0
-1
-1
-1
-1
-1
-1
0
0
0
0
0
2
2
2
3
3
4
4
5
4
5
5
6
6
5
6
6
6
6
5
5
4
4
3
3
2
2
2
0
0
-1
-2
-2
-2
-2
-3
-3
-4
-4
-5
-5
-4
-5
-5
-4
-4
-4
-4
-4
-4
-3
-3
-2
-3
-3
-2
-2
-2
-2
-3
-3
-2
-2
-2
-2
-2
-1
-1
-1
-1
-1
-1
-1
-1
-1
-1
-1
-1
-1
-1
-1
-1
-1
-1
-1
0
0
-1
-1
-1
0
0
0
0
0
0
0
0
0
0
1
1
1
0
0
0
0
0
0
0
0
0
0
0
0
1
1
1
1
1
1
1
1
1
1
1
1
1
0
0
0
0
0
1
1
0
0
0
0
0
1
1
1
1
0
0
-1
0
1
1
1
1
1
0
0
0
0
1
1
1
0
0
0
0
1
1
1
1
0
0
0
0
1
1
1
2
2
2
2
2
3
4
4
5
5
5
5
6
5
5
5
6
6
5
6
6
5
5
4
4
3
2
2
1
0
-1
-1
-2
-3
-3
-4
-4
-5
-5
-4
-5
-5
-6
-5
-5
-5
-5
-5
-4
-5
-4
-4
-4
-4
-4
-3
-3
-3
-3
-3
-3
-3
-2
-2
-2
-2
-1
-1
-2
-2
-2
-2
-1
-1
-1
-1
-1
-1
-1
-1
-1
0
0
0
0
-1
0
0
0
0
0
0
-1
-1
-1
0
0
0
1
0
0
0
0
0
0
1
1
1
0
0
0
0
0
0
0
1
1
1
1
1
1
1
1
1
1
1
1
1
0
0
1
1
1
0
0
0
1
1
1
1
0
0
0
-1
-1
-1
0
0
0
-1
-1
0
-1
0
0
0
0
1
1
1
1
1
1
1
0
1
1
2
2
2
2
2
2
3
3
4
4
4
5
6
5
6
6
6
6
7
6
6
6
6
6
5
4
4
3
3
2
2
1
0
0
-1
-1
-2
-2
-3
-3
-4
-4
-4
-5
-5
-5
-6
-6
-7
-6
-6
-5
-6
-5
-5
-6
-5
-5
-4
-3
-4
-3
-3
-3
-3
-2
-2
-2
-1
-1
-1
-1
-1
0
0
0
0
0
0
0
0
0
-1
-1
-1
-1
-1
-1
-1
-1
-1
-1
-1
-1
-1
0
0
0
0
0
0
0
0
0
0
0
0
0
0
0
0
0
1
1
1
1
1
1
1
1
1
1
1
1
1
1
1
1
1
1
1
1
1
1
0
1
1
1
0
-1
0
0
0
0
0
0
0
1
0
0
0
0
1
0
0
0
0
1
1
1
1
1
2
2
3
3
4
4
5
5
5
5
6
7
7
7
8
7
7
7
7
7
7
6
7
6
5
5
4
3
3
2
1
0
-1
-1
-2
-3
-4
-4
-5
-5
-6
-7
-6
-7
-6
-7
-7
-6
-7
-6
-6
-6
-6
-5
-4
-5
-4
-4
-4
-4
-4
-3
-3
-3
-2
-2
-2
-3
-2
-2
-2
-1
-1
-1
-1
-1
-1
-2
-2
-2
-1
-1
-1
-1
-1
-1
-1
-1
-1
-1
0
0
0
0
0
0
0
0
0
0
0
1
1
1
1
1
1
1
1
1
1
2
2
2
1
0
1
1
1
1
1
1
1
1
0
0
0
0
1
0
0
0
0
0
0
0
0
0
1
1
1
1
1
1
1
1
2
2
2
3
3
2
3
4
4
5
6
6
7
7
7
8
8
8
9
9
8
8
8
7
7
6
5
5
4
3
3
2
1
1
0
-1
-1
-2
-2
-3
-3
-4
-4
-4
-5
-6
-6
-6
-6
-7
-7
-7
-6
-7
-6
-7
-7
-7
-6
-7
-6
-6
-6
-5
-5
-5
-4
-4
-4
-4
-3
-3
-2
-3
-3
-2
-2
-2
-2
-2
-3
-2
-2
-2
-2
-2
-1
-1
-1
-1
-1
-1
-1
0
0
0
0
0
0
0
0
0
0
0
0
0
1
1
1
1
1
1
1
1
1
1
2
2
2
1
1
1
1
1
1
1
1
1
1
0
0
1
1
1
1
1
1
1
1
1
1
1
1
1
0
0
0
0
0
1
1
1
2
3
3
4
5
6
6
7
8
9
9
10
11
10
10
11
10
9
8
9
8
8
7
6
5
4
4
4
3
3
3
2
1
1
0
-1
-1
-1
-2
-2
-3
-3
-4
-4
-4
-4
-5
-5
-5
-5
-5
-5
-6
-7
-7
-6
-7
-6
-7
-6
-7
-7
-7
-7
-7
-6
-6
-6
-6
-6
-6
-5
-6
-5
-4
-5
-5
-4
-5
-4
-4
-5
-4
-4
-4
-4
-4
-4
-3
-3
-3
-2
-2
-2
-1
-1
-1
-2
-1
-1
-1
-1
-1
-1
-1
-1
-1
-1
-1
-1
1
1
1
1
1
1
1
1
1
2
2
2
2
2
2
2
2
2
2
2
2
3
2
2
2
2
2
2
2
2
2
2
2
3
2
2
2
2
2
1
1
2
2
3
3
4
4
5
6
7
7
9
10
10
10
11
11
12
11
11
10
10
9
10
8
8
8
7
6
5
4
4
3
4
3
2
1
1
0
0
-1
-1
-1
-2
-2
-2
-4
-4
-4
-4
-5
-5
-5
-5
-5
-6
-5
-6
-6
-6
-6
-6
-7
-6
-7
-7
-6
-7
-6
-7
-6
-7
-6
-7
-6
-5
-6
-5
-6
-6
-6
-6
-5
-6
-5
-5
-5
-5
-5
-4
-5
-4
-4
-4
-4
-4
-3
-3
-3
-2
-2
-2
-3
-2
-2
-2
-1
-1
-1
-1
-1
-1
-1
-1
-1
0
0
0
0
0
0
0
0
0
0
0
1
1
1
1
1
1
1
1
1
2
2
2
2
2
2
2
2
2
2
3
3
3
2
2
2
3
2
2
2
2
2
2
1
2
2
2
2
2
1
1
1
1
1
2
2
2
1
2
2
3
4
4
5
6
7
7
7
8
10
11
10
11
11
11
11
11
10
10
10
10
10
8
7
8
7
6
5
5
4
4
3
3
2
1
1
0
-1
-1
-1
-2
-2
-2
-3
-3
-3
-4
-4
-5
-4
-5
-5
-5
-5
-5
-6
-6
-6
-7
-6
-7
-6
-7
-6
-7
-7
-7
-7
-6
-6
-6
-5
-6
-5
-6
-5
-6
-5
-5
-5
-5
-6
-5
-6
-6
-6
-6
-5
-5
-4
-4
-5
-4
-4
-4
-4
-3
-4
-3
-3
-3
-3
-3
-4
-3
-3
-3
-2
-2
-2
-1
-1
-2
-2
-2
-2
-1
0
0
0
0
-1
-1
-1
0
1
1
1
1
1
0
0
0
0
1
2
2
1
1
1
1
1
2
2
2
2
2
2
2
2
2
2
2
3
3
2
2
2
2
2
3
2
2
2
2
2
1
1
2
2
2
2
2
1
1
2
2
2
2
2
3
2
3
3
4
5
5
6
6
7
9
10
11
11
12
11
12
12
12
12
12
12
11
10
9
8
7
6
7
6
5
4
4
3
2
2
1
0
0
0
0
-2
-2
-3
-3
-3
-4
-4
-5
-5
-5
-5
-6
-6
-5
-6
-5
-6
-6
-6
-7
-6
-7
-6
-7
-6
-7
-7
-7
-7
-7
-7
-7
-6
-6
-6
-6
-5
-5
-5
-6
-5
-6
-5
-5
-4
-5
-5
-4
-5
-5
-5
-5
-4
-4
-3
-3
-3
-4
-3
-3
-3
-2
-2
-2
-2
-2
-2
-2
-2
-2
-1
-1
-2
-2
-2
-2
-2
-1
-1
-1
-1
-1
-1
-1
-1
0
0
0
0
0
0
0
1
1
1
1
2
2
2
2
2
2
2
2
3
2
2
2
2
1
2
2
2
2
2
2
2
1
2
2
2
2
3
2
2
2
2
2
2
2
2
2
2
2
2
1
2
2
3
3
3
4
5
6
5
6
7
8
9
9
10
10
11
11
11
11
11
11
10
10
9
9
8
8
7
6
6
5
4
4
4
4
2
2
1
1
0
-1
-1
-1
-2
-2
-4
-4
-5
-4
-5
-6
-6
-6
-6
-6
-7
-6
-7
-7
-7
-7
-7
-7
-6
-7
-7
-7
-7
-6
-7
-6
-6
-6
-6
-6
-5
-6
-5
-6
-5
-5
-5
-5
-5
-4
-5
-4
-4
-4
-4
-4
-3
-3
-4
-4
-3
-3
-4
-3
-3
-3
-3
-2
-2
-2
-2
-2
-2
-2
-2
-1
-1
-1
-1
-1
-1
-1
-1
-1
0
0
0
0
0
0
0
0
0
0
1
1
1
1
1
2
2
2
2
2
2
2
3
2
2
2
2
2
1
1
2
2
2
2
2
1
2
2
2
2
2
2
3
2
2
2
2
2
2
1
1
2
2
2
2
2
2
2
2
2
3
4
4
5
5
6
7
8
8
9
10
11
11
11
11
12
11
11
10
10
9
8
8
7
6
7
6
5
4
4
3
3
1
1
1
0
0
0
-2
-2
-2
-3
-3
-4
-4
-3
-4
-4
-5
-6
-6
-5
-6
-6
-6
-6
-6
-6
-7
-6
-7
-6
-6
-6
-6
-6
-6
-6
-7
-6
-7
-6
-6
-5
-5
-5
-5
-6
-5
-6
-5
-4
-4
-4
-4
-4
-4
-4
-4
-4
-3
-4
-3
-3
-3
-3
-3
-3
-3
-3
-3
-3
-3
-3
-2
-2
-2
-2
-2
-1
-1
-1
-2
-2
-1
-1
-1
-1
0
0
0
0
-1
-1
-1
0
1
1
1
1
1
0
0
0
0
2
2
2
2
1
2
2
2
2
2
3
3
3
2
3
3
3
2
2
2
2
2
3
2
2
2
2
1
2
2
4
3
3
4
4
4
5
6
7
8
8
8
9
9
11
11
11
11
11
11
11
11
10
11
10
10
9
7
7
6
7
6
5
4
3
3
2
2
1
1
1
0
0
-1
-1
-2
-2
-3
-3
-4
-4
-5
-5
-5
-5
-5
-6
-6
-6
-6
-5
-5
-5
-5
-5
-6
-6
-6
-6
-6
-6
-6
-6
-7
-7
-6
-7
-6
-6
-6
-6
-6
-5
-6
-5
-5
-5
-6
-6
-5
-6
-5
-5
-5
-5
-5
-4
-5
-5
-4
-4
-4
-4
-3
-3
-3
-3
-3
-3
-3
-2
-3
-3
-2
-2
-2
-2
-2
-2
-1
-1
-2
-2
-2
-1
0
0
0
0
-1
-1
-1
-1
-1
0
1
1
1
0
1
1
1
2
2
2
2
2
2
2
2
2
2
1
2
2
2
2
2
3
3
3
2
2
2
3
3
2
3
3
4
4
4
5
6
7
8
9
9
10
11
11
12
12
12
12
12
11
11
11
10
10
10
9
8
8
7
7
7
6
6
5
4
4
3
2
2
2
1
1
1
-1
-1
-1
-1
-2
-2
-2
-3
-3
-4
-4
-5
-5
-5
-5
-5
-6
-5
-6
-6
-5
-6
-5
-6
-5
-6
-5
-6
-6
-6
-6
-6
-6
-6
-6
-6
-6
-7
-6
-7
-6
-7
-6
-7
-6
-6
-6
-6
-6
-5
-4
-5
-4
-4
-4
-4
-3
-4
-4
-4
-3
-4
-4
-4
-3
-3
-3
-2
-3
-3
-2
-2
-2
-2
-1
-1
-1
-2
-2
-2
-2
-1
-1
-1
-1
-1
-1
-1
-1
-1
0
0
0
0
0
0
0
0
0
0
0
0
0
1
1
1
1
1
2
2
2
2
2
2
3
3
2
2
3
3
3
3
3
3
4
5
6
6
7
8
9
9
10
11
11
12
13
13
12
12
12
11
11
11
10
9
9
9
8
8
7
8
7
6
7
6
5
5
6
5
4
4
3
2
1
1
0
-1
-1
-2
-2
-3
-4
-4
-5
-5
-5
-5
-6
-6
-6
-7
-6
-6
-7
-6
-6
-6
-6
-6
-6
-6
-5
-6
-5
-6
-6
-6
-6
-6
-6
-6
-6
-6
-6
-7
-6
-6
-6
-6
-6
-6
-7
-6
-6
-6
-6
-5
-5
-5
-5
-4
-4
-3
-4
-3
-3
-4
-3
-3
-3
-2
-2
-3
-3
-3
-3
-2
-2
-2
-1
-2
-2
-2
-2
-2
-1
-1
-1
-1
-1
-1
-1
-1
0
0
0
0
0
0
0
1
1
1
1
1
1
2
2
2
2
2
2
2
1
2
2
2
3
3
3
3
4
6
6
8
9
9
10
11
12
12
13
14
14
14
13
13
12
12
13
11
11
11
10
10
9
9
9
8
8
7
7
6
6
5
4
4
3
1
1
1
0
0
0
-1
-2
-2
-3
-4
-4
-5
-4
-5
-6
-6
-6
-7
-8
-7
-8
-7
-6
-7
-6
-7
-6
-7
-6
-7
-6
-6
-6
-6
-6
-7
-7
-8
-7
-8
-7
-8
-7
-8
-7
-7
-7
-7
-7
-6
-5
-6
-5
-5
-5
-5
-4
-5
-5
-4
-4
-3
-4
-4
-3
-3
-4
-3
-3
-3
-2
-2
-2
-2
-2
-2
-2
-2
-2
-1
-1
-1
-1
-1
-1
-1
-1
-1
0
0
0
0
0
0
0
0
0
0
0
0
1
1
1
1
1
1
2
2
2
2
2
3
3
3
3
4
4
5
6
6
7
8
9
10
11
12
12
13
13
14
14
14
14
14
14
14
13
12
12
12
12
11
11
10
10
9
8
8
7
7
6
5
4
3
3
2
2
1
0
0
-2
-2
-3
-3
-4
-4
-5
-6
-6
-7
-8
-7
-8
-8
-9
-9
-9
-9
-9
-8
-8
-8
-8
-8
-9
-8
-8
-7
-7
-7
-7
-8
-8
-8
-8
-8
-7
-7
-7
-7
-7
-7
-7
-6
-6
-6
-6
-6
-5
-5
-4
-5
-4
-4
-3
-3
-4
-3
-3
-2
-2
-2
-2
-3
-2
-2
-2
-2
-2
-1
-1
-1
-1
-1
-1
-1
0
0
-1
-1
-1
-1
-1
-1
-1
-1
-1
-1
-1
-1
-1
0
0
1
1
1
1
0
0
0
0
1
1
1
1
1
0
1
1
1
2
3
3
4
4
4
5
6
7
8
8
10
11
12
12
13
13
14
14
14
14
14
14
14
13
13
12
12
12
12
10
11
10
9
8
8
7
6
5
5
4
3
2
2
0
0
0
0
-1
-2
-2
-3
-4
-4
-5
-5
-6
-6
-6
-7
-8
-8
-7
-8
-8
-7
-8
-7
-8
-7
-7
-8
-7
-7
-8
-8
-8
-8
-8
-8
-8
-8
-8
-7
-7
-7
-7
-6
-7
-6
-6
-6
-5
-5
-4
-5
-5
-4
-5
-4
-4
-3
-4
-3
-3
-3
-3
-4
-3
-3
-3
-2
-3
-3
-3
-2
-2
-2
-2
-2
-1
-1
-1
-1
-1
0
0
0
0
0
0
0
0
-1
-1
-1
-1
-1
-1
-1
-1
-1
-1
-1
-1
-1
0
0
0
1
1
1
1
1
1
1
1
1
1
2
2
2
1
1
2
3
3
4
5
6
7
8
8
10
11
12
13
13
14
15
14
14
14
14
14
14
12
12
12
12
12
11
10
11
10
9
9
8
7
7
6
5
4
3
1
1
0
-1
-1
-2
-2
-3
-3
-4
-5
-5
-6
-5
-5
-6
-5
-6
-7
-8
-8
-8
-8
-7
-7
-6
-7
-7
-7
-8
-8
-7
-7
-6
-7
-6
-6
-7
-7
-7
-8
-7
-7
-6
-6
-5
-5
-5
-5
-6
-6
-6
-5
-5
-5
-4
-4
-4
-4
-4
-3
-4
-3
-2
-2
-2
-1
-1
-1
-1
-1
-1
-2
-2
-1
-1
-1
-1
-1
-1
-1
-1
-1
-1
-1
0
0
0
0
0
0
0
0
-1
-1
0
0
0
0
-1
-1
-1
-1
-1
-1
-1
1
1
0
0
0
0
1
1
1
1
2
2
3
2
3
3
4
5
6
7
8
9
10
10
11
11
12
12
13
12
12
12
12
12
11
11
11
10
10
9
8
8
8
7
7
6
5
5
4
3
3
2
2
1
0
0
0
-2
-2
-2
-3
-3
-3
-4
-4
-5
-5
-6
-6
-7
-6
-7
-7
-6
-6
-7
-6
-7
-6
-6
-6
-6
-6
-6
-6
-6
-6
-7
-6
-6
-6
-6
-6
-5
-6
-5
-5
-5
-5
-5
-4
-4
-5
-4
-4
-3
-3
-2
-3
-3
-2
-2
-2
-2
-2
-1
-2
-2
-2
-2
-2
-1
-1
-1
-1
-1
-1
-1
-1
0
0
0
-1
-1
-1
0
0
-1
-1
-1
-1
-1
-1
-1
-1
0
-1
-1
-2
-1
0
0
0
-1
0
0
0
0
0
1
2
3
2
3
4
5
7
6
8
9
9
10
11
11
11
12
12
11
11
11
12
10
9
10
9
9
8
8
7
7
7
6
5
4
4
4
3
3
2
1
0
0
-1
-2
-2
-2
-2
-3
-3
-3
-4
-4
-3
-4
-4
-5
-4
-4
-5
-5
-4
-5
-5
-4
-5
-5
-5
-6
-6
-6
-7
-6
-6
-7
-6
-6
-7
-6
-6
-6
-5
-4
-5
-4
-4
-4
-3
-4
-4
-3
-3
-3
-2
-3
-3
-2
-2
-2
-3
-3
-2
-2
-2
-2
-2
-2
-1
-1
-1
-1
-1
-1
-1
-1
-1
-1
-1
-1
-1
-1
-1
-1
-1
-1
0
0
0
-1
-1
-1
-1
-1
-1
-1
-1
-1
-2
-1
-1
-1
0
0
0
0
0
0
0
1
1
3
3
3
4
5
6
7
9
10
11
12
12
13
13
12
13
13
13
13
12
11
11
11
10
9
9
8
8
8
7
6
5
5
4
3
2
2
2
1
1
1
0
-1
-1
-1
-1
-2
-3
-3
-4
-5
-5
-5
-6
-6
-6
-6
-7
-7
-7
-6
-6
-6
-6
-6
-7
-6
-7
-6
-6
-6
-6
-5
-6
-6
-6
-5
-6
-5
-6
-5
-5
-5
-4
-4
-5
-4
-4
-4
-4
-3
-3
-2
-2
-2
-3
-3
-3
-2
-2
-2
-1
-1
-1
-1
-2
-2
-2
-1
-1
-1
-1
-1
-1
-1
-1
-1
-1
-1
-1
-1
-1
-1
-1
-1
-1
-1
-1
-1
-1
-1
0
0
0
0
-1
-1
-1
-1
-1
-1
-1
-1
-1
-1
-1
-1
-1
0
0
0
1
1
1
2
3
4
5
6
6
8
9
10
11
11
12
13
13
12
12
12
12
12
11
11
10
9
9
8
8
7
7
7
6
5
6
5
4
4
4
3
3
1
1
1
-1
-1
-1
-3
-3
-3
-4
-4
-4
-5
-4
-5
-5
-4
-5
-6
-5
-6
-6
-5
-6
-6
-5
-6
-5
-5
-6
-5
-5
-5
-5
-6
-6
-6
-6
-6
-6
-6
-6
-6
-6
-5
-5
-5
-4
-4
-3
-3
-4
-3
-3
-3
-2
-2
-2
-2
-1
-1
-2
-2
-2
0
0
0
0
-1
-1
-1
-1
-2
-1
0
-1
-1
-2
-2
-2
-2
-1
-1
-1
-1
-1
-2
-2
-1
-1
-1
-1
-1
-2
-1
-1
-1
-1
-1
0
0
0
0
-1
-1
-1
0
0
0
0
0
1
0
0
0
1
2
2
2
3
2
3
4
5
6
7
8
9
9
10
11
12
11
12
11
11
11
11
10
10
9
9
9
8
7
8
7
7
6
5
5
5
4
4
3
2
2
2
1
1
0
0
0
-2
-2
-2
-3
-3
-4
-4
-5
-6
-6
-5
-6
-6
-6
-6
-6
-5
-6
-5
-5
-5
-4
-4
-5
-5
-5
-5
-5
-6
-6
-5
-5
-6
-5
-5
-6
-5
-4
-4
-4
-4
-3
-3
-3
-3
-3
-3
-3
-2
-2
-2
-2
-2
-2
-2
-2
-2
-2
-1
-1
-1
-1
-1
-1
-2
-1
-1
-1
-1
-1
-1
-1
-1
-2
-1
-1
-1
0
-1
-1
-1
-1
-1
-1
-1
-1
0
-1
-1
-2
-2
-1
-1
-1
-1
-1
-1
-1
-1
-1
-2
-2
-1
-1
-1
-1
-1
-1
-1
0
0
0
0
1
1
2
2
3
3
4
5
5
5
6
7
8
9
10
10
11
10
11
11
10
11
11
10
10
9
9
8
8
7
8
7
6
7
6
5
5
4
4
3
3
2
2
1
1
0
-1
-1
-1
-2
-2
-2
-3
-3
-4
-4
-4
-5
-4
-5
-6
-6
-5
-6
-6
-5
-6
-5
-5
-6
-5
-5
-5
-4
-4
-5
-4
-4
-5
-4
-4
-5
-4
-4
-4
-4
-4
-4
-3
-3
-4
-3
-3
-3
-2
-2
-2
-2
-1
-1
-1
-1
-2
-1
-1
-1
-1
-1
-1
-1
-1
-1
-1
-1
-2
-1
-1
-1
-1
-1
-1
-1
-1
-1
-1
-1
-1
0
0
0
0
0
-1
-1
-1
-1
-1
-1
-1
-1
-1
-1
-1
-1
-1
0
0
0
0
0
0
0
0
-1
-1
-1
-1
-1
-1
-1
-1
0
0
0
1
1
2
3
4
5
5
6
7
8
8
9
10
10
10
11
10
10
9
10
10
9
9
8
7
6
6
6
5
5
4
5
4
3
3
2
2
3
3
1
1
1
0
0
-1
-2
-2
-3
-3
-4
-5
-5
-5
-5
-6
-5
-5
-6
-5
-5
-5
-5
-4
-5
-5
-4
-5
-4
-4
-5
-4
-4
-4
-3
-4
-4
-3
-4
-4
-3
-3
-4
-3
-3
-3
-4
-3
-2
-2
-2
-2
-2
-2
-2
-1
-1
-1
-1
0
-1
-1
-1
-2
-1
-1
-1
-1
-1
-1
-1
-1
-1
-1
-1
-1
0
0
0
0
0
-1
-1
-1
-1
-1
-1
-1
-1
-2
-2
-2
-2
-2
-1
-1
-1
-1
-2
-2
-2
-2
-1
-1
-1
-1
-1
-1
-1
-1
-1
1
1
2
2
2
3
4
5
5
6
7
8
9
8
9
9
10
11
10
9
9
9
9
9
8
8
8
7
7
6
5
5
6
5
6
5
4
4
3
3
3
2
1
1
1
-1
-1
-2
-3
-3
-4
-4
-4
-5
-5
-5
-5
-5
-5
-5
-5
-4
-5
-5
-5
-6
-5
-5
-4
-5
-5
-4
-4
-5
-5
-4
-3
-3
-3
-3
-3
-3
-3
-3
-3
-4
-3
-3
-3
-3
-3
-2
-2
-3
-3
-2
-2
-2
-1
-1
-1
-1
-1
-1
-2
-2
-1
-1
-1
-1
-1
-1
-1
-1
-1
-1
-1
0
-1
-1
-1
-1
-1
-1
-1
-1
-1
-1
-1
-1
-1
-1
-1
-1
-1
-1
-1
-1
-1
-1
-1
-1
-1
-2
-1
-1
-1
-1
-1
-1
-1
0
0
0
1
1
3
3
4
5
6
7
7
8
8
9
10
10
11
10
11
11
10
10
9
10
9
9
9
8
7
7
7
6
5
5
4
5
4
4
3
2
2
2
0
0
0
0
0
-1
-2
-3
-3
-4
-4
-5
-5
-4
-5
-5
-6
-6
-5
-6
-5
-5
-4
-4
-4
-5
-5
-5
-5
-4
-4
-5
-4
-4
-5
-5
-5
-4
-3
-4
-3
-3
-3
-4
-3
-3
-3
-2
-2
-3
-3
-3
-2
-2
-2
-2
-2
-1
-1
-1
-1
-2
-1
-1
-1
-1
-1
-1
-1
0
-1
-1
-1
-1
-1
-1
-1
-1
-1
-1
-1
-1
-1
-1
-1
-1
-1
-1
-1
-1
-1
-1
-1
-1
-1
-1
-1
-1
-1
-1
0
0
-1
-1
-1
-1
-1
-1
-1
-1
-1
-1
-1
0
0
1
2
2
2
3
4
5
5
6
7
8
8
9
9
9
10
10
9
9
8
9
8
7
7
6
6
6
6
5
5
5
4
5
4
4
4
3
3
2
2
1
1
1
0
0
-1
-1
-2
-2
-2
-3
-3
-3
-4
-4
-4
-4
-4
-4
-4
-4
-4
-4
-3
-4
-4
-3
-3
-4
-3
-3
-4
-4
-3
-3
-4
-4
-3
-3
-4
-4
-3
-3
-3
-2
-2
-3
-3
-2
-2
-3
-3
-2
-2
-2
-2
-2
-2
-2
-2
-2
-2
-2
-1
-1
-1
-1
-1
-1
-1
-1
-2
-1
-1
-1
-1
-1
-1
-1
-2
-2
-2
-2
-2
-1
-1
-1
-1
-1
-1
-1
-2
-1
-1
-1
-1
-1
-1
-1
-1
-1
-1
-1
-1
0
0
0
0
0
0
0
0
0
0
0
0
0
0
1
1
1
2
3
4
4
5
5
6
7
8
8
8
9
10
9
9
8
8
8
8
8
7
7
7
6
6
5
5
4
4
4
3
3
2
2
1
1
1
0
-1
-1
-1
-2
-2
-2
-2
-2
-3
-3
-3
-3
-4
-3
-3
-4
-3
-3
-3
-3
-4
-3
-3
-4
-4
-3
-3
-3
-3
-3
-3
-3
-3
-2
-2
-3
-2
-2
-2
-2
-2
-2
-2
-2
-2
-3
-3
-3
-2
-3
-3
-3
-2
-2
-1
-1
-2
-2
-1
-1
-1
-1
0
0
0
-1
-1
-1
-1
-1
-1
-1
-1
-1
-1
-1
-1
-1
-1
-1
-1
-2
-1
-1
-1
-1
-1
-1
-1
-1
-1
-1
-1
-2
-1
-1
-1
-1
-1
-1
-1
-1
-1
-1
-1
-1
0
0
0
0
-1
0
0
0
0
0
0
0
0
1
1
2
2
4
3
4
4
5
6
6
7
8
7
8
8
8
7
7
7
7
6
6
6
6
5
6
5
4
4
4
5
4
4
4
3
3
2
2
1
1
0
0
0
-2
-2
-2
-2
-3
-3
-3
-4
-4
-5
-4
-4
-4
-3
-3
-4
-4
-3
-3
-4
-3
-3
-2
-2
-2
-2
-3
-3
-2
-2
-2
-3
-2
-2
-2
-2
-3
-3
-3
-3
-3
-3
-3
-3
-2
-3
-2
-2
-2
-1
-1
-1
-1
-1
-1
-1
-1
-1
0
-1
-1
-1
-1
-1
-2
-1
-1
-1
-1
-1
-1
-1
-1
-1
-2
-2
-2
-1
-1
-1
-1
-1
-1
-1
-1
-1
-1
0
-1
-1
-1
-1
-1
-1
-1
-1
0
0
0
0
0
1
0
0
0
0
0
0
0
-1
-1
0
0
0
1
2
3
4
4
5
5
6
7
7
7
7
8
7
8
7
7
7
7
7
6
6
6
6
6
5
6
5
5
4
4
3
3
3
2
2
1
1
1
0
0
-1
-1
-1
-1
-2
-2
-2
-2
-3
-3
-3
-4
-4
-4
-4
-4
-4
-3
-3
-3
-4
-3
-3
-4
-3
-4
-3
-3
-3
-3
-3
-4
-4
-3
-3
-3
-2
-2
-1
-1
-2
-2
-2
-2
-2
-2
-2
-2
-2
-2
-2
-2
-2
-2
-2
-2
-2
-1
-1
-1
-1
-1
-1
-2
-2
-2
-1
-1
-1
-1
-1
-1
-1
-1
-1
-1
-1
-1
-1
-1
-1
-1
-1
-1
-1
-2
-2
-2
-2
-1
-1
-1
-1
-1
-1
-1
-1
-1
0
0
0
0
0
0
0
0
0
0
0
0
0
0
0
0
0
0
0
0
1
1
2
3
3
4
5
6
6
7
8
9
9
9
9
8
8
8
8
8
7
8
7
6
5
5
5
5
5
4
4
3
3
3
2
2
2
2
2
0
0
0
0
0
0
-1
-2
-2
-2
-3
-3
-3
-2
-3
-3
-3
-4
-4
-5
-4
-4
-5
-4
-4
-4
-5
-4
-4
-4
-3
-4
-3
-3
-3
-2
-2
-3
-3
-2
-2
-2
-3
-3
-2
-2
-2
-3
-3
-3
-3
-3
-3
-2
-2
-1
-1
-2
-2
-2
-1
-1
-1
-1
0
0
-1
-2
-2
-2
-1
-1
-1
-1
-1
-1
0
-1
-1
-1
-1
-1
-1
-1
-1
-1
-1
-1
-1
-1
-1
-1
-2
-1
-1
-1
-1
-1
-1
-1
-1
-1
-1
-1
-1
0
0
0
0
0
0
0
0
0
0
0
0
0
1
1
1
1
1
1
1
1
2
2
3
3
4
3
4
5
5
6
7
7
8
8
8
7
7
7
8
7
6
7
6
5
6
5
4
4
4
5
4
3
3
3
3
3
3
2
2
2
2
2
1
0
0
0
-1
-2
-2
-2
-3
-3
-3
-4
-4
-5
-4
-4
-5
-4
-4
-4
-5
-4
-4
-4
-4
-4
-3
-3
-3
-3
-3
-3
-3
-3
-3
-3
-3
-3
-3
-3
-3
-3
-3
-3
-3
-3
-2
-2
-2
-2
-1
-1
-1
-1
-2
-1
-1
-1
-1
-1
-1
-2
-2
-2
-2
-2
-3
-2
-2
-2
-2
-2
-2
-2
-1
-1
-1
-1
-1
0
0
0
0
0
0
0
0
-1
-1
-1
-1
-1
-1
-1
-1
-1
-1
-1
-1
-1
0
0
0
0
0
0
0
0
0
0
0
0
0
0
0
0
0
0
0
0
0
0
0
0
0
1
1
1
1
1
1
1
1
2
2
2
3
3
3
4
4
5
6
6
7
8
7
8
8
7
8
8
7
7
7
6
6
6
5
5
4
5
5
4
3
3
4
3
3
3
2
2
2
2
1
1
1
0
0
-1
-2
-2
-2
-3
-3
-3
-4
-4
-5
-5
-5
-5
-5
-4
-5
-5
-4
-4
-5
-4
-4
-3
-3
-2
-3
-3
-3
-2
-3
-3
-3
-2
-2
-2
-3
-3
-3
-3
-3
-3
-3
-2
-2
-3
-2
-2
-2
-1
-1
-2
-1
-1
-1
-1
-1
-1
0
-1
-1
-1
-1
-1
-1
-1
-1
-1
-1
-1
-1
-1
-1
-1
-1
-1
-1
-1
-1
-1
-1
-1
-1
-1
-1
-1
-1
-1
-1
-1
0
0
0
0
0
0
0
0
0
0
0
0
0
0
0
0
0
0
-1
-1
-1
-1
-1
-1
-1
0
0
0
0
0
0
1
1
2
2
2
2
3
2
3
3
4
4
5
6
7
6
7
7
8
7
8
7
7
7
7
6
6
5
5
5
5
4
5
4
4
4
3
3
3
2
2
2
0
0
0
-1
-1
-2
-2
-2
-3
-3
-3
-3
-4
-3
-3
-4
-4
-4
-3
-3
-4
-3
-3
-4
-4
-3
-3
-3
-3
-3
-3
-3
-3
-2
-3
-3
-2
-2
-2
-2
-2
-1
-1
-1
-1
-2
-2
-1
-1
-2
-2
-2
-2
-2
-2
-2
-2
-2
-1
-1
-1
-1
0
-1
-1
-1
-1
-1
-1
-1
-1
-1
-1
-2
-2
-2
-1
-1
-1
-1
-1
-1
-1
-2
-2
-2
-1
-1
-1
-1
-1
-1
-1
-1
-1
-1
0
0
0
-1
-1
-1
-1
-1
-1
-1
-1
-1
-1
-1
-1
-1
0
0
1
1
1
1
1
1
1
1
1
1
1
2
2
2
2
3
3
4
5
6
6
7
7
8
8
8
7
7
0
0
0
0
0
0
0
0
0
0
0
0
0
0
0
0
0
0
0
0
0
0
0
0
0
0
0
0
0
0
0
0
0
0
0
0
0
0
0
0
0
0
0
0
0
0
0
0
0
0
0
0
0
0
0
0
0
0
0
0
159
113
69
24
-20
-65
-109
-154
-198
-243
-288
-332
-377
14
-30
-31
-31
-32
-32
-33
-31
-32
-32
-33
-32
-33
-32
-32
-32
-32
-32
-32
-32
-32
-32
-31
-32
-32
-32
-32
-32
-32
-32
-32
-32
-32
-32
-32
-32
-32
-33
-33
-33
-33
-33
-33
-33
-33
-33
-33
-33
-34
-34
-34
-34
-34
-34
-34
-34
-35
-35
-35
-35
-35
-35
-35
-35
-35
-36
-35
-35
-35
-35
-35
-34
-34
-34
-34
-34
-33
-34
-35
-35
-34
-34
-34
-34
-34
-33
-33
-33
-33
-33
-33
-32
-33
-33
-32
-33
-33
-33
-33
-32
-32
-32
-31
-31
-31
-31
-30
-31
-31
-30
-30
-29
-30
-29
-29
-30
-29
-29
-29
-29
-28
-28
-29
-29
-28
-28
-28
-28
-29
-28
-29
-28
-28
-29
-29
-29
-28
-28
-29
-29
-29
-28
-28
-29
-29
-29
-28
-28
-29
-29
-29
-28
-29
-30
-30
-29
-29
-29
-30
-30
-30
-29
-29
-30
-30
-30
-29
-29
-30
-30
-30
-29
-29
-30
-30
-30
-29
-29
-30
-30
-30
-29
-29
-30
-30
-30
-29
-29
-30
-30
-30
-29
-29
-30
-30
-30
-29
-29
-29
-30
-30
-29
-29
-29
-29
-29
-29
-29
-28
-28
-29
-29
-28
-28
-28
-29
-29
-28
-28
-28
-29
-29
-28
-28
-28
-29
-29
-28
-28
-28
-28
-28
-28
-28
-28
-28
-28
-28
-27
-28
-28
-27
-28
-28
-28
-27
-27
-27
-28
-28
-27
-27
-28
-28
-28
-27
-28
-28
-28
-28
-27
-28
-28
-28
-28
-28
-28
-28
-28
-29
-28
-28
-27
-27
-28
-28
-27
-27
-28
-27
-27
-26
-27
-26
-25
-26
-25
-25
-25
-25
-25
-24
-24
-25
-24
-24
-25
-25
-24
-24
-24
-24
-24
-24
-24
-24
-25
-25
-24
-24
-24
-25
-24
-25
-24
-24
-24
-25
-25
-24
-25
-25
-25
-26
-25
-25
-25
-25
-25
-25
-25
-25
-25
-25
-25
-25
-26
-25
-25
-25
-25
-25
-25
-25
-24
-26
-25
-25
-26
-25
-25
-25
-26
-25
-25
-26
-26
-25
-26
-26
-25
-26
-25
-25
-26
-26
-25
-25
-26
-26
-25
-26
-26
-25
-25
-26
-26
-25
-26
-25
-25
-25
-25
-25
-24
-25
-25
-25
-25
-25
-24
-25
-25
-25
-25
-25
-25
-24
-25
-25
-25
-25
-25
-25
-25
-25
-25
-25
-25
-25
-25
-25
-25
-24
-25
-25
-25
-24
-25
-25
-24
-25
-25
-24
-25
-24
-24
-25
-25
-24
-25
-24
-24
-25
-25
-24
-24
-25
-24
-24
-25
-24
-24
-24
-24
-24
-24
-24
-23
-24
-24
-23
-24
-23
-23
-23
-22
-23
-22
-21
-22
-22
-21
-21
-21
-21
-21
-21
-21
-21
-21
-21
-21
-21
-22
-22
-22
-22
-21
-23
-22
-22
-23
-22
-23
-22
-23
-23
-23
-22
-23
-23
-23
-23
-23
-23
-23
-23
-23
-23
-23
-23
-23
-23
-23
-23
-24
-23
-23
-23
-23
-23
-23
-23
-23
-23
-23
-23
-23
-23
-23
-23
-23
-23
-24
-23
-23
-23
-23
-23
-24
-23
-24
-23
-23
-24
-23
-23
-24
-23
-23
-23
-23
-23
-23
-23
-22
-23
-23
-23
-23
-23
-23
-23
-23
-23
-23
-23
-23
-23
-22
-23
-23
-22
-23
-23
-23
-23
-22
-23
-23
-22
-23
-22
-23
-22
-22
-23
-22
-22
-22
-22
-23
-23
-22
-23
-22
-22
-22
-22
-23
-22
-22
-22
-22
-22
-22
-22
-22
-22
-22
-23
-22
-22
-23
-22
-23
-22
-22
-23
-22
-22
-22
-22
-22
-22
-21
-22
-21
-21
-21
-20
-20
-20
-20
-19
-20
-19
-19
-19
-19
-19
-19
-19
-19
-18
-19
-19
-19
-19
-20
-20
-20
-20
-19
-20
-20
-20
-20
-21
-20
-20
-21
-21
-21
-21
-21
-21
-21
-22
-21
-22
-21
-21
-21
-21
-22
-21
-22
-21
-21
-21
-21
-21
-21
-22
-21
-21
-21
-21
-21
-21
-22
-21
-22
-21
-21
-22
-21
-22
-21
-22
-21
-21
-22
-21
-22
-21
-21
-21
-21
-22
-21
-21
-21
-21
-21
-21
-21
-21
-21
-21
-21
-21
-21
-21
-22
-21
-21
-21
-21
-21
-21
-21
-21
-21
-21
-21
-22
-21
-21
-21
-21
-21
-21
-21
-21
-21
-21
-21
-22
-21
-21
-22
-21
-22
-21
-21
-22
-21
-22
-21
-22
-21
-21
-22
-21
-22
-21
-21
-21
-21
-22
-21
-21
-21
-21
-21
-21
-22
-21
-21
-21
-21
-21
-21
-20
-21
-21
-21
-21
-20
-21
-20
-20
-20
-20
-19
-19
-19
-18
-18
-17
-18
-17
-18
-17
-17
-17
-18
-17
-18
-17
-17
-17
-17
-18
-17
-18
-18
-18
-18
-19
-18
-19
-19
-19
-19
-20
-19
-20
-19
-19
-20
-19
-20
-19
-20
-20
-20
-20
-20
-20
-21
-20
-20
-20
-19
-20
-19
-20
-20
-20
-19
-20
-19
-20
-20
-20
-20
-20
-20
-20
-20
-20
-20
-20
-20
-20
-20
-20
-21
-20
-21
-20
-21
-21
-20
-21
-20
-21
-21
-21
-21
-20
-21
-21
-21
-20
-20
-21
-21
-21
-21
-21
-21
-20
-21
-21
-21
-21
-20
-21
-20
-21
-21
-21
-21
-20
-21
-20
-21
-21
-21
-21
-20
-21
-20
-21
-21
-21
-21
-21
-21
-20
-21
-20
-21
-21
-21
-20
-20
-21
-20
-21
-20
-21
-20
-20
-20
-20
-20
-20
-20
-20
-19
-20
-19
-20
-19
-20
-19
-19
-19
-18
-18
-17
-17
-17
-17
-16
-16
-15
-15
-15
-15
-14
-15
-14
-14
-14
-14
-15
-14
-15
-14
-15
-15
-15
-14
-15
-15
-15
-15
-15
-16
-15
-16
-16
-16
-16
-16
-16
-17
-16
-17
-17
-17
-18
-17
-18
-18
-18
-18
-18
-18
-18
-18
-19
-18
-19
-18
-19
-18
-19
-20
-19
-20
-19
-20
-19
-20
-19
-20
-20
-20
-20
-20
-20
-20
-20
-21
-20
-21
-20
-21
-20
-21
-21
-20
-21
-20
-21
-20
-21
-21
-20
-21
-20
-21
-20
-21
-20
-20
-20
-20
-20
-20
-20
-20
-20
-19
-19
-20
-19
-19
-19
-19
-19
-20
-19
-19
-19
-19
-19
-18
-19
-19
-19
-19
-19
-19
-18
-19
-18
-19
-19
-19
-19
-19
-19
-20
-19
-20
-19
-19
-19
-19
-19
-19
-19
-19
-19
-19
-19
-19
-20
-19
-20
-19
-19
-19
-18
-19
-18
-18
-17
-17
-16
-17
-16
-16
-16
-16
-16
-15
-15
-15
-16
-15
-15
-15
-16
-15
-16
-15
-16
-16
-16
-16
-16
-16
-17
-17
-17
-17
-17
-18
-17
-18
-18
-18
-18
-18
-18
-19
-18
-19
-18
-19
-18
-19
-19
-19
-19
-19
-18
-19
-19
-19
-18
-19
-18
-19
-18
-19
-18
-19
-18
-19
-18
-19
-18
-19
-18
-19
-18
-19
-19
-18
-19
-19
-19
-19
-19
-19
-18
-19
-18
-19
-18
-19
-18
-19
-18
-19
-18
-19
-18
-19
-18
-17
-18
-18
-18
-18
-18
-18
-18
-18
-18
-18
-18
-18
-18
-18
-18
-18
-19
-18
-19
-18
-19
-18
-19
-18
-18
-18
-19
-18
-19
-18
-19
-18
-19
-18
-19
-18
-19
-18
-18
-18
-18
-18
-19
-18
-19
-18
-19
-18
-19
-18
-19
-18
-19
-18
-18
-18
-18
-19
-18
-19
-18
-18
-18
-18
-17
-18
-17
-17
-17
-16
-17
-16
-16
-16
-16
-15
-15
-14
-15
-14
-14
-14
-14
-14
-14
-15
-14
-15
-15
-15
-15
-15
-15
-15
-16
-16
-16
-16
-16
-16
-16
-16
-17
-16
-17
-17
-17
-17
-17
-17
-16
-17
-17
-17
-17
-17
-16
-17
-17
-16
-17
-16
-16
-16
-16
-16
-16
-16
-16
-16
-16
-16
-16
-16
-17
-16
-16
-16
-17
-16
-17
-17
-17
-17
-17
-18
-17
-18
-17
-18
-17
-17
-17
-18
-17
-18
-17
-18
-17
-18
-18
-18
-18
-18
-18
-18
-17
-18
-17
-18
-17
-18
-17
-18
-17
-18
-18
-18
-18
-18
-18
-18
-18
-18
-18
-17
-18
-18
-18
-18
-18
-18
-19
-18
-19
-18
-19
-18
-19
-18
-18
-18
-19
-18
-19
-18
-19
-18
-18
-18
-18
-17
-18
-17
-18
-17
-18
-17
-17
-17
-17
-16
-17
-16
-16
-15
-16
-15
-15
-15
-14
-15
-14
-14
-13
-13
-12
-12
-12
-11
-12
-11
-11
-12
-11
-12
-11
-12
-12
-12
-12
-13
-12
-13
-13
-13
-14
-13
-14
-14
-14
-14
-15
-15
-15
-15
-15
-16
-16
-16
-16
-16
-16
-17
-16
-17
-17
-17
-17
-17
-18
-17
-17
-17
-17
-18
-17
-17
-17
-17
-17
-17
-17
-17
-17
-17
-17
-17
-17
-18
-17
-18
-17
-17
-17
-18
-17
-18
-17
-18
-19
-18
-19
-18
-19
-18
-18
-18
-18
-18
-18
-18
-18
-18
-18
-18
-17
-18
-18
-18
-18
-18
-17
-18
-17
-18
-17
-18
-17
-18
-17
-17
-17
-18
-17
-18
-17
-18
-17
-17
-17
-17
-17
-17
-17
-17
-18
-17
-18
-17
-17
-17
-18
-17
-18
-17
-17
-17
-17
-17
-17
-17
-17
-17
-17
-17
-17
-16
-17
-17
-17
-16
-17
-16
-17
-17
-16
-17
-16
-16
-15
-15
-14
-14
-14
-13
-13
-12
-12
-12
-11
-11
-10
-11
-11
-10
-10
-10
-10
-10
-10
-10
-11
-10
-11
-12
-11
-12
-11
-12
-13
-12
-13
-14
-13
-14
-13
-14
-14
-14
-15
-14
-15
-15
-15
-15
-15
-16
-16
-16
-16
-17
-16
-17
-16
-16
-17
-16
-17
-16
-16
-17
-17
-17
-16
-17
-17
-17
-17
-17
-17
-18
-17
-18
-17
-18
-17
-18
-18
-18
-18
-18
-19
-18
-19
-18
-19
-18
-18
-18
-19
-18
-19
-18
-19
-18
-18
-18
-18
-18
-17
-18
-17
-18
-17
-17
-17
-17
-16
-17
-17
-17
-17
-17
-18
-17
-17
-17
-18
-17
-18
-17
-17
-17
-18
-17
-17
-17
-17
-17
-17
-16
-17
-16
-16
-16
-17
-17
-16
-17
-16
-17
-17
-17
-17
-17
-17
-17
-16
-17
-17
-17
-17
-17
-17
-17
-17
-17
-17
-17
-17
-16
-17
-16
-16
-15
-16
-15
-14
-15
-14
-14
-13
-13
-13
-12
-12
-11
-11
-11
-10
-10
-10
-9
-10
-9
-9
-10
-9
-9
-10
-9
-10
-11
-10
-11
-12
-11
-12
-12
-12
-13
-12
-13
-13
-13
-14
-13
-14
-14
-14
-14
-15
-15
-15
-15
-15
-16
-15
-16
-16
-16
-16
-15
-16
-16
-16
-16
-16
-16
-17
-16
-16
-17
-16
-17
-16
-17
-17
-16
-17
-16
-17
-17
-17
-17
-17
-17
-18
-17
-18
-17
-18
-17
-18
-17
-18
-17
-17
-17
-18
-17
-18
-17
-17
-17
-18
-17
-18
-17
-18
-17
-18
-17
-17
-17
-17
-16
-17
-16
-17
-16
-16
-16
-16
-16
-16
-17
-16
-17
-16
-16
-16
-16
-16
-16
-16
-16
-17
-16
-16
-16
-17
-16
-16
-16
-17
-16
-16
-17
-16
-17
-16
-16
-16
-17
-16
-16
-16
-16
-16
-16
-16
-16
-16
-16
-16
-15
-16
-15
-16
-16
-15
-16
-16
-16
-15
-16
-15
-16
-16
-15
-15
-14
-14
-14
-13
-13
-12
-12
-12
-10
-10
-10
-9
-9
-9
-8
-8
-8
-7
-7
-7
-7
-7
-7
-7
-8
-8
-7
-8
-9
-8
-9
-10
-10
-10
-10
-12
-11
-11
-12
-12
-12
-13
-12
-13
-14
-14
-14
-15
-14
-15
-14
-15
-15
-15
-16
-16
-16
-16
-17
-16
-17
-17
-16
-17
-16
-16
-17
-16
-17
-17
-17
-17
-16
-17
-18
-17
-17
-18
-17
-18
-17
-18
-17
-17
-18
-18
-18
-17
-18
-17
-18
-17
-18
-17
-18
-17
-18
-17
-17
-17
-18
-17
-18
-17
-17
-17
-17
-16
-17
-17
-17
-17
-17
-17
-17
-16
-17
-17
-17
-16
-17
-16
-17
-16
-16
-16
-16
-16
-16
-16
-16
-16
-15
-16
-15
-15
-16
-15
-16
-15
-16
-15
-16
-15
-15
-16
-15
-15
-15
-15
-15
-15
-16
-15
-15
-15
-15
-14
-15
-14
-15
-15
-14
-15
-14
-15
-15
-15
-15
-15
-15
-15
-15
-15
-15
-15
-14
-15
-14
-14
-14
-13
-13
-13
-12
-11
-10
-11
-10
-9
-9
-9
-8
-8
-7
-7
-6
-7
-7
-6
-6
-7
-7
-6
-6
-7
-7
-7
-8
-8
-8
-8
-9
-9
-9
-10
-10
-11
-11
-12
-11
-12
-13
-12
-12
-13
-13
-13
-14
-13
-14
-14
-14
-14
-14
-14
-15
-15
-15
-15
-16
-15
-16
-16
-15
-16
-16
-15
-15
-16
-16
-16
-16
-16
-16
-17
-16
-16
-16
-17
-17
-16
-17
-16
-17
-17
-17
-17
-17
-17
-16
-17
-16
-17
-16
-17
-16
-17
-16
-16
-16
-17
-16
-17
-16
-17
-16
-17
-17
-16
-17
-16
-16
-16
-16
-15
-16
-15
-16
-15
-15
-16
-15
-15
-15
-15
-15
-15
-16
-15
-15
-15
-15
-14
-15
-16
-15
-15
-15
-15
-14
-15
-15
-15
-15
-15
-15
-14
-15
-15
-14
-15
-14
-14
-14
-14
-15
-14
-14
-14
-14
-14
-14
-14
-13
-14
-14
-14
-14
-14
-14
-14
-13
-13
-12
-12
-12
-11
-11
-11
-10
-10
-10
-8
-8
-8
-8
-7
-6
-7
-5
-5
-5
-5
-4
-5
-5
-5
-4
-5
-5
-6
-5
-6
-6
-7
-7
-7
-8
-9
-9
-9
-10
-10
-10
-11
-12
-11
-12
-12
-12
-12
-13
-14
-13
-14
-14
-14
-15
-15
-14
-15
-15
-15
-15
-15
-15
-15
-16
-15
-16
-16
-16
-16
-16
-16
-16
-16
-16
-16
-17
-16
-16
-17
-16
-17
-16
-17
-17
-17
-17
-16
-17
-16
-17
-17
-17
-17
-17
-17
-16
-17
-16
-17
-16
-17
-16
-17
-16
-16
-16
-16
-16
-16
-16
-16
-16
-16
-16
-16
-15
-16
-16
-15
-16
-15
-16
-15
-16
-15
-15
-16
-15
-15
-14
-15
-15
-15
-15
-15
-15
-14
-15
-15
-15
-15
-15
-15
-15
-15
-15
-15
-16
-14
-15
-15
-15
-16
-15
-15
-15
-15
-14
-15
-15
-14
-15
-14
-15
-14
-14
-14
-13
-13
-13
-12
-12
-11
-11
-11
-10
-10
-9
-8
-8
-8
-7
-6
-6
-6
-5
-4
-5
-4
-4
-4
-4
-4
-4
-4
-4
-5
-5
-5
-5
-6
-6
-6
-7
-7
-8
-8
-9
-9
-9
-10
-11
-12
-11
-12
-13
-12
-13
-13
-14
-13
-14
-15
-14
-15
-15
-15
-15
-16
-15
-15
-16
-16
-15
-15
-16
-15
-15
-16
-15
-16
-16
-15
-16
-16
-15
-16
-16
-16
-16
-17
-16
-16
-16
-16
-17
-16
-17
-16
-16
-16
-16
-16
-16
-16
-16
-17
-16
-16
-16
-16
-16
-16
-16
-16
-16
-16
-16
-16
-15
-16
-15
-15
-15
-15
-15
-15
-16
-15
-15
-15
-15
-14
-14
-15
-15
-15
-14
-15
-15
-15
-15
-14
-15
-15
-15
-15
-14
-15
-14
-15
-15
-14
-14
-14
-14
-15
-14
-14
-14
-14
-14
-14
-14
-13
-14
-14
-12
-12
-12
-12
-11
-10
-10
-10
-9
-8
-8
-7
-6
-6
-5
-4
-4
-4
-4
-2
-2
-2
-2
-2
-1
-1
-2
-2
-2
-1
-2
-3
-3
-4
-4
-4
-5
-6
-6
-6
-7
-8
-8
-9
-9
-10
-10
-11
-11
-11
-12
-12
-12
-12
-13
-13
-13
-14
-14
-14
-14
-15
-15
-14
-15
-15
-14
-15
-15
-16
-15
-15
-15
-15
-16
-16
-16
-15
-16
-17
-16
-16
-17
-16
-17
-17
-16
-17
-16
-17
-16
-17
-17
-16
-17
-16
-17
-16
-16
-16
-16
-16
-16
-15
-16
-15
-16
-15
-15
-15
-15
-15
-15
-14
-15
-15
-15
-15
-14
-14
-14
-14
-15
-14
-15
-14
-14
-14
-14
-14
-14
-14
-14
-14
-15
-14
-14
-14
-14
-14
-13
-14
-13
-13
-13
-13
-13
-13
-12
-12
-12
-11
-11
-10
-9
-9
-9
-7
-6
-6
-5
-5
-4
-3
-3
-2
-1
-1
-1
-1
0
1
0
0
0
0
0
0
0
0
-1
-2
-2
-1
-2
-3
-3
-4
-5
-4
-5
-5
-7
-7
-7
-8
-9
-9
-10
-10
-10
-11
-12
-12
-12
-13
-13
-14
-14
-14
-14
-15
-14
-15
-15
-15
-15
-15
-16
-16
-16
-16
-16
-16
-16
-17
-17
-17
-17
-18
-17
-17
-18
-17
-18
-17
-17
-18
-17
-18
-17
-17
-17
-17
-18
-17
-18
-17
-18
-17
-17
-17
-17
-17
-16
-17
-16
-17
-16
-17
-16
-16
-16
-16
-15
-16
-15
-16
-15
-16
-15
-15
-16
-15
-15
-15
-15
-15
-15
-14
-15
-15
-14
-15
-14
-14
-15
-14
-14
-14
-14
-14
-14
-14
-14
-14
-14
-13
-13
-12
-11
-11
-10
-9
-9
-7
-7
-6
-6
-4
-3
-2
-2
-1
0
0
1
1
1
2
2
3
2
2
3
3
3
3
3
3
3
2
2
2
2
1
0
1
1
0
-1
-1
-2
-2
-3
-4
-4
-4
-4
-5
-6
-7
-7
-8
-8
-8
-9
-9
-10
-11
-11
-12
-11
-12
-13
-13
-14
-14
-14
-14
-15
-16
-16
-15
-16
-17
-17
-17
-17
-18
-19
-18
-19
-19
-19
-19
-19
-19
-19
-19
-20
-19
-20
-19
-20
-20
-20
-20
-20
-20
-20
-20
-21
-20
-21
-20
-21
-20
-19
-20
-19
-20
-19
-20
-19
-20
-19
-18
-19
-18
-18
-18
-18
-17
-18
-17
-17
-17
-17
-17
-17
-16
-17
-16
-16
-15
-16
-15
-16
-15
-15
-15
-15
-14
-15
-14
-14
-15
-14
-14
-13
-13
-12
-12
-11
-10
-9
-9
-7
-6
-6
-4
-3
-3
-2
-1
1
1
1
2
2
3
4
4
4
4
5
4
4
4
5
5
5
5
5
4
4
4
4
4
3
3
3
2
2
1
1
0
-1
-1
-2
-2
-2
-3
-3
-4
-4
-5
-5
-6
-7
-7
-8
-8
-9
-8
-9
-10
-10
-11
-11
-12
-12
-13
-13
-13
-14
-14
-15
-15
-16
-15
-16
-17
-17
-17
-17
-18
-17
-18
-19
-18
-19
-20
-19
-20
-19
-20
-19
-20
-20
-20
-21
-20
-21
-20
-21
-21
-20
-20
-20
-21
-20
-21
-20
-21
-20
-20
-21
-20
-21
-20
-21
-20
-20
-20
-19
-19
-19
-20
-19
-19
-19
-19
-19
-18
-18
-18
-18
-17
-17
-17
-17
-17
-17
-16
-17
-16
-16
-16
-16
-15
-16
-15
-15
-15
-15
-15
-15
-14
-15
-15
-14
-15
-14
-15
-14
-14
-13
-13
-14
-13
-13
-11
-11
-11
-10
-9
-8
-7
-7
-6
-4
-3
-2
-2
-1
1
2
2
2
3
3
4
5
5
6
6
6
6
6
6
6
6
6
6
6
6
6
6
6
5
5
5
5
4
4
4
3
3
2
2
1
1
0
0
-1
-1
-2
-3
-3
-4
-4
-5
-5
-6
-6
-7
-8
-8
-8
-8
-9
-9
-10
-10
-10
-11
-12
-12
-12
-13
-13
-13
-14
-14
-15
-16
-16
-16
-16
-17
-16
-17
-17
-17
-18
-18
-18
-18
-19
-19
-20
-19
-20
-19
-20
-20
-21
-20
-21
-20
-21
-20
-21
-21
-21
-21
-21
-21
-21
-21
-20
-21
-21
-21
-21
-21
-21
-20
-21
-20
-21
-21
-21
-20
-21
-20
-20
-20
-19
-20
-19
-20
-19
-19
-18
-19
-19
-18
-18
-18
-18
-17
-18
-17
-17
-16
-17
-16
-17
-16
-16
-16
-16
-15
-15
-15
-15
-15
-15
-15
-15
-14
-15
-14
-14
-14
-14
-14
-13
-14
-13
-13
-12
-12
-12
-10
-10
-10
-8
-8
-7
-5
-4
-3
-2
-1
0
1
2
3
3
4
5
6
6
6
6
6
7
7
7
7
7
7
7
7
7
7
7
7
6
6
6
6
5
4
4
4
4
3
2
2
2
1
0
0
-1
-1
-2
-2
-3
-4
-4
-5
-5
-6
-6
-7
-7
-8
-8
-9
-10
-10
-10
-11
-11
-11
-11
-11
-12
-13
-13
-14
-14
-15
-14
-15
-15
-16
-15
-16
-17
-17
-17
-17
-18
-17
-18
-18
-18
-19
-18
-19
-18
-19
-19
-19
-19
-19
-19
-20
-19
-20
-20
-20
-20
-20
-20
-21
-20
-21
-20
-21
-20
-20
-20
-20
-21
-20
-21
-20
-21
-20
-20
-20
-19
-19
-19
-19
-18
-19
-18
-18
-18
-18
-18
-18
-17
-18
-17
-17
-17
-17
-16
-17
-16
-17
-16
-16
-16
-16
-15
-15
-15
-15
-14
-15
-14
-15
-14
-14
-14
-14
-14
-13
-14
-13
-13
-12
-12
-12
-11
-11
-10
-9
-8
-8
-7
-6
-5
-3
-3
-2
-1
0
1
2
3
3
4
4
4
5
6
6
6
7
7
6
7
7
7
7
7
7
6
6
6
6
6
5
5
4
4
3
3
2
2
1
0
0
-1
-1
-2
-2
-3
-4
-4
-5
-5
-6
-6
-7
-7
-8
-9
-8
-9
-9
-10
-10
-11
-11
-12
-12
-12
-13
-14
-13
-13
-14
-14
-15
-15
-15
-15
-16
-16
-16
-16
-17
-17
-17
-17
-17
-18
-19
-18
-18
-18
-19
-18
-18
-19
-19
-19
-19
-19
-19
-19
-19
-20
-19
-20
-19
-19
-19
-19
-20
-19
-20
-19
-20
-19
-20
-19
-19
-19
-19
-18
-19
-18
-18
-18
-17
-18
-17
-18
-17
-17
-16
-17
-17
-16
-16
-16
-16
-16
-16
-15
-16
-15
-15
-15
-15
-14
-14
-15
-14
-14
-13
-14
-13
-14
-13
-13
-14
-13
-13
-12
-13
-12
-12
-12
-11
-12
-12
-10
-10
-10
-9
-8
-7
-6
-5
-4
-3
-2
-1
0
1
2
2
4
4
5
5
5
6
6
6
7
7
7
7
7
7
7
7
7
7
6
6
6
6
6
6
5
5
4
4
4
3
3
2
2
1
0
0
-1
-1
-2
-2
-3
-4
-4
-4
-5
-6
-6
-6
-7
-7
-7
-8
-9
-9
-10
-10
-11
-11
-10
-11
-11
-12
-12
-13
-13
-14
-14
-13
-14
-15
-15
-14
-15
-15
-16
-16
-16
-17
-16
-17
-17
-17
-18
-17
-18
-18
-18
-19
-18
-19
-18
-19
-18
-19
-18
-19
-19
-19
-19
-19
-19
-19
-19
-19
-18
-19
-19
-19
-19
-19
-19
-19
-18
-19
-18
-18
-18
-19
-17
-18
-18
-18
-17
-17
-17
-17
-16
-17
-16
-16
-15
-16
-15
-15
-14
-15
-15
-15
-15
-14
-14
-14
-14
-13
-13
-14
-13
-13
-12
-12
-11
-12
-11
-10
-10
-9
-8
-7
-7
-5
-4
-4
-3
-1
0
1
1
2
3
4
5
5
6
6
7
7
8
7
8
8
8
8
8
8
9
9
8
8
8
8
8
8
7
7
7
7
6
5
5
4
4
4
3
3
3
2
1
1
1
0
0
-1
-1
-2
-2
-4
-4
-4
-5
-5
-6
-6
-7
-7
-8
-8
-8
-9
-9
-10
-10
-11
-11
-11
-11
-12
-13
-13
-14
-14
-14
-14
-15
-16
-15
-16
-16
-16
-17
-17
-17
-17
-18
-17
-18
-18
-18
-19
-18
-19
-19
-19
-19
-20
-19
-20
-19
-20
-19
-20
-20
-20
-20
-20
-20
-20
-19
-20
-20
-20
-20
-20
-20
-20
-20
-20
-19
-20
-19
-18
-18
-18
-19
-18
-18
-18
-18
-18
-18
-17
-18
-17
-17
-16
-17
-16
-16
-16
-16
-15
-16
-15
-15
-15
-15
-14
-14
-13
-13
-13
-12
-11
-10
-9
-9
-7
-6
-5
-4
-3
-2
-1
0
1
2
2
3
3
5
5
6
6
7
7
7
8
8
8
8
9
8
8
8
8
8
8
8
8
8
8
8
7
7
7
7
6
6
5
5
4
4
3
3
3
2
2
1
1
1
0
0
-2
-2
-2
-3
-3
-4
-4
-5
-5
-6
-6
-7
-7
-7
-8
-9
-9
-10
-10
-11
-11
-12
-12
-13
-12
-13
-13
-14
-14
-13
-14
-15
-15
-15
-16
-16
-16
-16
-17
-16
-17
-18
-17
-18
-17
-18
-18
-18
-19
-18
-19
-18
-19
-18
-19
-19
-19
-20
-19
-20
-19
-20
-20
-19
-20
-19
-20
-19
-20
-19
-20
-20
-19
-19
-20
-19
-20
-19
-20
-19
-19
-19
-19
-18
-19
-18
-18
-18
-17
-18
-17
-17
-17
-17
-16
-16
-16
-16
-15
-15
-15
-14
-14
-13
-12
-11
-10
-9
-8
-7
-6
-4
-3
-3
-2
0
0
1
1
3
3
4
4
5
5
5
7
7
8
8
8
9
9
9
9
10
10
10
10
10
10
10
10
9
9
8
8
8
8
7
7
6
6
6
5
4
4
3
2
2
2
1
1
0
0
0
-2
-2
-3
-3
-3
-4
-4
-5
-5
-6
-6
-7
-7
-7
-8
-8
-9
-10
-10
-11
-11
-11
-12
-13
-13
-13
-13
-14
-14
-15
-14
-15
-16
-15
-15
-16
-16
-16
-17
-17
-17
-17
-17
-17
-18
-18
-18
-18
-18
-18
-19
-18
-19
-19
-19
-19
-19
-19
-19
-20
-19
-20
-19
-20
-19
-20
-19
-20
-19
-20
-19
-20
-19
-19
-19
-18
-18
-18
-18
-18
-18
-17
-18
-17
-18
-17
-17
-17
-17
-16
-16
-15
-15
-15
-13
-13
-11
-10
-10
-8
-7
-7
-4
-4
-3
-1
0
1
1
2
4
4
5
5
6
7
7
8
9
10
10
10
10
11
11
11
11
11
12
12
11
10
11
11
11
11
10
10
10
10
9
7
7
7
7
6
5
5
5
3
3
2
2
2
1
1
0
0
-2
-2
-2
-3
-3
-4
-4
-5
-5
-6
-7
-8
-8
-9
-10
-10
-10
-11
-11
-12
-12
-12
-13
-13
-14
-14
-14
-14
-15
-16
-16
-15
-16
-17
-16
-17
-17
-17
-17
-18
-18
-18
-18
-18
-19
-18
-19
-18
-19
-19
-19
-19
-19
-19
-19
-19
-20
-19
-20
-19
-20
-19
-20
-19
-19
-19
-20
-19
-20
-19
-20
-19
-19
-19
-19
-19
-18
-19
-18
-18
-18
-18
-17
-18
-17
-17
-16
-17
-15
-15
-15
-14
-14
-12
-11
-10
-9
-8
-6
-5
-4
-3
-1
0
0
1
3
4
5
6
6
7
8
9
10
10
11
11
12
12
13
13
13
14
13
13
13
13
13
13
13
13
13
13
12
11
11
10
10
10
9
8
7
7
6
5
5
4
3
2
1
1
1
0
-1
-1
-2
-3
-4
-4
-5
-5
-6
-6
-7
-8
-8
-9
-9
-10
-10
-11
-11
-12
-12
-13
-14
-13
-14
-14
-15
-15
-16
-15
-15
-16
-17
-16
-16
-17
-16
-17
-18
-17
-18
-17
-18
-18
-18
-19
-18
-19
-18
-19
-18
-19
-18
-19
-18
-19
-18
-19
-19
-19
-19
-19
-19
-19
-19
-19
-19
-20
-19
-20
-19
-20
-19
-18
-19
-18
-19
-19
-19
-19
-19
-19
-19
-18
-19
-18
-18
-18
-18
-17
-17
-17
-17
-15
-15
-14
-14
-13
-11
-11
-9
-9
-7
-6
-5
-4
-3
-1
0
1
2
3
4
5
6
7
7
8
8
10
11
11
11
11
12
12
12
12
12
12
12
12
12
12
12
12
11
12
11
11
11
9
9
8
8
8
7
6
6
4
4
4
3
3
2
1
1
0
-1
-1
-2
-3
-3
-4
-4
-6
-6
-7
-7
-8
-8
-9
-9
-10
-10
-10
-11
-11
-12
-12
-13
-13
-14
-13
-13
-14
-14
-15
-15
-15
-15
-16
-15
-16
-17
-16
-17
-17
-17
-17
-17
-18
-18
-18
-18
-18
-18
-18
-18
-18
-18
-18
-18
-18
-18
-18
-19
-18
-19
-18
-19
-18
-19
-19
-19
-19
-19
-19
-19
-19
-19
-19
-20
-19
-20
-19
-19
-19
-19
-19
-19
-18
-19
-18
-19
-18
-18
-18
-18
-18
-18
-17
-18
-17
-17
-16
-16
-14
-14
-12
-12
-11
-9
-8
-8
-6
-5
-4
-2
-1
0
1
2
3
4
4
6
6
7
8
9
10
10
11
11
12
12
12
12
12
13
13
13
12
12
11
11
11
11
10
10
10
10
9
8
7
7
7
6
6
5
5
4
3
2
1
1
0
0
-1
-1
-1
-2
-3
-4
-4
-5
-5
-6
-6
-7
-7
-7
-8
-9
-9
-10
-10
-11
-10
-11
-11
-11
-12
-13
-13
-14
-14
-14
-14
-14
-15
-14
-14
-15
-15
-15
-15
-16
-15
-15
-16
-15
-16
-15
-16
-16
-16
-16
-16
-16
-16
-16
-17
-16
-16
-16
-16
-16
-17
-16
-17
-16
-16
-17
-16
-17
-17
-17
-17
-17
-16
-17
-17
-17
-17
-17
-18
-17
-17
-17
-17
-16
-17
-17
-17
-16
-17
-17
-16
-16
-15
-16
-14
-14
-14
-12
-12
-10
-10
-9
-7
-7
-6
-5
-3
-3
-2
-1
1
1
2
3
4
4
5
6
7
7
7
8
8
8
9
9
9
9
9
10
9
9
9
9
9
9
8
8
8
8
7
7
7
6
6
6
5
3
3
3
2
1
1
0
0
-1
-1
-1
-2
-2
-3
-4
-4
-5
-6
-6
-6
-7
-7
-7
-8
-8
-8
-9
-9
-10
-10
-11
-11
-11
-12
-11
-11
-12
-12
-13
-13
-12
-13
-13
-13
-14
-13
-13
-14
-13
-14
-14
-14
-14
-14
-14
-15
-15
-14
-15
-14
-15
-15
-14
-15
-14
-15
-15
-15
-15
-15
-15
-14
-15
-16
-15
-16
-15
-15
-15
-16
-16
-16
-16
-16
-16
-15
-16
-16
-16
-16
-15
-15
-16
-15
-15
-14
-13
-13
-12
-11
-11
-9
-8
-8
-6
-5
-5
-4
-2
-1
-1
0
1
2
3
3
4
4
4
5
5
6
7
7
7
7
7
8
7
7
7
7
7
7
7
6
6
6
6
5
5
5
5
4
4
4
3
3
2
2
2
1
1
0
0
-1
-1
-2
-2
-2
-3
-4
-5
-5
-6
-6
-7
-7
-7
-8
-8
-8
-8
-9
-9
-10
-10
-10
-10
-10
-11
-11
-11
-11
-12
-11
-12
-12
-12
-13
-12
-13
-13
-13
-13
-13
-14
-13
-13
-14
-13
-14
-14
-13
-14
-14
-14
-14
-14
-14
-14
-14
-14
-14
-14
-15
-14
-15
-15
-14
-15
-15
-15
-15
-15
-16
-16
-15
-15
-16
-16
-16
-16
-15
-16
-15
-16
-16
-15
-16
-15
-15
-15
-14
-13
-13
-11
-11
-10
-8
-7
-7
-5
-4
-3
-2
-1
1
1
2
3
3
4
6
6
7
7
8
8
8
9
9
9
9
9
9
9
9
9
9
9
9
9
9
9
9
9
8
8
8
8
6
5
5
5
4
4
3
3
2
2
1
1
0
0
-1
-2
-3
-3
-3
-4
-4
-5
-5
-5
-6
-6
-6
-7
-8
-8
-8
-9
-9
-10
-10
-9
-10
-10
-10
-11
-11
-11
-11
-11
-11
-11
-12
-12
-12
-12
-12
-13
-12
-12
-13
-12
-13
-13
-13
-13
-13
-13
-13
-13
-13
-13
-14
-13
-13
-14
-14
-14
-14
-14
-15
-14
-14
-14
-15
-15
-14
-15
-14
-15
-15
-14
-15
-15
-15
-16
-15
-16
-15
-15
-16
-15
-16
-15
-16
-16
-15
-16
-15
-15
-15
-14
-14
-13
-12
-11
-11
-9
-8
-8
-5
-5
-4
-3
-1
0
0
1
2
2
4
4
5
5
6
6
6
7
7
8
8
8
9
9
9
9
9
9
9
9
9
9
8
8
7
7
7
7
6
6
6
5
5
4
4
4
3
3
2
2
0
0
-1
-1
-1
-2
-2
-2
-3
-3
-3
-4
-4
-5
-6
-6
-7
-7
-8
-8
-8
-9
-9
-9
-9
-10
-10
-10
-10
-10
-11
-11
-11
-11
-11
-11
-11
-11
-12
-11
-12
-12
-12
-12
-12
-12
-11
-12
-12
-12
-12
-13
-13
-13
-13
-12
-13
-14
-13
-13
-14
-13
-14
-13
-14
-14
-14
-14
-15
-14
-14
-14
-15
-15
-15
-15
-14
-15
-15
-15
-15
-14
-15
-15
-15
-15
-15
-15
-15
-14
-15
-15
-14
-15
-14
-14
-14
-13
-14
-13
-12
-12
-11
-10
-9
-9
-7
-6
-5
-5
-3
-2
-1
-1
0
2
2
3
3
4
4
5
6
6
7
7
7
8
7
8
8
8
8
8
8
8
8
8
8
8
8
8
7
7
7
6
6
6
5
5
3
3
3
2
2
1
1
0
0
-1
-1
-1
-2
-2
-2
-3
-3
-3
-5
-5
-6
-6
-6
-6
-7
-7
-7
-8
-8
-8
-8
-9
-9
-9
-9
-10
-9
-10
-10
-10
-11
-11
-10
-10
-11
-11
-11
-11
-11
-11
-12
-11
-11
-12
-12
-11
-12
-12
-12
-12
-13
-12
-12
-13
-12
-13
-13
-13
-13
-12
-13
-13
-13
-13
-14
-13
-14
-13
-13
-14
-13
-14
-14
-14
-14
-15
-14
-15
-14
-14
-15
-14
-15
-15
-15
-15
-15
-15
-15
-15
-15
-15
-15
-15
-14
-15
-15
-14
-14
-13
-13
-13
-12
-11
-11
-9
-9
-8
-7
-6
-5
-4
-4
-2
-1
-1
0
1
2
3
3
3
4
4
5
6
6
6
7
7
7
7
7
7
8
8
8
7
7
7
7
7
7
6
6
6
6
5
5
4
4
4
3
3
2
2
1
1
-1
-1
-1
-2
-2
-2
-3
-3
-3
-3
-4
-4
-5
-5
-5
-6
-6
-6
-7
-7
-7
-7
-8
-8
-8
-8
-8
-9
-9
-9
-10
-9
-9
-9
-10
-10
-10
-9
-9
-10
-10
-10
-10
-10
-10
-11
-10
-10
-11
-11
-10
-11
-11
-11
-11
-11
-11
-11
-11
-11
-11
-12
-11
-12
-12
-11
-12
-12
-11
-12
-12
-12
-12
-12
-12
-12
-12
-12
-12
-13
-12
-13
-13
-12
-13
-13
-12
-13
-13
-12
-13
-13
-13
-13
-14
-13
-13
-14
-13
-13
-13
-12
-12
-12
-11
-11
-10
-10
-8
-7
-7
-6
-4
-4
-3
-3
-1
0
0
1
1
2
2
4
4
4
4
5
5
5
5
5
6
6
6
6
6
6
7
7
7
7
7
6
6
5
5
5
5
4
3
3
3
2
2
1
1
0
0
-1
-1
-2
-2
-2
-3
-3
-3
-4
-4
-4
-5
-5
-5
-5
-5
-6
-6
-6
-7
-7
-7
-7
-8
-8
-8
-8
-9
-9
-9
-9
-8
-9
-9
-9
-9
-10
-9
-9
-9
-10
-10
-9
-9
-10
-10
-10
-10
-10
-11
-10
-10
-10
-11
-10
-10
-11
-10
-11
-11
-10
-11
-11
-10
-11
-12
-11
-11
-12
-11
-12
-12
-12
-12
-13
-12
-13
-13
-12
-13
-13
-13
-13
-13
-14
-13
-14
-14
-13
-14
-14
-13
-13
-14
-12
-12
-12
-11
-11
-10
-9
-8
-8
-7
-6
-5
-4
-4
-3
-2
-1
0
0
1
1
2
3
4
4
4
5
5
5
5
5
5
7
7
7
7
7
7
7
7
7
7
7
6
6
6
5
5
4
4
4
3
3
2
2
2
1
1
0
0
0
-1
-2
-3
-3
-3
-3
-4
-4
-4
-4
-5
-5
-5
-5
-5
-6
-6
-6
-7
-6
-7
-7
-8
-8
-8
-8
-8
-9
-8
-8
-8
-9
-9
-10
-10
-9
-9
-10
-10
-10
-9
-10
-10
-10
-10
-10
-11
-11
-10
-11
-11
-10
-11
-11
-10
-11
-11
-11
-11
-11
-11
-11
-11
-12
-11
-12
-12
-11
-12
-12
-12
-12
-13
-12
-13
-13
-12
-13
-13
-12
-13
-13
-13
-13
-13
-13
-13
-14
-13
-13
-13
-12
