36
72
28
72
48
40
77
21
84
36
61
57
36
77
36
72
40
69
48
57
64
36
80
29
84
45
52
76
29
88
37
72
53
56
72
44
76
41
76
40
72
61
44
85
28
92
40
64
73
37
88
41
77
48
69
57
60
72
45
85
37
85
56
53
85
32
96
45
76
60
57
81
49
80
48
81
48
76
68
49
88
36
96
49
68
81
40
97
48
81
56
72
68
60
81
49
89
45
92
64
57
93
37
100
49
80
73
56
92
52
85
57
85
57
77
80
52
97
45
100
60
73
89
45
105
52
89
65
76
81
64
88
57
96
53
96
73
64
101
45
109
57
85
80
60
101
60
96
64
93
69
80
89
60
104
49
108
69
77
100
53
112
61
96
76
80
92
68
97
65
100
61
100
81
69
108
52
113
65
92
93
64
112
65
101
72
96
80
88
100
69
108
61
112
77
80
108
57
121
69
101
85
85
104
76
108
76
109
72
105
93
76
116
61
125
76
101
105
72
124
76
113
85
105
92
93
108
77
120
69
124
89
89
120
68
129
80
112
96
93
116
84
116
85
120
84
113
105
85
125
72
133
84
105
113
80
133
85
121
93
113
104
101
117
88
128
81
129
100
97
128
73
137
88
120
104
101
124
92
125
93
125
93
120
112
93
133
80
141
93
116
125
88
140
92
129
100
121
112
109
125
97
137
88
140
108
104
140
85
148
97
128
116
108
137
100
133
104
136
101
129
124
100
145
89
148
104
124
136
96
149
101
136
109
129
121
117
137
104
144
96
148
117
116
148
92
156
105
137
124
120
145
112
144
109
144
109
140
133
113
153
100
160
112
136
141
109
160
112
148
120
140
128
129
144
116
156
108
157
125
125
156
105
168
116
149
132
132
152
121
153
121
156
117
152
141
121
164
109
168
120
145
149
121
168
121
156
128
152
132
145
153
124
164
117
172
129
141
161
113
177
124
157
137
145
156
133
161
129
165
125
165
145
132
173
116
181
129
157
153
137
173
129
165
133
164
136
157
157
132
177
121
181
137
153
168
125
184
133
169
144
160
156
149
168
137
177
129
181
148
149
181
125
188
136
173
153
153
176
145
177
144
180
140
176
161
145
188
129
193
145
169
172
145
189
145
181
149
180
157
169
176
148
192
137
197
152
168
185
140
201
148
185
161
176
173
164
185
153
193
144
193
164
161
196
140
204
153
185
169
168
192
160
193
156
193
157
189
177
160
201
145
208
156
185
185
160
205
157
197
164
193
169
185
189
161
205
149
208
164
180
196
156
212
160
201
172
189
184
177
196
165
208
156
209
176
177
205
156
217
165
201
181
185
200
173
205
169
209
164
208
185
176
213
157
221
168
200
192
180
212
173
208
176
208
177
205
197
173
220
161
224
177
201
204
172
224
176
212
181
212
189
200
208
177
224
169
228
184
196
217
173
232
177
217
188
208
204
197
216
184
225
177
228
193
196
228
173
237
184
220
201
205
217
193
224
188
229
185
229
204
197
232
176
241
189
221
209
200
229
196
229
193
232
192
228
213
197
240
180
244
193
224
217
200
240
196
232
201
233
200
224
224
197
244
185
248
201
224
228
197
248
200
237
205
233
213
224
233
201
245
192
252
208
224
240
196
252
201
241
213
237
221
225
240
208
253
200
256
213
224
248
201
260
205
245
220
237
232
224
245
209
256
205
257
221
228
253
205
268
213
248
224
236
240
224
249
216
260
209
261
228
229
260
204
272
217
253
232
240
249
229
256
221
265
217
264
236
232
268
209
276
221
260
237
241
257
233
264
229
269
225
268
245
237
273
216
285
229
265
248
245
268
236
268
233
273
228
273
248
241
281
220
288
233
269
253
249
273
240
273
237
277
236
277
256
245
284
228
293
237
273
257
256
276
244
281
244
285
241
281
261
249
289
233
296
245
280
261
260
285
252
284
248
289
245
289
265
257
296
237
304
249
285
268
268
288
256
289
253
293
252
296
269
264
300
244
309
252
292
272
273
292
265
297
260
301
256
300
272
268
305
249
317
260
296
276
281
292
273
301
264
309
260
309
277
277
308
256
320
264
305
281
293
297
280
308
272
316
264
317
281
288
316
264
328
272
313
285
300
297
288
312
276
324
268
325
284
296
317
272
333
277
317
288
312
300
301
316
281
328
273
336
289
309
321
281
337
284
328
296
325
304
312
320
289
340
280
345
296
321
325
293
344
292
336
301
332
301
324
324
300
345
285
352
300
329
325
305
345
301
341
305
340
304
336
325
308
352
289
360
305
337
325
316
344
309
348
309
349
308
349
328
317
357
300
368
308
349
328
332
345
320
352
317
360
308
360
329
332
360
308
372
316
357
328
348
344
336
356
320
369
313
373
329
344
361
320
380
321
365
332
360
341
352
360
329
376
317
380
329
357
361
332
381
332
372
336
372
337
369
360
340
385
325
393
336
372
357
352
381
341
381
341
385
340
385
360
353
388
333
400
344
384
357
368
376
360
384
348
396
340
397
356
369
392
344
405
349
393
361
389
368
376
388
356
405
345
409
361
388
389
361
408
361
404
365
404
365
400
389
368
416
352
421
365
404
385
385
405
373
408
369
416
364
420
384
388
417
361
428
369
413
384
408
393
396
412
376
425
368
433
380
405
409
381
429
381
424
384
421
384
417
405
389
433
373
441
385
425
405
405
424
396
428
389
436
385
441
404
408
436
384
448
392
437
404
429
412
421
429
396
449
388
453
401
433
428
405
449
404
445
404
445
404
445
424
416
453
393
465
405
449
421
437
432
425
449
409
460
404
464
416
441
449
412
468
413
460
421
456
420
452
441
424
469
408
476
417
460
436
444
456
433
465
425
473
420
476
432
448
468
424
484
425
472
436
468
437
464
461
433
485
420
492
432
473
453
453
476
445
480
440
488
432
488
449
460
485
437
501
441
489
452
485
456
480
480
452
501
440
508
452
489
472
473
492
460
496
453
505
448
509
464
481
500
456
516
457
505
465
504
469
500
489
468
516
452
525
464
508
481
493
493
485
508
469
521
460
528
472
505
501
481
520
476
521
476
521
473
528
493
497
524
472
540
477
525
488
521
492
516
512
489
540
473
545
485
529
505
512
521
501
532
492
544
485
549
497
524
529
500
548
497
541
500
545
497
545
517
512
549
492
560
500
545
512
544
517
536
540
509
561
497
569
509
548
528
533
549
524
556
512
564
508
569
521
545
552
520
573
520
565
525
568
521
568
541
537
573
513
585
525
573
537
565
545
557
565
532
584
520
592
533
572
552
556
569
545
581
537
589
532
593
544
573
576
545
593
541
588
548
593
545
593
560
564
597
540
608
548
596
560
596
565
589
585
564
612
548
620
556
604
573
593
588
584
605
565
621
556
625
568
605
589
588
609
577
616
573
624
565
628
580
604
609
581
629
577
624
580
625
577
629
596
601
629
577
644
580
632
592
629
593
628
613
597
641
580
653
589
637
604
629
612
624
629
600
652
585
661
597
644
617
629
629
621
645
605
657
593
664
608
645
629
628
652
617
656
609
665
605
673
616
648
648
624
665
620
664
621
668
616
672
628
649
664
621
680
621
672
629
672
625
677
641
649
677
621
693
629
681
636
677
640
677
656
648
689
625
701
636
688
648
681
652
677
672
649
701
633
708
644
692
657
685
664
680
684
653
709
641
717
652
701
669
689
681
680
696
660
717
649
724
660
705
677
693
692
681
708
664
724
656
728
668
713
689
697
705
685
716
672
733
668
741
681
720
704
705
725
697
733
685
741
681
752
693
729
717
712
736
700
740
692
749
689
756
701
737
725
716
744
708
749
700
756
697
765
709
741
733
721
753
713
756
709
765
704
772
716
748
741
725
764
721
765
716
772
712
780
724
757
753
736
772
728
772
725
781
721
789
732
769
761
745
780
740
784
733
789
728
797
740
776
768
757
789
749
789
741
800
737
805
749
785
772
768
793
757
797
748
808
741
816
753
797
777
780
797
768
805
757
817
752
825
761
805
781
792
800
781
812
768
825
756
833
768
817
789
805
801
796
817
773
836
764
841
776
828
793
817
805
809
821
785
845
772
853
785
836
801
833
804
824
825
800
852
781
861
792
845
804
845
809
840
825
812
856
792
869
801
856
812
857
809
856
828
829
860
808
876
812
868
820
872
821
877
836
856
869
832
888
829
884
833
888
828
893
837
872
864
852
885
844
889
836
897
832
904
844
888
864
872
880
864
892
848
908
837
916
845
901
864
893
873
885
889
861
913
845
924
852
909
864
908
865
908
885
880
916
860
932
865
920
873
924
869
928
884
904
917
880
933
880
932
877
937
872
945
884
925
909
909
928
901
936
889
952
877
960
888
944
908
932
916
924
933
901
961
885
969
896
953
908
952
909
949
924
924
957
900
972
905
961
912
964
909
969
920
949
948
925
968
921
969
917
977
908
984
920
969
941
953
953
944
968
928
989
913
996
924
984
937
980
941
977
961
953
992
928
1005
936
993
941
996
940
1000
952
980
980
957
1001
952
1001
945
1009
941
1017
949
1000
969
988
984
981
1000
964
1028
953
1037
965
1024
981
1025
984
1025
1000
1001
1033
981
1048
981
1041
985
1045
980
1052
993
1032
1016
1013
1036
1004
1041
993
1060
984
1065
992
1052
1008
1045
1013
1040
1028
1016
1060
996
1072
1001
1061
1005
1060
1000
1065
1013
1045
1037
1028
1057
1020
1061
1008
1076
1001
1085
1013
1069
1029
1064
1037
1060
1052
1037
1084
1016
1096
1025
1085
1032
1088
1029
1096
1041
1076
1068
1057
1085
1049
1092
1036
1104
1028
1112
1040
1097
1053
1092
1060
1092
1073
1069
1105
1045
1117
1048
1108
1053
1113
1049
1120
1057
1104
1080
1089
1096
1081
1105
1064
1128
1048
1133
1060
1121
1069
1120
1068
1124
1081
1100
1112
1080
1128
1076
1128
1069
1136
1061
1144
1073
1132
1088
1125
1096
1120
1109
1100
1141
1077
1152
1084
1144
1084
1149
1080
1157
1092
1141
1112
1125
1129
1117
1140
1100
1161
1084
1169
1093
1157
1104
1156
1101
1165
1112
1144
1137
1125
1157
1120
1165
1112
1185
1108
1197
1121
1184
1136
1185
1141
1188
1156
1169
1188
1148
1204
1148
1205
1144
1212
1136
1220
1148
1208
1161
1201
1168
1197
1180
1176
1212
1156
1225
1157
1216
1157
1224
1152
1233
1161
1217
1176
1208
1184
1205
1200
1184
1225
1161
1237
1164
1229
1165
1233
1161
1241
1172
1225
1192
1213
1201
1209
1212
1193
1241
1172
1253
1177
1241
1185
1248
1180
1256
1188
1241
1209
1229
1220
1228
1236
1209
1261
1189
1272
1196
1261
1200
1264
1197
1273
1209
1261
1228
1248
1237
1241
1253
1221
1277
1204
1288
1209
1277
1216
1280
1209
1288
1221
1272
1240
1260
1249
1257
1261
1236
1288
1217
1297
1221
1289
1225
1293
1221
1300
1229
1285
1248
1276
1252
1272
1269
1253
1296
1233
1309
1233
1300
1236
1305
1232
1313
1241
1301
1257
1292
1260
1292
1273
1272
1301
1253
1317
1253
1312
1249
1321
1241
1328
1253
1316
1265
1312
1269
1313
1280
1297
1304
1277
1321
1272
1321
1265
1336
1253
1345
1265
1333
1276
1333
1277
1341
1289
1325
1316
1312
1337
1313
1348
1304
1372
1292
1384
1301
1372
1313
1377
1313
1389
1320
1373
1344
1361
1353
1361
1368
1344
1392
1324
1405
1329
1392
1328
1401
1325
1409
1333
1396
1349
1393
1348
1392
1360
1373
1384
1356
1400
1352
1400
1340
1413
1329
1421
1336
1409
1345
1405
1344
1412
1353
1397
1373
1384
1380
1384
1393
1365
1416
1349
1428
1353
1421
1353
1428
1348
1437
1356
1425
1372
1420
1376
1421
1388
1404
1412
1389
1428
1385
1429
1372
1449
1364
1456
1372
1441
1381
1445
1377
1453
1385
1437
1404
1428
1412
1424
1424
1409
1448
1388
1460
1389
1452
1389
1464
1380
1472
1388
1460
1401
1457
1400
1464
1409
1444
1428
1429
1440
1424
1452
1413
1473
1397
1480
1400
1472
1404
1476
1397
1484
1405
1473
1421
1468
1425
1469
1433
1456
1456
1440
1472
1436
1476
1424
1496
1413
1504
1420
1492
1425
1497
1421
1504
1429
1493
1444
1488
1449
1488
1460
1473
1481
1457
1496
1453
1500
1445
1520
1437
1529
1445
1520
1456
1528
1457
1540
1468
1532
1488
1529
1492
1536
1505
1521
1529
1508
1548
1505
1549
1497
1573
1489
1580
1496
1568
1501
1577
1497
1584
1505
1573
1517
1568
1520
1572
1528
1560
1545
1545
1560
1540
1565
1528
1585
1512
1592
1513
1585
1513
1592
1505
1597
1512
1588
1521
1585
1520
1593
1525
1577
1541
1569
1549
1568
1557
1552
1581
1537
1593
1536
1589
1528
1608
1520
1613
1525
1604
1532
1608
1529
1617
1536
1604
1549
1600
1552
1604
1560
1588
1577
1577
1589
1572
1596
1561
1617
1545
1628
1549
1621
1548
1628
1540
1637
1548
1624
1561
1624
1556
1633
1565
1620
1581
1616
1584
1616
1592
1600
1616
1585
1628
1584
1629
1577
1648
1564
1657
1573
1649
1576
1653
1569
1665
1577
1653
1592
1652
1592
1660
1597
1645
1616
1637
1625
1636
1632
1625
1656
1609
1668
1612
1664
1605
1681
1596
1689
1601
1680
1604
1685
1600
1692
1609
1684
1621
1681
1620
1689
1628
1677
1649
1668
1660
1672
1669
1664
1696
1653
1709
1656
1712
1653
1733
1644
1740
1653
1732
1656
1740
1653
1748
1661
1740
1673
1740
1672
1748
1680
1740
1697
1732
1701
1736
1708
1725
1724
1713
1736
1713
1737
1704
1756
1692
1764
1693
1756
1689
1769
1677
1776
1684
1764
1684
1768
1680
1777
1685
1765
1693
1765
1689
1772
1696
1760
1709
1756
1708
1760
1713
1749
1732
1741
1740
1741
1741
1732
1761
1721
1772
1720
1769
1716
1785
1705
1796
1709
1785
1708
1796
1701
1805
1708
1792
1717
1796
1712
1804
1721
1796
1733
1792
1733
1800
1736
1789
1753
1784
1757
1789
1764
1776
1781
1768
1792
1769
1793
1760
1813
1748
1821
1752
1816
1748
1832
1740
1840
1748
1829
1748
1837
1745
1844
1753
1833
1761
1837
1761
1844
1764
1837
1781
1833
1780
1841
1784
1828
1804
1820
1805
1824
1812
1813
1828
1805
1837
1804
1840
1800
1857
1788
1868
1793
1860
1788
1876
1784
1881
1789
1873
1792
1877
1788
1889
1796
1877
1805
1880
1804
1892
1809
1884
1824
1885
1828
1893
1837
1885
1856
1885
1860
1889
1868
1884
1889
1876
1897
1876
1900
1872
1917
1860
1924
1864
1920
1860
1936
1852
1944
1857
1936
1857
1945
1849
1952
1856
1941
1861
1949
1856
1956
1860
1945
1868
1945
1864
1953
1869
1944
1876
1941
1873
1948
1876
1937
1889
1932
1889
1937
1893
1928
1908
1920
1913
1928
1916
1917
1929
1912
1937
1913
1940
1909
1956
1901
1964
1904
1960
1900
1977
1892
1980
1897
1973
1897
1985
1892
1992
1896
1981
1901
1992
1896
1997
1904
1988
1908
1992
1904
2001
1912
1993
1920
1993
1917
2001
1920
1993
1933
1993
1932
2001
1937
1992
1953
1989
1952
1993
1956
1985
1969
1981
1976
1984
1976
1977
1992
1968
2000
1972
2001
1969
2016
1960
2021
1965
2020
1961
2036
1952
2040
1957
2032
1957
2045
1953
2052
1957
2044
1960
2053
1956
2061
1961
2048
1965
2057
1964
2064
1969
2057
1977
2057
1972
2069
1980
2061
1989
2061
1985
2068
1988
2061
2001
2060
2000
2069
2004
2065
2020
2060
2020
2068
2025
2068
2041
2064
2045
2073
2052
2069
2065
2065
2073
2073
2072
2068
2088
2060
2093
2065
2092
2060
2104
2056
2105
2057
2101
2053
2116
2045
2117
2048
2112
2048
2125
2041
2128
2045
2116
2045
2129
2037
2133
2040
2125
2044
2136
2036
2141
2041
2129
2045
2140
2040
2149
2049
2137
2049
2148
2048
2156
2053
2145
2060
2153
2057
2164
2061
2152
2068
2156
2064
2169
2069
2161
2076
2164
2076
2172
2080
2164
2085
2165
2085
2176
2088
2169
2096
2169
2093
2177
2096
2173
2105
2172
2101
2181
2104
2176
2117
2173
2112
2185
2116
2177
2125
2176
2125
2184
2125
2181
2136
2177
2137
2185
2136
2180
2148
2180
2148
2188
2149
2180
2160
2181
2161
2185
2160
2184
2173
2180
2173
2189
2173
2185
2184
2181
2185
2189
2185
2184
2197
2184
2197
2188
2197
2188
2208
2185
2212
2189
2208
2188
2220
2185
2224
2189
2221
2192
2232
2185
2233
2192
2229
2192
2240
2189
2244
2193
2240
2196
2253
2192
2253
2197
2252
2201
2260
2192
2264
2201
2260
2205
2272
2200
2276
2209
2272
2213
2288
2208
2293
2216
2285
2220
2300
2216
2304
2224
2297
2228
2308
2221
2309
2229
2301
2229
2313
2224
2312
2228
2304
2232
2312
2224
2316
2228
2308
2232
2317
2225
2320
2236
2313
2236
2325
2232
2325
2240
2317
2244
2329
2237
2333
2244
2325
2248
2336
2244
2341
2252
2332
2260
2344
2253
2348
2260
2341
2264
2349
2260
2353
2269
2344
2273
2356
2269
2360
2276
2352
2280
2364
2276
2364
2284
2356
2288
2369
2281
2369
2288
2364
2296
2373
2288
2377
2296
2369
2301
2380
2297
2380
2305
2373
2309
2385
2305
2385
2312
2377
2317
2388
2316
2388
2321
2385
2328
2392
2325
2393
2333
2388
2336
2397
2332
2396
2340
2393
2345
2400
2344
2401
2353
2392
2356
2400
2352
2404
2361
2397
2364
2404
2365
2405
2373
2397
2377
2404
2377
2404
2385
2397
2388
2405
2389
2404
2401
2396
2401
2404
2404
2401
2412
2397
2413
2401
2416
2400
2428
2396
2428
2400
2428
2396
2441
2393
2440
2401
2444
2396
2453
2397
2453
2401
2457
2400
2472
2401
2469
2409
2473
2404
2484
2404
2485
2413
2485
2409
2500
2405
2492
2413
2496
2405
2504
2408
2501
2409
2500
2404
2512
2408
2504
2409
2508
2404
2517
2408
2509
2412
2517
2408
2525
2413
2516
2417
2524
2416
2529
2420
2520
2424
2532
2424
2537
2432
2525
2436
2537
2433
2541
2445
2532
2449
2540
2449
2541
2457
2532
2465
2540
2464
2540
2472
2532
2481
2537
2481
2536
2492
2528
2496
2532
2497
2529
2508
2521
2513
2524
2517
2520
2528
2516
2529
2520
2532
2516
2544
2509
2545
2516
2552
2509
2564
2505
2565
2512
2565
2505
2577
2504
2576
2509
2581
2505
2592
2501
2588
2508
2593
2501
2605
2504
2601
2508
2601
2504
2612
2505
2608
2509
2612
2504
2621
2509
2613
2512
2624
2512
2629
2520
2621
2524
2632
2521
2632
2532
2624
2537
2633
2537
2632
2548
2625
2556
2628
2556
2628
2565
2617
2572
2621
2577
2617
2588
2608
2593
2613
2600
2605
2613
2597
2617
2600
2620
2597
2632
2589
2637
2596
2641
2588
2653
2584
2653
2589
2657
2581
2669
2580
2668
2584
2673
2580
2688
2585
2684
2585
2692
2584
2700
2589
2693
2592
2701
2592
2708
2597
2701
2600
2709
2601
2709
2609
2700
2616
2704
2613
2704
2625
2693
2632
2696
2636
2693
2648
2681
2656
2680
2661
2677
2676
2668
2681
2668
2689
2661
2700
2657
2705
2657
2708
2649
2724
2648
2721
2649
2728
2645
2740
2645
2737
2645
2744
2641
2756
2644
2748
2644
2756
2645
2765
2649
2756
2652
2765
2653
2768
2661
2756
2669
2764
2669
2765
2680
2752
2693
2753
2696
2749
2708
2740
2716
2736
2721
2733
2737
2721
2741
2724
2748
2713
2765
2708
2765
2712
2773
2705
2785
2701
2785
2701
2789
2696
2804
2696
2797
2696
2805
2693
2813
2697
2809
2701
2817
2701
2821
2709
2812
2720
2816
2720
2817
2732
2805
2741
2805
2745
2801
2761
2789
2772
2788
2777
2781
2793
2768
2801
2769
2809
2761
2821
2753
2824
2756
2832
2749
2845
2744
2845
2745
2848
2741
2860
2744
2852
2745
2861
2745
2868
2752
2856
2760
2865
2764
2864
2776
2853
2785
2852
2792
2848
2805
2837
2817
2832
2825
2825
2841
2812
2848
2812
2857
2804
2873
2800
2876
2801
2881
2793
2896
2792
2896
2793
2901
2789
2912
2793
2905
2796
2913
2797
2917
2808
2905
2816
2912
2817
2905
2833
2892
2844
2889
2852
2880
2865
2869
2876
2865
2884
2856
2900
2844
2908
2848
2913
2836
2928
2833
2928
2832
2932
2828
2944
2829
2940
2829
2948
2829
2952
2837
2945
2848
2949
2852
2948
2864
2933
2877
2933
2885
2924
2901
2912
2912
2909
2921
2897
2937
2888
2945
2888
2952
2876
2968
2873
2969
2873
2972
2864
2984
2868
2981
2869
2988
2868
2992
2876
2985
2889
2989
2893
2985
2905
2972
2920
2965
2929
2957
2944
2945
2953
2941
2964
2929
2980
2920
2989
2920
2996
2912
3009
2908
3008
2908
3017
2901
3024
2905
3020
2909
3029
2912
3028
2920
3016
2933
3020
2941
3012
2956
3000
2968
2993
2980
2984
2997
2969
3004
2969
3016
2956
3033
2949
3036
2948
3041
2940
3053
2940
3053
2940
3061
2941
3065
2948
3057
2956
3061
2961
3057
2977
3044
2988
3037
3001
3029
3017
3013
3029
3009
3040
2996
3056
2989
3064
2985
3068
2980
3084
2977
3085
2976
3092
2973
3101
2981
3093
2989
3101
2992
3096
3009
3085
3020
3077
3033
3068
3049
3053
3060
3048
3072
3036
3089
3025
3097
3021
3104
3012
3117
3008
3117
3008
3124
3005
3132
3009
3124
3017
3132
3024
3124
3040
3109
3053
3105
3065
3093
3085
3077
3096
3072
3109
3060
3124
3049
3132
3049
3140
3037
3153
3036
3149
3037
3157
3036
3164
3045
3156
3057
3160
3064
3148
3080
3136
3093
3128
3109
3113
3124
3100
3136
3096
3148
3081
3164
3073
3169
3069
3177
3065
3189
3064
3184
3068
3192
3073
3193
3085
3181
3097
3177
3109
3168
3129
3149
3141
3144
3157
3129
3176
3117
3181
3113
3193
3101
3205
3096
3205
3096
3216
3093
3221
3096
3213
3108
3217
3116
3212
3132
3196
3148
3189
3160
3177
3180
3160
3192
3156
3205
3140
3221
3132
3224
3132
3232
3124
3245
3125
3241
3128
3249
3129
3252
3141
3240
3157
3236
3164
3225
3185
3208
3201
3201
3216
3184
3233
3172
3241
3169
3249
3156
3269
3152
3265
3153
3276
3152
3280
3157
3273
3172
3273
3177
3269
3196
3249
3209
3240
3225
3229
3248
3212
3260
3212
3272
3197
3289
3189
3293
3184
3300
3181
3312
3184
3304
3192
3309
3196
3305
3213
3289
3229
3280
3244
3268
3261
3249
3276
3244
3288
3228
3308
3217
3312
3212
3320
3205
3333
3208
3328
3213
3337
3216
3333
3232
3317
3248
3313
3260
3296
3281
3281
3297
3273
3308
3256
3328
3245
3337
3241
3345
3232
3357
3233
3356
3236
3365
3241
3360
3256
3348
3272
3341
3285
3328
3305
3309
3321
3301
3336
3285
3353
3272
3361
3269
3372
3261
3385
3260
3380
3264
3388
3269
3385
3280
3372
3297
3364
3309
3353
3332
3333
3349
3325
3365
3308
3385
3297
3389
3292
3400
3284
3413
3285
3405
3288
3413
1
1
0
0
0
0
0
0
0
0
1
1
1
1
1
1
1
1
1
1
1
1
1
0
0
0
0
1
1
1
1
1
0
1
1
1
1
1
1
1
0
0
0
0
0
1
0
0
1
1
1
1
0
1
1
1
1
1
1
1
1
0
0
0
0
1
1
1
1
1
1
2
2
2
2
2
3
3
3
2
2
2
2
2
1
1
1
1
1
0
0
0
0
0
0
0
0
0
0
0
0
0
0
0
0
0
0
-1
-1
-1
-1
-1
-1
-1
-1
-1
-1
-1
-1
-1
0
0
0
0
0
0
0
0
0
0
0
0
0
0
0
0
0
0
0
0
0
0
0
0
0
0
0
0
0
0
0
0
0
1
1
1
1
1
1
1
1
1
1
1
1
1
0
0
0
0
0
0
0
0
0
0
0
0
0
0
0
0
0
0
0
0
0
0
0
0
0
0
0
0
0
0
0
0
0
0
0
0
0
0
0
0
0
0
0
0
0
0
0
0
0
0
0
0
0
0
0
0
0
0
0
0
0
0
0
0
0
0
0
0
1
1
1
1
1
1
1
1
1
1
1
1
1
0
0
1
1
1
1
1
1
1
2
2
2
3
3
3
2
2
2
2
2
2
2
1
1
1
0
0
0
0
0
0
0
0
0
0
0
0
-1
0
-1
-1
-1
-1
-1
-1
-1
-1
-1
-1
-1
0
-1
0
0
-1
-1
-1
-1
-1
-1
-1
-1
-1
-1
-1
-1
-1
0
0
0
0
0
1
1
1
1
1
1
1
0
1
0
0
0
0
-1
-1
-1
-1
-1
-1
-1
1
0
1
1
0
0
1
1
1
1
0
0
1
0
0
0
-1
0
1
0
0
0
-1
0
1
-1
-1
-1
-1
0
0
-1
-1
-1
-1
0
0
-1
0
0
0
0
1
1
1
1
1
1
1
1
1
1
1
1
1
0
0
0
0
0
0
0
1
0
0
0
0
0
0
0
0
0
0
0
0
-1
0
0
0
0
0
0
1
1
1
1
1
1
1
1
1
1
1
1
1
0
0
0
1
1
1
1
2
2
2
2
2
2
3
3
3
2
1
1
1
0
0
0
0
0
0
-1
-1
-1
-1
0
0
0
0
-1
-1
-1
-1
-1
-1
-1
-1
-1
-1
-1
-1
-1
0
0
0
0
0
0
0
0
0
0
0
0
0
0
0
0
0
0
0
0
0
0
0
0
-1
-1
-1
-1
-1
-1
-1
-1
-1
-1
-1
-1
-1
0
0
0
0
0
0
0
0
0
0
0
0
0
0
0
0
0
0
0
0
0
0
0
0
0
0
0
0
0
0
0
0
0
0
0
0
0
0
0
0
0
0
0
1
1
1
1
1
1
1
1
1
0
0
0
0
0
0
0
0
0
0
0
0
0
1
1
1
1
0
0
0
0
0
0
0
0
0
0
0
0
0
0
0
0
0
0
0
0
0
0
0
0
0
0
0
0
0
0
0
0
0
0
0
0
0
0
0
1
1
1
1
1
1
2
2
2
2
2
3
3
2
2
2
2
2
2
1
1
1
1
1
0
0
0
0
-1
-1
-1
0
0
0
0
-1
-1
-1
-1
-1
-1
0
0
0
-1
-1
-1
-1
-1
-1
-1
-1
-1
-1
-1
-1
-1
-1
-1
-1
-1
0
0
0
0
0
0
0
0
0
-1
-1
-1
-1
-1
-1
-1
-1
-1
-1
-1
-1
-1
0
0
0
0
0
0
0
0
0
0
0
0
0
0
0
0
0
0
0
0
0
0
0
1
1
1
1
1
1
0
1
1
1
1
1
1
-1
0
0
0
0
-1
1
0
0
0
0
0
0
1
0
0
0
0
1
0
0
0
0
0
0
0
-1
0
0
0
0
0
0
0
0
0
0
0
0
1
0
0
0
0
0
0
0
0
0
0
0
0
0
0
0
0
0
0
0
0
0
0
0
0
0
0
0
0
0
0
0
0
0
0
0
1
1
1
1
1
1
2
2
2
3
3
3
4
3
3
3
3
3
3
2
2
2
1
1
1
0
0
0
0
0
0
-1
-1
-1
-1
-1
-1
-1
-1
-1
-1
-1
-1
-1
0
-1
-1
-1
-1
-1
-1
-1
-1
-1
-1
-1
-1
-1
0
0
0
-1
-1
-1
-1
0
0
0
0
-1
-1
-1
-1
-1
0
0
0
0
-1
-1
-1
-1
0
0
0
-1
-1
-1
-1
-1
-1
-1
-1
-1
-1
-1
-1
-1
0
0
0
0
0
0
0
0
0
0
0
0
0
0
0
0
0
0
0
0
0
0
0
0
0
0
1
1
1
1
0
0
1
1
1
1
1
1
1
0
0
0
0
0
1
0
0
0
0
0
0
0
0
0
0
0
1
1
1
1
1
0
0
0
0
0
1
1
1
1
0
0
0
0
1
1
1
1
1
0
0
0
0
0
0
0
0
0
0
0
0
0
0
0
0
0
0
0
0
1
1
1
1
2
2
2
3
3
3
3
4
4
3
3
3
3
2
2
2
1
1
1
1
-1
-1
-1
-1
-1
-1
-1
-1
-2
-2
-2
-2
-2
-1
-1
-1
-1
-1
-1
-2
-2
-1
-1
-1
-1
-1
-1
-1
-1
-1
-2
-2
0
0
0
0
-1
-1
-1
-1
-1
-1
-1
0
0
-1
-1
-1
-1
0
0
0
-1
-1
-1
-1
-1
-1
-1
-1
-1
-1
-1
0
0
1
1
0
0
0
0
0
0
0
0
0
-1
-1
0
0
1
1
1
1
1
1
1
1
1
1
0
-1
-1
-1
-1
-1
0
0
0
0
0
0
0
1
1
1
1
1
1
0
0
0
0
0
0
0
0
0
0
0
0
0
0
0
0
0
0
0
0
0
0
0
0
0
1
1
1
1
1
1
0
0
1
1
1
1
1
0
0
0
0
0
0
1
1
0
0
0
0
0
0
0
0
0
0
0
0
1
1
1
1
1
2
2
3
3
3
3
4
4
3
3
3
3
3
3
3
2
2
2
2
1
1
1
0
0
0
0
-1
-2
-2
-2
-2
-2
-2
-2
-3
-2
-2
-2
-2
-2
-1
-2
-2
-2
-2
-2
-3
-2
-2
-2
-2
-2
-2
-2
-1
-2
-2
-2
-2
-1
-1
-1
-1
-1
-1
-1
-1
-1
0
0
0
0
0
0
0
0
0
0
0
0
0
0
0
0
0
0
0
0
0
0
0
0
0
0
0
0
0
0
1
1
1
1
1
1
1
1
1
1
1
1
1
0
0
0
-1
-1
0
0
0
0
0
0
0
0
0
0
0
1
1
0
0
0
0
0
0
0
0
-1
-1
-1
-1
0
0
0
0
0
0
0
0
0
1
1
1
1
0
0
0
0
0
0
0
0
0
0
0
0
0
0
0
0
0
0
0
0
0
0
0
0
0
0
0
0
0
0
0
0
0
0
1
1
1
2
2
2
3
3
4
4
5
5
5
4
4
5
4
4
3
3
3
1
1
0
0
0
-1
-1
-2
-2
-2
-2
-3
-3
-2
-2
-2
-2
-3
-2
-2
-2
-2
-2
-1
-2
-2
-2
-2
-2
-2
-1
-2
-1
-1
-1
-1
-1
0
-1
-1
-1
0
0
0
1
-1
-1
-1
-1
-1
-1
0
0
1
0
-1
-1
-1
0
0
0
0
0
0
0
0
-1
-1
0
0
0
0
0
0
0
0
0
0
0
0
0
0
0
0
0
0
0
0
0
0
0
0
0
0
0
0
0
0
0
0
0
0
0
0
0
0
0
0
0
0
0
0
0
0
0
0
0
0
0
1
1
0
0
0
0
0
0
0
0
0
1
1
0
0
1
1
1
1
1
1
1
1
1
0
0
0
0
0
0
0
0
0
0
0
0
0
0
0
0
0
0
0
0
1
1
1
2
2
2
3
3
3
4
4
5
5
4
5
5
4
5
5
4
4
4
3
3
1
1
1
0
0
-1
-2
-2
-2
-2
-3
-3
-3
-2
-3
-3
-3
-3
-2
-3
-3
-3
-4
-3
-3
-3
-3
-2
-2
-3
-2
-2
-1
-1
-1
0
0
-1
-1
-1
-1
-1
0
-1
-1
-1
-1
-1
-1
-1
0
0
0
0
0
0
0
-1
0
0
0
0
0
0
0
0
-1
-1
-1
-1
0
-1
-1
-1
-1
-1
-1
-1
-1
0
0
1
1
1
1
0
0
0
0
1
1
1
1
1
0
0
0
-1
1
1
1
1
0
0
0
0
0
0
0
0
1
0
0
0
0
0
0
0
0
0
0
0
0
0
0
0
0
0
0
0
0
0
0
0
0
0
0
1
1
1
1
0
0
0
0
0
0
0
1
1
0
0
0
0
0
1
1
1
1
1
2
1
1
2
2
3
3
4
4
4
5
5
5
5
5
5
5
5
4
4
4
3
3
2
1
1
0
0
0
-2
-2
-2
-3
-3
-3
-3
-4
-3
-3
-3
-3
-4
-3
-3
-3
-2
-3
-3
-3
-2
-2
-2
-3
-3
-2
-2
-2
-2
-3
-2
-2
-1
-1
-1
-1
0
0
0
-1
-1
-1
0
0
0
-1
-1
-1
-1
-1
-1
-1
0
0
0
0
0
0
0
0
0
0
-1
-1
-1
-1
0
0
0
0
0
0
0
0
0
1
1
1
1
0
0
0
0
0
0
0
0
0
0
0
0
0
0
0
0
0
0
0
0
0
0
0
0
0
0
0
0
1
1
1
1
1
1
1
1
1
1
1
1
1
0
0
0
0
0
0
0
0
0
0
0
0
0
0
0
0
0
0
0
0
0
0
0
0
0
0
1
1
1
1
1
2
2
2
2
2
3
3
3
3
3
4
4
4
4
5
5
6
6
5
5
6
5
5
4
4
4
3
2
1
0
0
0
-1
-2
-2
-3
-3
-3
-4
-4
-4
-4
-4
-4
-5
-4
-4
-5
-4
-4
-4
-4
-4
-4
-3
-3
-4
-3
-3
-3
-2
-2
-2
-2
-1
-1
-1
-1
-2
-1
-1
-1
-1
-1
-1
-1
-1
-1
-1
-1
-1
0
0
0
-1
-1
-1
-1
-1
-1
-1
-1
-1
-1
-1
-1
-1
0
1
1
1
1
0
0
0
0
1
1
1
1
0
-1
-1
-1
0
1
1
1
1
0
0
0
0
1
1
1
1
0
1
1
1
0
0
0
1
1
1
1
1
1
1
0
-1
0
1
1
1
0
0
0
0
0
0
0
0
1
0
0
0
0
0
0
0
1
1
1
1
0
1
1
1
1
1
1
1
1
0
0
0
0
1
0
0
1
1
1
1
2
2
3
3
4
4
4
5
5
5
6
6
7
6
7
6
6
6
6
6
5
5
4
3
3
2
2
1
0
0
-1
-2
-2
-3
-3
-4
-4
-5
-5
-6
-6
-5
-6
-6
-5
-6
-5
-5
-5
-5
-5
-5
-4
-5
-5
-4
-4
-4
-3
-3
-3
-3
-3
-2
-2
-2
-1
-1
-1
-1
-1
-1
-1
-2
-1
-1
-1
-1
-1
-1
-1
-1
-1
-1
-1
-1
0
0
0
0
0
0
0
0
0
0
0
0
0
1
1
1
1
1
1
1
1
1
1
1
1
1
0
0
0
1
1
1
1
1
1
1
1
1
1
1
1
1
0
0
0
0
0
1
1
1
1
0
0
0
0
0
0
0
0
1
0
0
0
0
1
1
1
1
1
1
1
1
0
0
0
0
0
0
0
0
0
0
0
0
0
0
0
0
0
0
0
0
1
1
1
1
1
2
2
3
3
4
4
5
5
5
6
6
7
7
7
7
7
7
7
7
6
7
6
5
5
4
4
3
3
1
1
-1
-1
-2
-3
-4
-4
-5
-5
-6
-6
-7
-6
-7
-6
-7
-6
-6
-6
-6
-5
-5
-5
-5
-4
-5
-4
-4
-3
-3
-4
-3
-3
-3
-3
-2
-2
-2
-1
-1
-1
-1
-1
0
0
-1
-1
-1
-1
-1
-1
-1
-1
-1
-1
-1
-1
-1
0
0
0
0
0
0
0
0
0
0
0
0
0
0
0
0
1
1
1
1
1
1
1
1
1
1
1
1
1
0
0
0
0
0
0
0
1
1
1
1
1
1
1
1
0
1
1
1
1
0
0
0
0
0
0
0
0
1
0
0
0
0
0
0
0
0
0
1
1
1
1
0
0
0
0
0
0
1
1
1
0
-1
0
0
1
1
1
1
1
1
0
0
0
0
1
1
1
1
2
2
2
3
3
4
4
5
5
6
6
7
7
7
7
8
7
8
7
7
7
7
6
5
4
4
3
3
2
2
1
0
0
-1
-2
-2
-3
-3
-4
-4
-5
-6
-6
-7
-6
-7
-7
-7
-7
-7
-7
-7
-7
-6
-6
-6
-6
-6
-6
-6
-5
-6
-5
-5
-4
-4
-4
-3
-3
-2
-2
-1
-1
-2
-1
-1
-1
-1
-1
-1
-1
-1
-1
-2
-2
-2
-1
0
0
0
0
0
0
0
0
0
1
0
0
0
-1
-1
-1
0
0
0
0
0
0
0
1
1
2
2
2
2
1
1
2
2
2
2
2
2
2
1
1
1
1
1
1
1
1
1
1
0
1
1
1
1
1
1
1
1
0
0
0
0
1
0
0
1
1
1
1
1
1
1
1
1
1
1
1
1
0
0
0
0
0
0
0
1
1
1
1
1
1
1
1
1
1
1
1
1
0
0
0
0
1
1
1
2
3
3
4
4
5
6
6
7
8
8
8
9
8
8
9
8
8
7
6
7
6
5
4
3
2
2
1
0
0
0
0
-1
-2
-2
-3
-3
-3
-3
-4
-4
-4
-5
-5
-6
-6
-6
-7
-6
-7
-7
-7
-7
-7
-8
-7
-7
-6
-6
-6
-6
-6
-5
-5
-5
-4
-4
-3
-3
-3
-3
-2
-3
-2
-2
-2
-1
-1
-1
-2
-2
-2
-2
-2
-2
-1
-1
-1
-2
-2
-2
-2
-1
-1
-1
-1
-1
-1
-1
-1
-1
0
0
0
0
0
1
1
1
1
1
1
1
1
2
2
2
2
2
1
1
1
1
1
2
2
2
1
1
1
1
1
1
2
2
2
2
1
1
1
1
1
1
1
1
1
0
0
1
1
1
1
1
1
1
1
1
1
1
1
1
0
1
1
1
1
1
1
1
1
1
1
1
1
1
0
0
0
0
0
0
0
0
0
0
0
0
1
1
1
2
2
3
4
4
5
6
6
7
8
8
8
9
9
10
9
8
8
7
7
7
6
5
5
5
3
2
1
1
1
1
0
-1
-1
-1
-1
-3
-3
-3
-3
-3
-4
-4
-5
-5
-5
-6
-6
-7
-7
-7
-7
-7
-8
-7
-8
-7
-6
-6
-6
-6
-5
-5
-5
-4
-4
-4
-4
-3
-3
-4
-4
-3
-3
-3
-3
-3
-3
-3
-2
-2
-2
-2
-1
-1
-1
-2
-2
-1
-1
-1
-1
-1
-1
-1
-1
-2
-2
-1
0
0
0
-1
-1
-1
-1
0
0
0
1
1
0
0
0
0
2
2
2
2
1
1
1
1
1
1
1
1
1
0
0
1
1
1
1
1
1
1
1
1
2
2
2
2
1
1
1
1
1
1
1
1
1
0
0
0
0
0
0
1
1
1
1
0
1
1
1
1
1
1
2
2
1
1
2
2
4
3
4
4
5
6
7
6
7
8
9
9
10
9
10
9
9
9
8
8
8
7
6
5
4
4
3
2
2
2
0
0
-1
-2
-2
-2
-2
-2
-3
-3
-3
-4
-4
-4
-4
-5
-4
-5
-6
-6
-7
-7
-7
-7
-7
-7
-6
-7
-6
-6
-6
-6
-6
-5
-5
-4
-5
-4
-4
-5
-4
-4
-4
-4
-3
-3
-3
-3
-3
-3
-3
-3
-2
-2
-2
-3
-1
-1
-2
-2
-2
-2
-1
-1
-1
-1
-1
-1
0
-1
-1
0
0
0
0
0
0
0
0
0
1
1
1
1
1
1
1
1
1
1
1
1
2
1
1
1
1
1
1
1
1
1
1
1
1
0
0
0
1
1
1
1
1
1
1
1
1
1
2
2
2
1
1
1
1
1
1
1
1
1
1
0
0
1
1
1
1
1
1
1
1
2
2
2
3
3
2
3
4
4
5
6
7
7
7
8
9
9
10
10
10
10
10
10
10
9
10
9
8
7
6
5
5
4
3
3
2
1
0
-1
-1
-1
-1
-1
-2
-2
-2
-3
-3
-3
-4
-3
-3
-4
-4
-4
-5
-4
-5
-5
-5
-5
-6
-6
-6
-7
-6
-7
-7
-7
-7
-7
-7
-7
-7
-6
-5
-6
-5
-6
-5
-5
-5
-5
-4
-4
-4
-4
-4
-5
-4
-4
-4
-4
-4
-3
-4
-4
-4
-3
-3
-4
-3
-3
-3
-2
-2
-2
-2
-1
-2
-2
-2
-2
-1
-1
-1
-1
-1
-1
-1
-1
-1
0
0
0
-1
-1
-1
0
0
0
0
1
1
1
1
1
1
2
2
2
1
2
2
2
1
1
2
2
2
2
2
2
2
3
2
2
2
3
3
2
2
2
2
2
2
2
2
2
2
2
1
1
1
2
2
2
3
3
3
3
3
4
5
6
7
8
8
9
10
10
11
11
11
12
11
10
10
9
9
9
8
8
7
6
6
6
5
5
5
4
4
3
2
1
0
0
0
0
-2
-2
-2
-3
-3
-3
-4
-4
-4
-4
-5
-5
-6
-5
-5
-6
-5
-5
-6
-6
-6
-6
-6
-5
-6
-5
-5
-6
-5
-5
-6
-5
-4
-5
-4
-5
-5
-5
-5
-5
-5
-5
-6
-5
-5
-6
-5
-5
-5
-5
-4
-5
-5
-4
-4
-3
-4
-4
-3
-3
-3
-3
-3
-3
-2
-2
-2
-2
-3
-2
-2
-2
-2
-3
-2
-2
-2
-2
-2
-3
-3
-2
-2
-2
-2
-2
-1
-1
-1
-1
-1
-1
0
0
1
1
1
1
1
1
1
1
1
1
1
1
1
0
1
1
1
1
1
2
2
2
2
2
2
3
3
2
2
2
2
3
2
2
2
3
3
3
2
3
3
4
4
5
5
6
6
7
7
8
9
10
10
12
11
12
11
11
11
12
11
11
10
9
9
9
7
8
7
7
7
6
5
5
4
5
5
4
3
3
2
1
1
0
0
0
-1
-1
-2
-2
-2
-3
-3
-4
-3
-4
-4
-4
-5
-4
-4
-5
-5
-6
-5
-6
-5
-5
-4
-4
-5
-4
-5
-6
-5
-5
-5
-5
-5
-5
-5
-6
-6
-6
-7
-6
-5
-6
-6
-6
-6
-6
-6
-6
-6
-6
-6
-5
-5
-6
-5
-6
-5
-5
-5
-5
-5
-5
-5
-4
-5
-5
-4
-4
-3
-4
-4
-3
-4
-4
-3
-3
-3
-2
-3
-3
-3
-3
-2
-2
-3
-2
-2
-2
-2
-2
-2
-1
-1
-1
-1
-1
-1
0
0
0
0
0
0
1
1
1
1
1
1
1
2
2
2
2
2
3
2
2
2
3
3
3
3
3
3
3
4
4
3
4
5
5
5
6
7
8
8
9
10
10
11
12
12
12
13
13
12
12
12
12
12
12
12
11
11
10
10
9
9
9
8
8
7
7
6
6
6
6
6
5
6
4
4
4
3
3
2
1
0
0
-1
-2
-2
-3
-3
-4
-4
-5
-5
-6
-5
-6
-6
-7
-7
-7
-8
-7
-7
-8
-8
-8
-7
-7
-7
-8
-8
-7
-8
-7
-8
-8
-7
-7
-8
-9
-9
-9
-8
-7
-8
-7
-8
-8
-7
-8
-7
-7
-6
-7
-6
-6
-7
-6
-6
-6
-5
-5
-5
-5
-4
-5
-4
-4
-4
-3
-4
-4
-3
-3
-4
-3
-3
-3
-2
-2
-2
-3
-3
-2
-2
-2
-2
-1
-1
-1
-1
-1
-1
-1
1
1
1
1
0
1
1
1
1
1
2
2
2
1
1
1
1
3
2
2
2
2
2
2
2
2
2
2
2
3
2
2
2
2
3
3
2
3
3
4
5
6
6
7
7
9
10
10
11
12
12
13
13
13
13
13
13
14
13
12
12
12
12
12
12
12
11
11
10
10
9
8
9
8
7
6
5
5
4
4
3
3
2
2
2
0
0
-1
-1
-1
-3
-3
-4
-4
-5
-6
-6
-7
-6
-7
-7
-7
-7
-7
-8
-8
-8
-8
-8
-8
-7
-8
-8
-7
-8
-9
-8
-8
-8
-8
-8
-7
-8
-8
-8
-7
-8
-8
-7
-8
-7
-7
-7
-7
-7
-6
-7
-6
-7
-6
-5
-5
-5
-5
-4
-5
-4
-4
-4
-3
-4
-3
-3
-4
-4
-3
-3
-3
-3
-3
-3
-3
-3
-2
-2
-2
-1
-1
-1
-2
-2
-1
-1
-1
-1
-1
-1
-1
-1
-1
-1
-1
0
0
1
1
1
1
1
1
1
2
2
2
2
2
2
1
1
1
2
2
2
2
1
2
2
2
2
2
2
2
3
2
2
2
2
2
2
2
2
3
4
4
5
5
6
7
8
9
11
11
12
13
13
13
14
13
13
14
14
13
13
12
12
11
11
11
10
10
11
11
9
8
9
8
7
7
7
6
6
6
4
3
2
2
2
0
0
-1
-2
-2
-3
-4
-5
-5
-5
-6
-6
-7
-7
-8
-7
-8
-8
-8
-9
-8
-8
-9
-8
-9
-9
-8
-8
-8
-8
-9
-8
-8
-8
-8
-7
-8
-7
-6
-7
-6
-7
-7
-6
-7
-6
-7
-6
-7
-6
-6
-7
-6
-6
-6
-5
-5
-5
-5
-4
-4
-4
-4
-4
-3
-3
-3
-2
-3
-3
-2
-2
-2
-2
-1
-1
-2
-2
-2
-2
-2
-1
-2
-2
-2
-2
-2
-2
-2
-1
-1
-1
-1
-1
-1
0
0
0
0
0
0
0
1
1
1
1
1
1
1
1
1
1
2
2
2
1
1
1
1
1
2
2
2
3
3
2
3
3
4
5
5
6
7
7
8
9
10
11
12
12
13
13
14
14
14
14
14
14
14
13
13
13
12
12
11
10
10
10
9
8
8
7
6
6
5
5
5
5
4
3
2
2
1
0
0
0
-2
-2
-3
-5
-5
-5
-5
-6
-7
-6
-7
-7
-8
-8
-9
-9
-8
-8
-9
-8
-8
-8
-9
-8
-9
-8
-8
-7
-7
-8
-8
-8
-8
-8
-7
-7
-7
-7
-7
-7
-7
-7
-6
-6
-6
-6
-6
-6
-5
-6
-5
-5
-4
-4
-4
-4
-4
-3
-4
-3
-3
-3
-2
-2
-2
-3
-3
-2
-2
-2
-2
-1
-1
-1
-1
-1
-1
-2
-1
-1
-1
-1
-1
-1
-1
-1
-1
-1
-1
-1
0
0
-1
0
0
0
0
0
0
0
0
0
0
0
1
2
1
1
1
1
1
1
1
2
2
2
2
2
2
2
2
2
2
2
3
3
3
3
4
5
5
5
6
8
9
10
11
11
12
13
14
14
13
13
15
15
14
14
14
14
13
13
12
12
12
12
12
10
10
9
8
8
7
7
7
5
4
3
3
3
2
1
1
1
-1
-1
-2
-3
-3
-3
-4
-5
-7
-6
-7
-7
-8
-8
-9
-8
-9
-9
-10
-9
-9
-9
-9
-9
-9
-9
-9
-9
-10
-9
-8
-8
-8
-8
-8
-9
-8
-9
-8
-8
-7
-7
-7
-8
-7
-7
-7
-6
-5
-6
-5
-5
-5
-5
-4
-5
-4
-4
-4
-3
-4
-4
-3
-3
-3
-2
-2
-3
-2
-2
-2
-2
-2
-1
-1
-1
-2
-2
-2
-1
0
0
0
-1
-1
-1
-1
-1
-1
0
0
0
-1
-1
-1
-1
0
0
0
0
0
0
0
1
1
1
1
0
0
0
0
1
1
1
1
1
0
0
0
0
1
1
2
2
1
1
1
2
2
2
2
2
3
3
4
3
4
4
5
6
6
8
9
10
11
11
12
13
14
14
15
15
15
15
14
14
14
14
14
14
12
12
12
11
11
10
10
9
8
8
7
6
5
5
4
3
3
2
1
0
0
-1
-2
-3
-3
-4
-5
-5
-6
-6
-7
-7
-8
-8
-8
-9
-9
-9
-9
-8
-9
-9
-9
-9
-9
-8
-9
-8
-8
-8
-8
-8
-8
-8
-7
-8
-8
-7
-7
-7
-7
-7
-6
-7
-6
-6
-5
-5
-5
-4
-5
-5
-4
-4
-3
-4
-3
-3
-3
-3
-3
-3
-3
-2
-2
-2
-2
-2
-1
-2
-2
-2
-2
-2
-1
-1
-1
-1
-2
-2
-2
-2
-1
-1
-1
-1
-1
-1
-1
-1
-1
0
0
0
-1
-1
-1
-1
-1
-1
-1
-1
-1
-1
-1
-1
-1
0
0
0
1
1
1
1
1
1
1
1
1
1
2
2
2
1
1
1
1
1
1
2
2
2
3
2
3
4
5
6
7
8
10
11
11
12
13
14
15
14
14
14
15
14
14
13
13
13
13
13
11
10
11
10
9
8
8
7
7
6
5
4
3
3
3
2
2
1
0
-1
-1
-3
-3
-3
-4
-5
-5
-6
-7
-7
-7
-7
-7
-8
-8
-8
-9
-8
-8
-8
-7
-7
-8
-7
-8
-7
-7
-6
-7
-7
-7
-7
-7
-8
-7
-6
-7
-6
-6
-6
-6
-6
-5
-6
-5
-5
-4
-4
-5
-4
-4
-5
-4
-4
-3
-3
-2
-2
-3
-3
-3
-3
-3
-3
-2
-2
-3
-3
-3
-2
-2
-1
-1
-2
-1
-1
-1
-1
-1
0
-1
-1
-2
-2
-2
-2
-1
-1
-1
-1
-1
-1
-1
0
0
0
0
0
0
0
0
0
0
0
0
0
0
0
0
0
0
0
0
1
1
1
1
1
2
2
3
4
5
5
6
7
7
8
9
11
12
12
13
13
13
13
14
14
14
14
14
14
13
13
13
12
12
11
11
10
9
9
8
8
7
6
6
5
4
3
3
2
2
1
0
0
-2
-2
-3
-4
-5
-4
-5
-5
-6
-7
-6
-7
-7
-7
-8
-8
-8
-8
-8
-7
-8
-7
-7
-8
-7
-8
-7
-7
-7
-7
-6
-7
-7
-7
-7
-7
-6
-6
-6
-6
-5
-5
-5
-6
-5
-6
-5
-5
-4
-4
-4
-4
-4
-4
-3
-3
-3
-3
-2
-2
-2
-2
-2
-2
-1
-2
-2
-2
-2
-1
-1
-1
-1
-2
-2
-2
-2
-2
-1
-1
-1
-1
-2
-2
-2
-2
-1
-1
-1
-1
-1
-1
-1
-1
-1
0
0
0
0
0
0
0
0
0
0
0
0
0
0
0
0
0
0
0
0
0
0
1
1
1
1
1
2
2
3
3
4
5
6
7
7
8
10
11
12
12
13
13
14
14
14
14
14
14
14
13
12
12
12
11
11
10
10
9
8
7
6
6
5
5
4
3
3
2
1
0
0
0
-1
-1
-2
-2
-3
-3
-4
-5
-5
-5
-5
-6
-6
-6
-7
-7
-8
-7
-8
-7
-7
-7
-6
-7
-6
-6
-6
-6
-6
-6
-6
-6
-6
-5
-6
-6
-5
-6
-6
-6
-5
-5
-4
-4
-3
-3
-4
-3
-4
-4
-4
-4
-3
-3
-3
-3
-3
-3
-4
-3
-3
-2
-2
-1
-2
-2
-2
-2
-2
-2
-2
-1
-2
-2
-2
-2
-2
-1
-1
-1
-1
-2
-2
-2
-2
-1
-1
-1
-1
-1
-1
-1
-1
-1
0
0
0
0
0
0
0
0
0
0
0
0
0
0
0
0
0
0
0
0
1
1
1
1
2
3
3
4
5
6
7
8
9
9
10
11
12
12
12
12
12
12
11
11
10
10
10
9
9
8
7
7
7
6
5
6
5
5
4
3
3
2
1
1
0
0
0
-1
-2
-2
-2
-3
-3
-4
-4
-4
-4
-5
-6
-6
-6
-6
-6
-6
-6
-6
-6
-6
-5
-6
-5
-4
-5
-4
-4
-4
-4
-4
-4
-4
-4
-5
-4
-4
-5
-4
-4
-4
-4
-4
-3
-3
-3
-3
-2
-3
-3
-2
-2
-2
-2
-2
-2
-3
-3
-2
-2
-2
-1
-1
-1
-1
-2
-2
-2
-2
-1
-1
-1
-1
-1
-2
-2
-2
-2
-1
-1
-1
-1
-1
-1
-1
-1
-1
0
0
0
0
0
0
0
0
0
-1
-1
-1
-1
-1
-1
-1
-1
0
0
0
0
0
1
1
1
2
2
3
3
4
4
5
6
6
7
8
9
10
9
10
10
11
10
10
9
9
9
9
9
8
8
8
7
7
6
6
5
6
5
5
4
3
3
2
1
1
0
0
0
-1
-2
-2
-3
-3
-3
-4
-4
-3
-4
-4
-5
-5
-4
-5
-5
-4
-4
-4
-4
-4
-5
-4
-5
-4
-4
-5
-4
-4
-4
-5
-5
-4
-4
-4
-4
-3
-3
-3
-3
-3
-3
-3
-2
-3
-3
-3
-2
-2
-2
-3
-3
-2
-2
-2
-2
-3
-2
-2
-2
-2
-2
-2
-1
-1
-2
-2
-2
-2
-1
-1
-1
-1
-1
-2
-2
-2
-2
-1
-1
-1
-1
-1
-1
-1
-1
-1
0
0
0
-1
-1
-1
-1
-1
-1
-1
-1
-1
-1
-1
-1
-1
0
0
0
0
0
0
0
0
0
0
0
0
0
0
0
0
0
1
1
1
1
1
1
2
2
3
3
4
5
6
6
7
7
8
9
10
10
10
10
10
10
10
9
9
9
9
9
8
7
7
7
6
7
6
5
5
4
3
3
2
2
2
1
1
1
0
0
0
-1
-1
-1
-2
-2
-2
-2
-3
-3
-4
-5
-5
-6
-5
-5
-6
-5
-5
-5
-5
-4
-5
-4
-3
-4
-3
-4
-4
-3
-3
-3
-4
-4
-4
-4
-4
-4
-4
-4
-3
-3
-4
-4
-4
-3
-4
-4
-3
-3
-3
-2
-3
-3
-3
-2
-2
-3
-3
-2
-2
-2
-2
-2
-2
-2
-2
-2
-2
-2
-1
-1
-1
-1
-2
-2
-2
-2
-1
-1
-1
-1
-1
-2
-2
-2
-2
-1
-1
-1
-1
-1
-1
-1
-1
-1
0
0
0
0
0
0
0
0
0
1
1
1
1
1
1
1
1
1
1
1
1
1
0
0
1
1
1
1
1
1
1
1
1
1
1
1
1
0
0
0
0
0
0
0
1
1
1
2
3
3
4
5
6
6
7
8
9
9
9
10
9
9
9
9
9
9
9
9
8
7
7
7
6
7
6
6
6
5
4
4
3
3
3
2
1
1
0
-1
-1
-2
-3
-3
-3
-4
-4
-5
-5
-4
-5
-5
-4
-5
-5
-5
-5
-5
-4
-4
-4
-4
-5
-4
-4
-4
-3
-4
-3
-3
-3
-3
-3
-2
-3
-2
-2
-2
-2
-2
-2
-2
-2
-3
-3
-3
-3
-3
-3
-3
-4
-4
-4
-3
-3
-3
-3
-3
-3
-3
-2
-2
-2
-1
-1
-2
-2
-2
-2
-1
-1
-1
-1
-1
-1
-1
-2
-2
-1
-1
-1
-1
-1
-1
-1
-1
-1
-1
-2
-1
-1
-1
-1
-1
-1
-1
-1
-1
-1
-1
-1
0
0
0
0
0
0
0
0
0
0
0
0
0
0
0
0
0
0
1
1
1
1
1
1
1
1
1
1
1
1
1
0
0
1
1
1
1
2
2
3
3
4
5
6
6
7
7
8
8
9
9
9
8
9
8
8
7
7
7
6
6
6
6
5
5
5
5
5
4
4
4
3
3
2
2
1
1
1
1
-1
-1
-1
-1
-2
-2
-3
-3
-4
-5
-5
-5
-6
-5
-5
-5
-5
-5
-5
-4
-5
-4
-3
-4
-4
-3
-3
-4
-4
-4
-3
-3
-4
-3
-3
-3
-2
-2
-2
-2
-2
-2
-2
-3
-3
-2
-2
-2
-2
-2
-3
-3
-3
-2
-2
-2
-2
-2
-2
-2
-2
-2
-2
-2
-2
-2
-2
-2
-2
-1
-1
-1
-1
-1
-2
-2
-1
-1
-1
-1
-1
-1
-1
-1
-1
-1
-2
-1
-1
-1
-1
-1
-1
-1
-1
-1
-1
-1
-1
0
0
0
0
0
0
0
0
0
0
0
0
0
0
0
0
0
0
1
1
1
1
1
1
1
1
1
1
1
1
1
0
0
0
0
0
0
0
0
0
0
0
0
1
1
2
2
2
3
4
5
5
6
7
8
9
9
10
9
9
10
10
10
10
10
10
9
8
8
7
7
7
7
7
6
5
5
5
4
4
4
3
3
1
1
1
-1
-1
-1
-2
-2
-3
-3
-3
-4
-4
-4
-4
-5
-4
-5
-5
-6
-6
-5
-6
-6
-5
-5
-4
-5
-4
-5
-4
-4
-4
-4
-4
-3
-3
-4
-4
-4
-3
-3
-2
-3
-3
-2
-2
-3
-3
-3
-2
-3
-3
-3
-4
-4
-3
-3
-3
-3
-3
-3
-3
-3
-2
-3
-3
-2
-2
-2
-2
-2
-2
-1
-2
-2
-2
-2
-1
-1
-1
-1
-1
-1
-2
-2
-2
-1
-1
-1
-1
-1
-1
-1
-1
-1
-1
0
0
0
0
0
0
0
0
0
0
0
0
0
0
0
0
0
0
0
0
0
0
0
0
0
0
0
0
0
1
1
1
1
1
1
1
1
1
1
1
1
1
0
0
0
0
0
0
0
1
1
1
1
1
2
2
3
4
4
5
5
6
6
7
8
9
10
9
10
10
9
10
9
9
9
8
7
7
6
5
6
5
4
4
4
4
4
3
4
4
3
3
3
2
2
2
1
0
0
0
-1
-2
-3
-4
-4
-5
-5
-5
-6
-5
-5
-6
-6
-6
-6
-5
-4
-5
-5
-5
-5
-5
-5
-5
-4
-4
-4
-4
-4
-4
-3
-2
-2
-2
-1
-1
-2
-2
-2
-2
-2
-2
-3
-3
-3
-3
-4
-4
-4
-3
-3
-3
-2
-3
-3
-2
-2
-2
-2
-1
-1
-1
-1
-1
-1
-2
-1
-1
-1
-1
-1
-1
-1
-1
-1
-1
-1
-1
-1
-1
-1
-1
-1
-1
-1
-1
-1
-1
-1
-2
-2
-1
-1
-1
-1
-1
-1
-1
-1
-1
-1
-1
0
0
0
0
0
0
0
0
0
0
0
0
0
0
0
1
1
1
1
1
1
1
1
1
2
2
2
3
2
2
3
4
4
5
6
7
8
7
8
9
8
9
9
9
9
9
9
8
8
7
8
7
7
7
6
7
6
5
5
4
4
3
3
2
2
0
0
0
-2
-2
-2
-2
-3
-3
-3
-4
-4
-4
-4
-4
-5
-4
-4
-5
-5
-4
-4
-4
-4
-4
-4
-4
-4
-4
-4
-5
-4
-4
-4
-4
-5
-4
-4
-4
-3
-3
-2
-2
-2
-2
-2
-2
-3
-2
-2
-2
-2
-2
-2
-2
-3
-1
-1
-1
-1
-1
-1
-1
-1
-1
-1
-2
-2
-1
-2
-2
-2
-2
-1
-1
-1
-2
-2
-2
-1
-1
-1
-2
-2
-2
-2
-2
-2
-2
-1
-1
-1
-1
-1
-1
-1
-1
-1
-1
-1
-1
-1
-2
-2
-1
-1
-1
-1
0
0
0
0
0
0
0
1
1
0
0
0
0
0
1
1
1
1
1
1
1
1
1
1
1
1
2
1
1
1
1
1
2
2
3
3
4
5
6
6
7
8
9
9
10
9
10
10
10
10
10
10
10
9
8
8
8
8
8
7
7
7
6
5
4
3
3
3
2
2
1
1
1
-1
-1
-1
-1
-2
-2
-3
-3
-4
-4
-4
-5
-5
-4
-5
-5
-6
-6
-6
-6
-6
-5
-5
-5
-4
-5
-5
-5
-5
-5
-4
-4
-3
-3
-4
-4
-4
-4
-3
-3
-2
-2
-2
-2
-2
-2
-2
-2
-2
-2
-2
-2
-3
-3
-3
-2
-2
-2
-2
-3
-2
-2
-2
-2
-3
-2
-2
-2
-2
-2
-2
-2
-1
-2
-2
-2
-2
-1
-1
-1
-1
-1
-1
-1
-1
-1
-1
-1
-1
-1
-1
-1
-1
-1
-1
-1
-1
-1
-2
-1
-1
-1
-1
-1
-1
-1
-1
-1
-1
-1
0
1
1
1
1
1
1
1
1
1
1
1
1
1
1
1
1
1
1
1
1
1
1
2
2
2
1
1
1
2
2
2
3
4
4
5
5
5
6
7
8
9
8
8
9
8
8
9
8
8
8
7
7
6
5
5
6
5
5
4
3
4
3
3
3
2
2
2
2
1
1
0
0
-1
-2
-3
-3
-3
-3
-4
-4
-4
-5
-5
-5
-5
-4
-4
-3
-4
-4
-4
-4
-4
-4
-3
-3
-2
-3
-3
-3
-3
-2
-3
-3
-2
-2
-3
-3
-3
-3
-2
-3
-3
-3
-3
-2
-3
-3
-3
-2
-2
-3
-3
-3
-2
-2
-2
-2
-2
-1
-1
-1
-2
-2
-1
-1
-1
-1
-1
-1
-1
-1
-2
-2
-2
-1
-1
-1
-1
-1
-1
-1
-1
-1
-2
-1
-1
-1
-1
-1
-1
-1
-1
-1
-1
-1
-1
0
0
0
0
0
0
0
0
0
0
0
0
0
0
0
0
1
1
1
1
1
1
1
1
1
1
1
1
1
0
0
0
0
0
0
0
0
1
1
2
2
3
3
4
5
5
6
6
7
8
8
8
7
8
7
7
7
6
7
7
7
6
6
5
5
5
5
5
5
4
4
3
2
2
2
1
0
0
0
-1
-2
-2
-2
-3
-3
-4
-4
-5
-5
-5
-5
-5
-5
-4
-4
-5
-4
-4
-3
-3
-3
-3
-2
-2
-2
-3
-3
-3
-2
-3
-3
-3
-3
-3
-3
-3
-3
-3
-2
-3
-3
-3
-2
-2
-2
-2
-1
-1
-1
-2
-2
-2
-1
-1
-1
-1
-1
-1
-2
-2
-2
-2
-1
-1
-1
-1
-1
-1
-1
-1
-1
-1
-1
-1
-1
-1
-1
-1
-1
-1
-1
-1
-1
-1
0
0
0
0
0
0
0
0
0
0
0
0
0
0
0
-1
-1
-1
-1
-1
-1
-1
-1
-1
-1
-1
-1
-1
0
1
1
1
1
1
1
1
1
1
1
1
1
1
0
0
1
1
1
1
2
2
3
4
4
5
5
6
7
6
7
8
8
7
8
7
6
7
6
6
6
5
5
5
4
4
5
4
5
5
4
4
4
3
3
3
2
1
1
0
0
-2
-2
-2
-2
-2
-2
-2
-3
-3
-2
-3
-3
-3
-3
-3
-3
-3
-4
-4
-4
-3
-4
-4
-3
-3
-4
-3
-3
-3
-3
-2
-2
-3
-3
-2
-2
-2
-2
-1
-1
-2
-2
-2
-2
-3
-2
-2
-2
-3
-3
-3
-3
-3
-2
-2
-2
-3
-2
-2
-2
-2
-1
-1
-1
-1
-1
-1
-2
-2
-1
-1
-1
-1
-1
-1
-1
-1
-2
-2
-2
-1
-1
-1
-1
-1
-1
-1
-1
-1
-1
0
0
0
0
0
0
0
0
0
0
0
0
0
0
0
0
0
0
0
0
0
0
0
0
0
0
0
0
0
0
0
0
0
0
0
0
0
1
1
1
1
1
1
1
1
2
2
2
3
3
3
3
4
5
5
5
0
0
0
0
0
0
0
0
0
0
0
0
0
0
0
0
0
0
0
0
0
0
0
0
0
0
0
0
0
0
0
0
0
0
0
0
0
0
0
0
0
0
0
0
0
0
0
0
0
0
0
0
0
0
0
0
0
0
0
0
162
117
72
27
-17
-62
-107
-152
-197
-242
-286
-332
-376
15
-30
-32
-30
-31
-30
-31
-30
-31
-31
-30
-31
-31
-31
-30
-31
-29
-32
-30
-30
-30
-30
-30
-30
-30
-30
-30
-30
-30
-30
-30
-31
-31
-31
-31
-31
-31
-31
-31
-31
-31
-31
-32
-32
-32
-32
-32
-32
-32
-33
-33
-33
-33
-33
-33
-34
-34
-34
-34
-34
-34
-34
-35
-35
-35
-35
-35
-35
-35
-35
-35
-36
-36
-35
-35
-35
-35
-35
-35
-34
-35
-34
-34
-34
-35
-35
-35
-35
-34
-35
-35
-34
-34
-34
-34
-34
-33
-34
-34
-33
-33
-33
-33
-33
-33
-32
-33
-33
-33
-33
-33
-33
-33
-33
-32
-32
-32
-32
-32
-33
-32
-33
-33
-32
-33
-32
-32
-32
-32
-32
-32
-32
-32
-32
-32
-31
-31
-31
-31
-31
-32
-32
-31
-31
-31
-31
-31
-31
-31
-31
-31
-31
-30
-30
-31
-31
-31
-31
-30
-30
-30
-31
-31
-30
-30
-30
-30
-30
-30
-30
-30
-30
-30
-29
-30
-30
-30
-30
-29
-29
-30
-30
-30
-29
-29
-29
-29
-30
-29
-29
-28
-29
-29
-28
-28
-27
-28
-28
-27
-27
-26
-27
-26
-26
-26
-26
-26
-26
-26
-26
-26
-26
-26
-26
-26
-26
-26
-27
-26
-26
-26
-27
-27
-26
-26
-27
-27
-27
-26
-27
-27
-27
-27
-27
-27
-27
-27
-28
-27
-27
-27
-27
-27
-27
-27
-27
-27
-27
-27
-28
-27
-27
-27
-28
-28
-27
-28
-27
-28
-27
-28
-27
-27
-27
-28
-27
-27
-27
-27
-27
-27
-27
-27
-27
-27
-27
-27
-27
-26
-27
-27
-26
-27
-26
-27
-27
-26
-26
-27
-26
-27
-26
-27
-27
-26
-26
-27
-27
-27
-26
-27
-27
-26
-26
-27
-26
-26
-27
-27
-26
-26
-27
-27
-27
-26
-27
-27
-26
-26
-27
-27
-26
-27
-26
-26
-26
-27
-26
-26
-26
-27
-27
-26
-27
-26
-26
-26
-27
-26
-26
-26
-27
-27
-26
-27
-26
-26
-26
-27
-26
-26
-25
-27
-26
-26
-27
-26
-26
-25
-26
-26
-25
-25
-26
-25
-25
-26
-26
-25
-25
-25
-25
-25
-25
-24
-24
-25
-24
-24
-24
-24
-23
-22
-23
-23
-22
-23
-22
-22
-22
-22
-23
-22
-22
-22
-22
-22
-22
-22
-22
-23
-22
-22
-23
-22
-22
-23
-23
-23
-23
-22
-24
-23
-23
-23
-23
-23
-24
-23
-23
-24
-24
-23
-24
-24
-24
-24
-24
-25
-24
-24
-24
-24
-24
-24
-24
-24
-24
-24
-24
-24
-24
-24
-24
-23
-24
-24
-23
-24
-24
-24
-24
-23
-25
-24
-24
-24
-24
-24
-24
-24
-24
-24
-24
-23
-24
-24
-24
-24
-24
-23
-24
-24
-24
-24
-24
-23
-24
-24
-24
-24
-24
-23
-24
-24
-24
-24
-24
-23
-25
-24
-24
-24
-24
-24
-25
-24
-24
-25
-24
-24
-24
-24
-24
-24
-24
-23
-24
-24
-23
-24
-23
-23
-24
-23
-23
-24
-23
-24
-23
-23
-23
-23
-23
-23
-23
-22
-24
-23
-23
-23
-23
-23
-23
-23
-23
-23
-23
-23
-23
-23
-23
-23
-23
-23
-23
-22
-23
-23
-22
-23
-22
-23
-22
-22
-23
-22
-22
-22
-22
-22
-22
-21
-21
-21
-21
-20
-20
-21
-20
-20
-20
-19
-20
-20
-20
-20
-20
-20
-20
-20
-20
-20
-20
-20
-20
-20
-21
-20
-20
-21
-21
-21
-21
-21
-21
-21
-22
-21
-22
-21
-21
-21
-21
-22
-21
-22
-22
-21
-22
-21
-22
-22
-21
-22
-21
-22
-21
-22
-22
-21
-22
-21
-22
-22
-21
-22
-21
-22
-22
-23
-22
-22
-22
-22
-23
-22
-22
-23
-22
-23
-22
-22
-23
-22
-23
-22
-22
-22
-22
-22
-22
-22
-22
-22
-22
-23
-22
-22
-22
-22
-22
-22
-22
-22
-22
-22
-22
-22
-23
-22
-22
-22
-22
-22
-22
-22
-22
-22
-22
-22
-22
-22
-22
-22
-22
-21
-22
-22
-21
-22
-21
-22
-22
-22
-22
-22
-22
-22
-21
-22
-21
-22
-22
-21
-22
-21
-22
-21
-21
-22
-21
-22
-21
-21
-21
-21
-22
-21
-21
-21
-21
-22
-21
-21
-22
-21
-22
-21
-21
-22
-21
-22
-21
-21
-21
-21
-21
-21
-21
-21
-21
-21
-21
-22
-21
-21
-21
-21
-21
-21
-20
-21
-20
-20
-20
-20
-19
-20
-19
-18
-19
-18
-19
-18
-18
-18
-19
-18
-18
-18
-18
-19
-18
-19
-18
-19
-19
-19
-19
-19
-19
-18
-19
-19
-19
-19
-19
-19
-20
-19
-20
-20
-19
-20
-19
-20
-20
-20
-20
-20
-20
-20
-20
-20
-20
-20
-20
-20
-20
-20
-21
-20
-21
-20
-21
-21
-20
-21
-21
-21
-21
-21
-21
-22
-21
-21
-21
-21
-21
-21
-21
-21
-22
-21
-21
-21
-21
-21
-21
-21
-21
-21
-21
-21
-22
-21
-21
-21
-21
-21
-21
-21
-21
-21
-21
-21
-20
-21
-20
-21
-21
-21
-21
-20
-21
-20
-21
-21
-21
-21
-20
-21
-21
-21
-21
-20
-21
-20
-21
-20
-21
-21
-20
-21
-20
-21
-20
-21
-21
-20
-21
-20
-21
-21
-21
-21
-20
-21
-20
-21
-20
-21
-21
-20
-21
-20
-21
-20
-21
-21
-20
-21
-20
-21
-20
-20
-20
-20
-20
-20
-20
-20
-20
-20
-20
-20
-20
-20
-20
-20
-20
-21
-20
-20
-20
-20
-20
-20
-21
-20
-20
-20
-20
-20
-19
-20
-19
-19
-19
-19
-18
-18
-18
-17
-17
-16
-17
-16
-17
-16
-16
-16
-17
-16
-16
-16
-16
-16
-17
-16
-17
-16
-17
-17
-17
-17
-17
-17
-17
-17
-18
-17
-18
-17
-18
-17
-18
-18
-18
-18
-18
-18
-18
-18
-19
-18
-19
-18
-19
-18
-19
-18
-19
-19
-19
-19
-19
-19
-19
-18
-19
-19
-19
-19
-19
-19
-20
-19
-20
-19
-20
-19
-20
-19
-20
-19
-20
-20
-20
-20
-20
-20
-21
-20
-20
-20
-20
-20
-20
-21
-20
-20
-20
-20
-20
-20
-21
-20
-21
-20
-20
-20
-20
-21
-20
-21
-20
-21
-20
-20
-20
-20
-21
-20
-21
-20
-20
-20
-19
-20
-20
-20
-20
-20
-19
-20
-20
-19
-20
-19
-20
-19
-20
-20
-20
-20
-19
-20
-19
-20
-19
-19
-19
-20
-19
-20
-19
-19
-19
-18
-19
-19
-19
-19
-19
-19
-19
-19
-18
-19
-18
-19
-18
-18
-18
-19
-18
-19
-18
-19
-18
-19
-19
-19
-18
-19
-18
-19
-18
-18
-19
-18
-19
-18
-19
-18
-19
-18
-18
-18
-18
-17
-17
-17
-17
-16
-16
-15
-16
-15
-15
-15
-14
-15
-14
-14
-14
-14
-14
-14
-14
-14
-15
-15
-15
-15
-15
-15
-16
-15
-16
-16
-16
-16
-16
-17
-16
-17
-16
-17
-16
-17
-17
-17
-18
-17
-18
-17
-18
-17
-18
-17
-18
-18
-18
-18
-18
-17
-18
-18
-18
-19
-18
-19
-18
-18
-18
-18
-18
-18
-18
-18
-18
-18
-19
-19
-19
-19
-19
-19
-19
-19
-19
-19
-19
-19
-19
-19
-18
-19
-19
-19
-19
-19
-19
-19
-19
-19
-19
-19
-19
-19
-19
-18
-18
-18
-19
-18
-19
-18
-19
-18
-19
-19
-19
-19
-19
-19
-19
-19
-19
-18
-19
-19
-18
-18
-18
-18
-18
-18
-18
-19
-18
-19
-18
-19
-18
-19
-19
-19
-18
-19
-18
-19
-18
-19
-18
-19
-18
-19
-18
-18
-18
-19
-18
-19
-18
-18
-18
-17
-18
-17
-18
-18
-18
-18
-18
-17
-18
-17
-18
-17
-18
-17
-18
-17
-17
-17
-18
-17
-18
-17
-18
-17
-17
-17
-17
-17
-17
-17
-17
-17
-16
-17
-16
-16
-15
-15
-14
-15
-14
-14
-14
-13
-14
-13
-13
-13
-13
-13
-12
-13
-12
-13
-13
-12
-13
-13
-13
-13
-13
-14
-14
-14
-14
-14
-15
-14
-15
-15
-15
-15
-15
-16
-15
-16
-16
-16
-17
-16
-17
-17
-17
-17
-17
-17
-17
-18
-17
-18
-18
-18
-18
-18
-18
-18
-19
-18
-18
-18
-19
-18
-18
-18
-18
-19
-18
-19
-18
-19
-18
-19
-18
-18
-18
-19
-18
-19
-18
-19
-18
-19
-18
-18
-18
-19
-18
-18
-18
-18
-18
-18
-18
-18
-18
-17
-18
-17
-18
-17
-18
-17
-18
-17
-18
-17
-18
-17
-18
-18
-18
-18
-18
-17
-18
-17
-17
-17
-18
-17
-18
-17
-18
-17
-18
-17
-18
-17
-18
-17
-17
-18
-18
-18
-18
-18
-18
-18
-17
-18
-17
-18
-17
-18
-17
-18
-17
-17
-17
-18
-17
-18
-17
-18
-17
-18
-17
-17
-17
-18
-17
-18
-17
-17
-17
-17
-17
-17
-17
-17
-17
-17
-17
-17
-18
-17
-18
-17
-18
-17
-18
-17
-17
-17
-17
-16
-16
-15
-16
-15
-14
-14
-13
-13
-12
-12
-13
-12
-12
-11
-12
-12
-12
-12
-11
-12
-13
-12
-13
-12
-13
-14
-13
-14
-13
-14
-15
-14
-15
-14
-15
-14
-15
-16
-15
-16
-15
-16
-16
-16
-16
-16
-17
-16
-17
-17
-17
-17
-16
-17
-16
-17
-17
-17
-17
-17
-17
-16
-17
-17
-17
-17
-17
-17
-17
-17
-17
-17
-17
-16
-17
-18
-17
-18
-17
-18
-17
-17
-17
-18
-17
-18
-17
-17
-17
-18
-17
-18
-17
-18
-17
-17
-17
-18
-17
-18
-17
-18
-17
-17
-17
-18
-17
-18
-17
-18
-17
-18
-17
-17
-17
-18
-17
-18
-17
-17
-18
-17
-18
-17
-18
-17
-18
-17
-18
-17
-17
-17
-17
-17
-17
-17
-17
-17
-17
-16
-17
-18
-17
-18
-17
-18
-17
-17
-17
-17
-16
-17
-17
-17
-16
-17
-16
-17
-16
-17
-16
-17
-16
-17
-17
-16
-17
-16
-17
-16
-17
-16
-17
-16
-16
-16
-17
-16
-16
-17
-16
-17
-15
-15
-15
-15
-14
-14
-14
-13
-13
-12
-12
-12
-11
-11
-11
-10
-10
-9
-10
-10
-9
-9
-10
-10
-10
-10
-10
-11
-11
-11
-11
-11
-12
-12
-12
-12
-13
-13
-13
-14
-13
-14
-14
-14
-15
-15
-15
-15
-15
-16
-15
-16
-16
-16
-16
-15
-16
-16
-15
-16
-16
-16
-16
-16
-16
-16
-16
-16
-16
-16
-17
-16
-17
-16
-16
-17
-17
-17
-16
-17
-17
-17
-17
-16
-17
-17
-17
-16
-17
-17
-17
-17
-17
-17
-17
-17
-17
-17
-17
-17
-17
-17
-17
-17
-17
-17
-16
-17
-17
-17
-17
-17
-17
-17
-16
-17
-16
-17
-16
-17
-17
-17
-17
-16
-17
-16
-17
-16
-17
-16
-17
-17
-16
-17
-16
-17
-16
-17
-16
-17
-16
-16
-16
-16
-17
-16
-17
-16
-17
-16
-16
-16
-16
-16
-16
-16
-16
-16
-16
-16
-16
-16
-15
-16
-16
-16
-16
-16
-16
-16
-16
-16
-16
-15
-16
-15
-16
-16
-16
-16
-15
-16
-14
-15
-15
-14
-14
-13
-13
-13
-12
-12
-11
-11
-11
-10
-10
-10
-9
-9
-9
-8
-9
-9
-8
-8
-9
-9
-9
-9
-9
-10
-10
-10
-11
-11
-11
-11
-12
-11
-12
-13
-12
-13
-13
-13
-13
-13
-14
-14
-14
-14
-15
-14
-15
-15
-15
-16
-15
-15
-16
-16
-16
-16
-16
-16
-15
-16
-16
-15
-16
-16
-16
-16
-16
-16
-16
-16
-16
-17
-16
-17
-16
-16
-17
-16
-17
-16
-17
-16
-17
-17
-16
-17
-17
-17
-17
-17
-17
-17
-16
-17
-16
-17
-16
-17
-16
-17
-16
-17
-16
-16
-16
-17
-16
-16
-17
-16
-17
-16
-16
-16
-17
-16
-17
-16
-17
-16
-16
-17
-16
-17
-16
-17
-16
-16
-16
-16
-16
-16
-16
-15
-16
-15
-16
-15
-16
-16
-15
-16
-15
-16
-15
-16
-15
-16
-16
-15
-16
-15
-15
-15
-15
-15
-15
-16
-15
-15
-15
-15
-15
-15
-16
-15
-15
-15
-15
-15
-15
-15
-14
-15
-14
-14
-13
-14
-14
-13
-13
-13
-12
-12
-11
-11
-11
-10
-9
-10
-8
-8
-8
-7
-7
-7
-7
-6
-7
-7
-6
-6
-7
-7
-7
-8
-8
-7
-8
-9
-9
-9
-9
-11
-10
-11
-11
-11
-12
-12
-12
-13
-13
-13
-13
-14
-13
-14
-15
-14
-15
-15
-15
-15
-16
-15
-15
-16
-15
-16
-16
-15
-16
-16
-16
-16
-16
-16
-16
-16
-16
-16
-16
-16
-17
-16
-16
-16
-17
-17
-17
-17
-17
-17
-17
-17
-17
-17
-17
-17
-17
-17
-17
-17
-17
-16
-17
-17
-17
-17
-17
-17
-17
-16
-17
-17
-17
-17
-17
-17
-17
-16
-17
-16
-17
-16
-17
-16
-17
-17
-16
-17
-16
-16
-15
-16
-16
-16
-16
-16
-16
-15
-16
-15
-16
-15
-16
-16
-16
-16
-15
-16
-15
-15
-16
-15
-16
-15
-16
-15
-15
-15
-15
-15
-15
-15
-15
-15
-15
-15
-14
-15
-15
-15
-15
-14
-15
-14
-15
-15
-14
-15
-14
-14
-15
-14
-15
-14
-14
-13
-13
-13
-13
-13
-12
-11
-11
-11
-10
-10
-10
-8
-8
-8
-7
-6
-6
-6
-5
-5
-5
-4
-4
-4
-4
-5
-4
-4
-4
-5
-4
-5
-6
-6
-6
-7
-8
-8
-8
-9
-10
-9
-10
-11
-11
-11
-12
-12
-12
-12
-13
-14
-14
-14
-15
-15
-15
-16
-15
-16
-16
-15
-16
-16
-16
-16
-16
-16
-16
-17
-16
-16
-17
-16
-17
-17
-17
-17
-18
-17
-17
-18
-17
-18
-17
-17
-17
-17
-18
-17
-17
-17
-18
-17
-18
-17
-18
-17
-17
-17
-17
-17
-17
-16
-17
-16
-17
-16
-16
-16
-16
-16
-16
-16
-16
-16
-16
-16
-16
-15
-16
-15
-15
-16
-15
-16
-15
-16
-15
-15
-15
-15
-15
-15
-15
-15
-15
-14
-15
-15
-15
-15
-15
-15
-15
-15
-15
-15
-15
-14
-15
-15
-14
-15
-14
-15
-14
-15
-15
-14
-15
-14
-14
-15
-14
-14
-14
-14
-15
-14
-14
-14
-14
-14
-14
-14
-14
-14
-14
-14
-14
-14
-13
-14
-13
-13
-12
-12
-12
-11
-10
-10
-9
-9
-8
-7
-7
-6
-6
-5
-5
-4
-4
-3
-3
-3
-3
-2
-2
-2
-3
-3
-2
-3
-3
-4
-5
-4
-5
-6
-7
-6
-7
-8
-9
-8
-9
-10
-11
-11
-11
-12
-12
-12
-12
-13
-13
-13
-14
-14
-14
-14
-15
-14
-15
-15
-16
-15
-15
-16
-15
-15
-16
-15
-15
-16
-16
-15
-16
-16
-16
-16
-16
-16
-16
-17
-16
-17
-17
-16
-17
-16
-17
-16
-17
-17
-16
-17
-16
-17
-16
-17
-16
-17
-16
-16
-16
-16
-16
-16
-15
-16
-15
-16
-15
-16
-15
-15
-15
-15
-15
-15
-16
-15
-16
-15
-15
-15
-15
-15
-14
-15
-15
-15
-14
-15
-15
-15
-15
-14
-14
-15
-14
-15
-14
-15
-15
-14
-15
-14
-14
-15
-14
-14
-14
-14
-14
-14
-14
-14
-14
-13
-14
-14
-14
-14
-14
-14
-14
-14
-14
-13
-14
-14
-14
-14
-13
-14
-14
-13
-14
-13
-13
-14
-13
-13
-13
-13
-13
-12
-12
-12
-11
-11
-11
-9
-9
-9
-9
-8
-7
-6
-5
-5
-5
-4
-3
-3
-3
-2
-2
-1
-1
-1
-1
-2
-1
-1
-1
-1
-2
-2
-2
-3
-3
-3
-4
-5
-5
-5
-6
-7
-8
-7
-8
-9
-10
-9
-10
-11
-12
-11
-12
-13
-13
-13
-14
-15
-15
-15
-16
-16
-16
-16
-17
-17
-16
-17
-17
-16
-17
-17
-16
-17
-17
-18
-17
-18
-18
-17
-18
-17
-18
-18
-18
-18
-18
-18
-18
-17
-18
-18
-18
-17
-18
-17
-18
-18
-18
-18
-18
-18
-18
-18
-18
-17
-18
-18
-18
-17
-17
-17
-17
-17
-16
-17
-16
-16
-16
-16
-15
-16
-15
-16
-15
-15
-16
-15
-15
-15
-15
-15
-15
-14
-15
-15
-15
-15
-14
-14
-14
-14
-15
-14
-15
-14
-14
-15
-14
-14
-14
-14
-14
-13
-14
-13
-14
-13
-13
-14
-13
-13
-13
-13
-13
-13
-13
-13
-13
-13
-13
-13
-13
-12
-13
-13
-12
-13
-12
-13
-13
-12
-13
-13
-12
-12
-13
-12
-12
-12
-11
-11
-10
-9
-9
-9
-7
-7
-7
-6
-4
-4
-4
-3
-3
-1
-1
-1
0
0
0
1
1
1
1
1
1
0
1
1
0
0
0
-1
-1
-2
-1
-2
-3
-3
-4
-4
-5
-5
-5
-6
-7
-8
-7
-8
-9
-10
-11
-11
-11
-12
-12
-13
-12
-13
-13
-14
-15
-14
-15
-15
-16
-15
-15
-16
-16
-15
-16
-16
-16
-16
-16
-17
-16
-16
-17
-18
-17
-17
-17
-17
-18
-17
-18
-18
-18
-18
-18
-18
-18
-19
-18
-19
-18
-19
-18
-19
-18
-19
-18
-18
-18
-18
-18
-17
-18
-17
-17
-17
-17
-17
-17
-16
-17
-16
-17
-16
-17
-16
-16
-16
-16
-15
-15
-15
-15
-15
-15
-15
-15
-15
-14
-15
-15
-14
-14
-14
-14
-14
-14
-14
-14
-14
-14
-14
-14
-13
-14
-13
-14
-13
-13
-14
-13
-14
-13
-13
-13
-13
-13
-12
-12
-13
-12
-13
-13
-12
-13
-12
-12
-12
-12
-12
-13
-12
-12
-13
-12
-13
-12
-12
-13
-12
-12
-12
-11
-11
-11
-9
-9
-9
-8
-7
-6
-6
-5
-4
-3
-3
-2
-2
0
1
0
1
1
1
1
0
2
2
2
2
1
1
1
1
1
1
0
0
0
-1
-2
-2
-2
-2
-3
-3
-4
-5
-6
-6
-6
-7
-8
-8
-9
-10
-9
-10
-11
-11
-12
-11
-12
-12
-13
-13
-13
-13
-14
-14
-14
-14
-15
-15
-15
-15
-15
-16
-16
-16
-16
-16
-16
-16
-17
-17
-16
-17
-17
-16
-17
-18
-17
-17
-17
-17
-18
-17
-18
-18
-18
-18
-18
-17
-18
-18
-18
-18
-18
-18
-18
-17
-18
-17
-18
-17
-17
-17
-17
-17
-16
-17
-16
-16
-16
-17
-17
-16
-17
-16
-17
-16
-16
-16
-16
-15
-15
-15
-16
-15
-15
-15
-15
-15
-14
-15
-15
-14
-14
-14
-15
-14
-14
-15
-14
-14
-14
-14
-14
-14
-14
-14
-14
-13
-14
-14
-14
-14
-13
-13
-14
-13
-13
-12
-12
-13
-12
-11
-11
-10
-10
-10
-8
-8
-7
-6
-6
-5
-4
-3
-2
-1
-1
0
0
1
2
2
2
2
2
2
0
3
3
3
2
2
2
2
1
1
0
1
1
0
0
-1
-1
-2
-3
-3
-3
-4
-4
-5
-6
-6
-7
-8
-8
-8
-9
-9
-10
-10
-10
-10
-11
-12
-12
-13
-12
-13
-13
-13
-14
-14
-14
-14
-15
-15
-15
-15
-15
-16
-16
-15
-16
-17
-16
-16
-17
-17
-17
-17
-16
-17
-18
-17
-18
-17
-17
-17
-17
-18
-17
-18
-17
-18
-17
-17
-17
-17
-17
-17
-17
-17
-17
-17
-16
-17
-16
-16
-16
-16
-16
-16
-16
-16
-16
-16
-15
-16
-15
-15
-16
-15
-16
-15
-15
-15
-15
-15
-15
-15
-15
-15
-14
-14
-15
-15
-14
-14
-14
-14
-14
-14
-13
-14
-14
-13
-14
-13
-14
-13
-13
-14
-13
-13
-13
-13
-13
-12
-13
-12
-13
-12
-12
-12
-12
-11
-11
-11
-10
-10
-9
-8
-8
-7
-7
-5
-4
-4
-3
-1
0
0
1
2
2
3
4
4
5
5
0
5
5
6
6
5
5
5
5
5
5
5
4
5
4
4
4
4
3
3
2
2
2
2
1
1
1
0
-1
-1
-2
-2
-3
-3
-4
-5
-5
-6
-6
-7
-7
-8
-8
-9
-10
-10
-10
-10
-11
-11
-11
-12
-12
-13
-13
-13
-13
-14
-14
-14
-15
-15
-15
-16
-16
-16
-16
-17
-17
-17
-18
-17
-18
-18
-18
-19
-18
-19
-18
-19
-18
-19
-19
-19
-20
-19
-20
-19
-19
-20
-19
-20
-19
-20
-19
-20
-19
-20
-20
-20
-20
-20
-20
-19
-19
-19
-19
-18
-18
-18
-19
-18
-18
-18
-18
-18
-18
-17
-18
-17
-17
-16
-17
-16
-17
-16
-16
-16
-16
-15
-15
-15
-15
-14
-14
-15
-15
-15
-14
-14
-14
-14
-13
-13
-14
-14
-13
-13
-13
-12
-12
-12
-11
-11
-11
-9
-9
-8
-7
-6
-5
-4
-3
-2
-1
-1
1
2
2
3
3
3
4
5
6
6
6
6
0
7
7
7
7
7
7
7
7
7
7
6
6
6
6
6
5
5
5
4
4
4
3
2
2
2
1
1
-1
-1
-1
-2
-2
-2
-4
-4
-4
-5
-5
-5
-5
-6
-6
-7
-7
-7
-8
-8
-8
-9
-9
-10
-10
-11
-11
-11
-12
-13
-12
-13
-13
-14
-14
-14
-15
-15
-15
-15
-15
-16
-16
-16
-17
-16
-17
-17
-17
-18
-17
-18
-17
-18
-18
-18
-19
-18
-19
-19
-19
-19
-19
-19
-20
-20
-20
-20
-20
-20
-20
-20
-20
-20
-20
-20
-21
-20
-20
-20
-20
-20
-19
-20
-19
-20
-19
-19
-19
-20
-19
-19
-19
-19
-19
-19
-18
-19
-18
-18
-18
-17
-18
-17
-17
-17
-17
-16
-16
-16
-17
-15
-16
-15
-15
-15
-15
-14
-15
-14
-13
-13
-12
-12
-11
-10
-10
-8
-8
-7
-5
-5
-3
-3
-1
0
0
1
2
3
3
4
4
5
5
5
7
7
7
8
8
8
8
8
9
9
9
9
9
0
9
9
8
8
8
8
8
8
7
7
7
7
7
6
5
5
5
4
4
4
3
3
3
2
1
1
1
0
0
-1
-1
-1
-2
-3
-3
-4
-4
-4
-5
-5
-6
-6
-6
-7
-8
-8
-9
-9
-9
-10
-11
-11
-11
-11
-12
-13
-13
-13
-13
-14
-15
-14
-15
-16
-16
-16
-17
-17
-17
-17
-18
-18
-19
-18
-19
-19
-19
-20
-20
-20
-20
-20
-20
-21
-21
-21
-21
-22
-21
-22
-22
-22
-22
-23
-22
-23
-22
-22
-22
-22
-23
-22
-23
-22
-22
-22
-22
-22
-22
-22
-22
-21
-22
-21
-22
-21
-20
-21
-20
-20
-20
-20
-20
-19
-19
-19
-19
-18
-19
-18
-17
-17
-17
-17
-16
-16
-15
-15
-13
-13
-11
-11
-11
-9
-8
-6
-6
-5
-3
-2
-2
-1
1
1
2
2
3
5
6
6
7
7
8
8
9
9
10
10
10
11
12
12
12
13
13
0
14
14
14
13
13
13
13
13
13
12
12
12
12
11
11
10
9
9
9
8
7
7
6
6
5
4
4
4
3
1
1
1
0
0
-1
-2
-3
-3
-4
-4
-5
-6
-6
-7
-8
-9
-9
-10
-11
-10
-11
-11
-12
-13
-13
-14
-14
-15
-15
-16
-16
-17
-16
-17
-18
-18
-18
-19
-18
-19
-20
-20
-20
-20
-20
-21
-21
-21
-21
-22
-22
-22
-22
-23
-22
-22
-23
-23
-23
-23
-23
-23
-23
-24
-23
-24
-23
-23
-24
-23
-23
-23
-22
-23
-23
-23
-23
-22
-23
-22
-22
-22
-21
-22
-21
-21
-21
-21
-21
-20
-20
-20
-20
-20
-20
-19
-20
-19
-19
-19
-19
-18
-18
-18
-18
-18
-17
-17
-16
-16
-15
-14
-13
-13
-11
-10
-10
-8
-7
-5
-4
-4
-3
-1
0
0
1
3
4
4
5
6
7
8
9
10
10
11
12
12
12
13
13
13
13
13
14
14
14
0
15
15
14
14
14
14
14
13
12
12
12
12
11
11
9
9
9
8
8
6
6
6
5
5
4
3
2
2
1
0
-1
-1
-1
-2
-4
-4
-4
-5
-6
-6
-7
-7
-8
-8
-9
-9
-10
-11
-11
-12
-12
-13
-13
-14
-15
-14
-15
-15
-16
-17
-16
-17
-17
-17
-18
-18
-18
-18
-19
-18
-19
-19
-20
-20
-20
-20
-20
-21
-21
-21
-21
-21
-21
-22
-22
-21
-22
-21
-22
-22
-22
-22
-23
-22
-22
-22
-22
-23
-22
-22
-22
-22
-22
-22
-22
-22
-21
-21
-21
-22
-21
-20
-21
-20
-21
-20
-20
-20
-20
-20
-20
-20
-19
-20
-19
-19
-19
-18
-19
-18
-19
-18
-18
-18
-17
-18
-17
-17
-17
-17
-16
-16
-15
-15
-13
-13
-11
-11
-10
-8
-7
-7
-5
-4
-3
-2
-1
0
1
3
3
5
5
6
7
7
8
9
9
10
11
12
12
13
13
13
14
14
14
0
15
15
15
15
14
14
14
14
14
12
12
12
12
12
11
10
9
9
9
8
6
6
6
5
5
3
3
2
2
1
1
-1
-2
-2
-3
-3
-4
-5
-5
-6
-6
-7
-7
-8
-8
-9
-9
-9
-10
-11
-11
-12
-12
-13
-13
-14
-15
-14
-15
-15
-16
-15
-16
-17
-17
-17
-17
-18
-18
-18
-18
-18
-19
-18
-19
-19
-19
-19
-19
-19
-20
-19
-20
-20
-20
-20
-21
-20
-21
-21
-21
-21
-21
-21
-21
-21
-21
-21
-21
-21
-21
-21
-21
-22
-21
-21
-21
-21
-21
-21
-21
-20
-21
-21
-20
-21
-20
-20
-20
-20
-20
-19
-20
-19
-20
-19
-19
-19
-19
-18
-18
-18
-17
-17
-16
-16
-15
-15
-13
-13
-12
-11
-10
-8
-7
-6
-4
-4
-3
-1
0
1
1
3
5
5
6
7
8
8
9
9
10
10
11
11
12
12
12
13
13
13
0
14
14
14
14
14
13
13
12
12
12
12
12
10
10
10
9
9
8
7
6
6
5
5
4
2
2
2
1
1
0
-2
-2
-3
-3
-4
-4
-5
-5
-6
-7
-8
-8
-8
-9
-9
-10
-10
-11
-12
-12
-12
-13
-14
-13
-14
-14
-15
-15
-16
-16
-16
-17
-16
-17
-17
-17
-17
-18
-18
-18
-19
-18
-19
-18
-19
-19
-19
-19
-19
-19
-20
-19
-20
-19
-20
-19
-20
-20
-20
-20
-20
-20
-21
-20
-21
-21
-20
-21
-20
-21
-20
-21
-21
-21
-21
-20
-21
-20
-20
-20
-21
-20
-20
-20
-20
-20
-19
-20
-19
-19
-19
-19
-19
-19
-19
-18
-18
-18
-18
-17
-18
-17
-18
-17
-17
-16
-16
-15
-15
-14
-13
-13
-11
-11
-9
-8
-7
-6
-4
-4
-2
-1
0
1
2
4
5
6
7
7
9
9
10
11
12
12
13
13
14
14
15
15
15
16
16
16
16
15
16
16
16
16
15
15
15
15
14
13
13
12
12
11
10
9
9
9
8
6
6
6
5
4
3
2
2
1
0
-1
-1
-2
-3
-4
-5
-5
-6
-6
-6
-7
-7
-9
-10
-10
-10
-11
-11
-12
-13
-13
-13
-13
-14
-14
-15
-15
-15
-15
-16
-16
-17
-16
-17
-18
-17
-18
-18
-18
-18
-18
-19
-18
-19
-19
-19
-19
-19
-20
-19
-20
-19
-20
-20
-20
-20
-20
-20
-19
-20
-20
-20
-20
-20
-20
-20
-20
-20
-20
-20
-20
-20
-20
-20
-21
-20
-21
-20
-21
-20
-20
-20
-19
-20
-20
-20
-20
-20
-20
-20
-19
-19
-19
-19
-19
-19
-19
-19
-19
-19
-19
-18
-19
-18
-17
-18
-17
-18
-17
-17
-16
-16
-15
-15
-15
-13
-13
-11
-11
-9
-8
-7
-6
-4
-3
-3
0
0
1
3
4
6
6
7
8
9
10
10
11
12
13
13
13
14
14
15
15
15
15
16
15
15
15
15
15
15
15
14
14
13
13
13
12
11
10
10
10
9
7
7
7
6
5
4
3
3
2
2
1
-1
-1
-2
-2
-3
-3
-4
-5
-6
-6
-6
-7
-7
-8
-9
-9
-10
-10
-10
-11
-12
-12
-12
-12
-12
-13
-13
-13
-14
-15
-14
-14
-15
-15
-15
-15
-15
-15
-16
-16
-16
-16
-16
-16
-17
-16
-17
-17
-17
-18
-17
-18
-17
-18
-17
-18
-18
-18
-18
-18
-18
-18
-18
-19
-18
-19
-18
-19
-18
-19
-18
-19
-19
-19
-19
-19
-19
-19
-19
-20
-19
-20
-19
-20
-19
-20
-19
-19
-19
-19
-18
-19
-19
-19
-18
-19
-18
-18
-18
-18
-17
-18
-17
-18
-17
-18
-17
-17
-17
-16
-16
-16
-14
-14
-12
-12
-11
-9
-8
-8
-6
-5
-4
-2
-1
0
0
3
4
4
5
6
7
7
9
10
10
11
11
11
12
12
12
13
13
13
13
13
13
13
13
13
13
13
13
12
11
11
11
10
10
9
8
8
7
6
6
6
5
4
3
2
2
1
1
0
0
-1
-2
-3
-3
-3
-4
-4
-5
-6
-6
-7
-7
-8
-8
-9
-9
-9
-10
-10
-10
-11
-11
-12
-12
-13
-12
-12
-13
-13
-14
-14
-14
-14
-15
-14
-14
-15
-15
-15
-16
-16
-16
-16
-16
-17
-17
-17
-17
-17
-17
-16
-17
-17
-17
-18
-17
-18
-17
-18
-18
-18
-18
-18
-18
-18
-18
-18
-18
-19
-18
-19
-18
-18
-18
-19
-18
-19
-18
-19
-18
-18
-19
-18
-19
-18
-18
-18
-19
-18
-18
-18
-18
-18
-18
-17
-18
-17
-17
-16
-16
-15
-14
-13
-13
-12
-10
-10
-9
-7
-6
-5
-4
-3
-1
-1
1
2
3
4
5
7
7
8
9
9
10
10
11
11
12
12
12
13
13
14
14
14
14
14
13
13
13
13
13
12
12
12
11
10
10
10
9
9
7
7
6
6
5
5
4
3
2
2
2
1
1
0
-1
-2
-2
-3
-3
-4
-5
-5
-6
-6
-6
-7
-7
-8
-8
-9
-9
-9
-10
-10
-10
-11
-11
-12
-12
-13
-13
-12
-13
-13
-13
-13
-13
-14
-14
-14
-14
-14
-14
-14
-15
-14
-15
-15
-15
-15
-16
-15
-16
-15
-16
-15
-16
-17
-16
-17
-16
-17
-16
-17
-17
-17
-18
-17
-18
-17
-17
-17
-18
-17
-18
-17
-18
-17
-18
-18
-17
-18
-17
-18
-17
-18
-17
-18
-17
-17
-17
-17
-17
-17
-18
-17
-17
-17
-17
-17
-17
-16
-16
-16
-16
-16
-15
-15
-13
-13
-11
-11
-10
-8
-7
-7
-5
-4
-3
-2
0
1
2
2
4
4
6
7
7
8
9
9
10
10
11
11
12
11
12
12
12
12
12
13
13
13
12
11
11
11
11
11
10
10
10
10
8
8
7
7
7
6
6
4
4
3
3
2
2
2
1
0
0
-1
-1
-2
-2
-2
-4
-4
-5
-5
-5
-6
-6
-6
-6
-7
-8
-8
-8
-8
-9
-9
-8
-9
-9
-9
-10
-10
-11
-11
-12
-11
-11
-12
-12
-11
-12
-12
-13
-12
-13
-13
-12
-13
-14
-13
-14
-14
-13
-14
-14
-14
-14
-14
-14
-15
-14
-14
-15
-15
-15
-15
-15
-16
-15
-16
-15
-16
-16
-15
-16
-16
-16
-15
-16
-16
-15
-16
-15
-15
-16
-15
-16
-15
-16
-16
-15
-16
-15
-15
-16
-15
-15
-14
-15
-15
-13
-13
-12
-12
-11
-10
-9
-8
-7
-6
-5
-4
-3
-2
-1
-1
1
2
2
3
3
4
4
6
6
6
7
7
7
7
8
8
8
8
8
8
8
8
8
8
7
7
7
7
7
6
6
6
6
5
4
4
4
3
2
1
1
1
0
-1
-1
-1
-2
-2
-3
-3
-3
-4
-4
-4
-4
-4
-5
-5
-5
-6
-7
-7
-7
-8
-8
-8
-8
-8
-8
-8
-8
-8
-9
-9
-10
-10
-10
-10
-10
-10
-10
-11
-10
-11
-11
-12
-11
-11
-12
-11
-11
-12
-12
-12
-12
-13
-12
-12
-13
-12
-13
-13
-13
-13
-13
-13
-13
-13
-13
-13
-13
-13
-14
-13
-13
-14
-13
-14
-13
-14
-14
-13
-14
-14
-14
-14
-14
-14
-14
-15
-14
-14
-13
-14
-14
-14
-13
-14
-13
-13
-13
-11
-12
-11
-10
-9
-9
-7
-6
-6
-5
-4
-3
-3
-2
-1
0
1
1
2
2
3
4
5
5
5
6
6
6
6
7
7
7
7
7
7
7
7
7
7
6
6
6
6
6
5
5
5
4
4
4
3
3
2
2
2
1
1
0
0
0
0
-1
-1
-2
-3
-3
-3
-4
-4
-4
-4
-5
-5
-5
-5
-6
-6
-6
-6
-6
-7
-7
-7
-7
-7
-8
-8
-8
-9
-8
-8
-9
-9
-9
-9
-9
-9
-10
-10
-10
-10
-10
-10
-10
-10
-10
-11
-11
-11
-11
-11
-11
-11
-11
-11
-12
-12
-12
-12
-12
-13
-12
-12
-13
-12
-13
-13
-12
-13
-13
-12
-13
-13
-13
-13
-14
-13
-13
-14
-13
-14
-14
-13
-14
-13
-13
-13
-13
-13
-14
-13
-13
-14
-13
-13
-13
-13
-13
-13
-13
-13
-13
-13
-13
-12
-13
-13
-12
-12
-12
-11
-10
-10
-9
-8
-7
-7
-5
-4
-4
-3
-2
-1
-1
0
1
1
3
3
4
4
5
5
6
6
6
7
7
7
7
7
8
7
7
7
7
7
7
7
7
7
7
7
7
7
6
6
6
5
5
5
5
4
3
2
2
2
1
1
0
0
0
0
-1
-1
-1
-1
-1
-3
-3
-3
-3
-3
-4
-4
-4
-5
-5
-5
-6
-6
-6
-6
-7
-7
-7
-7
-7
-8
-8
-9
-8
-8
-8
-9
-9
-10
-10
-9
-10
-10
-11
-10
-10
-11
-11
-10
-11
-11
-12
-11
-11
-12
-11
-11
-12
-12
-12
-12
-13
-12
-12
-13
-12
-13
-13
-13
-13
-14
-13
-13
-14
-13
-13
-13
-13
-13
-14
-13
-13
-14
-13
-14
-14
-13
-13
-13
-13
-13
-12
-13
-13
-12
-12
-13
-12
-12
-13
-12
-12
-12
-12
-12
-12
-11
-12
-11
-12
-12
-11
-12
-12
-11
-11
-12
-11
-12
-12
-11
-12
-12
-11
-11
-11
-10
-10
-9
-8
-8
-7
-7
-5
-4
-4
-3
-3
-1
0
0
1
1
2
3
4
4
5
5
6
6
6
7
7
7
8
8
8
8
8
8
8
8
8
8
8
7
7
6
6
6
6
5
5
4
4
4
3
3
3
2
2
1
1
1
0
0
0
-1
-2
-2
-2
-2
-2
-3
-3
-3
-3
-3
-3
-3
-4
-4
-4
-4
-4
-4
-5
-5
-5
-6
-6
-6
-6
-6
-7
-7
-8
-8
-8
-9
-8
-8
-9
-9
-9
-9
-9
-9
-10
-10
-9
-10
-10
-10
-10
-10
-10
-10
-10
-11
-11
-10
-11
-11
-11
-11
-11
-12
-11
-12
-12
-11
-12
-12
-11
-12
-12
-13
-12
-13
-13
-12
-13
-13
-12
-12
-13
-12
-12
-12
-13
-12
-13
-13
-12
-13
-13
-12
-13
-13
-12
-12
-13
-12
-12
-12
-12
-12
-11
-12
-12
-11
-11
-12
-11
-12
-12
-11
-11
-11
-11
-11
-11
-10
-10
-10
-10
-9
-8
-8
-7
-6
-5
-5
-4
-3
-2
-2
-1
-1
1
1
1
2
2
3
3
3
4
5
5
5
5
6
6
6
6
6
6
6
6
6
6
6
6
6
6
6
6
5
5
5
5
4
4
2
2
2
1
1
1
0
0
-1
-1
-1
-2
-2
-2
-3
-3
-3
-3
-4
-4
-4
-4
-4
-5
-5
-5
-5
-5
-5
-5
-5
-6
-6
-6
-7
-7
-7
-8
-8
-8
-7
-8
-8
-8
-9
-9
-8
-9
-9
-9
-9
-9
-9
-9
-10
-10
-10
-10
-10
-11
-10
-10
-11
-10
-10
-11
-11
-11
-11
-11
-11
-11
-11
-11
-11
-12
-11
-12
-12
-12
-12
-12
-13
-12
-12
-13
-12
-13
-13
-12
-13
-13
-12
-12
-13
-13
-12
-12
-13
-12
-12
-13
-12
-12
-13
-12
-12
-12
-12
-12
-12
-11
-11
-12
-11
-12
-12
-11
-12
-12
-11
-11
-12
-11
-11
-11
-11
-11
-12
-11
-11
-12
-11
-11
-12
-10
-10
-10
-9
-9
-8
-8
-6
-5
-5
-4
-2
-2
-1
0
0
1
1
3
4
4
5
5
6
6
6
7
7
8
8
8
9
9
9
9
9
9
9
9
9
9
8
8
8
7
7
7
7
7
6
6
5
5
5
4
3
3
2
2
2
1
1
0
0
0
-1
-1
-1
-2
-2
-3
-3
-3
-3
-3
-4
-4
-4
-4
-4
-4
-5
-5
-5
-5
-6
-6
-6
-6
-6
-7
-7
-8
-8
-8
-9
-9
-8
-8
-9
-9
-10
-9
-9
-10
-10
-11
-10
-10
-11
-11
-10
-11
-11
-11
-11
-11
-12
-11
-11
-12
-11
-12
-12
-12
-12
-12
-12
-12
-12
-12
-12
-12
-12
-12
-13
-13
-12
-13
-13
-12
-13
-13
-12
-12
-13
-12
-13
-13
-12
-13
-13
-12
-12
-13
-12
-12
-13
-12
-12
-12
-12
-12
-12
-12
-12
-12
-11
-12
-12
-11
-11
-12
-11
-12
-11
-11
-12
-11
-11
-11
-11
-11
-11
-11
-11
-11
-10
-10
-10
-11
-9
-9
-8
-7
-7
-6
-6
-5
-3
-3
-2
-1
-1
1
2
2
3
3
4
4
4
5
5
5
6
6
6
6
7
7
7
7
8
8
8
8
8
8
8
8
8
8
8
7
7
7
7
5
5
4
4
4
3
3
3
2
2
1
1
1
0
0
-1
-2
-2
-3
-3
-3
-3
-3
-4
-4
-4
-4
-4
-4
-4
-4
-4
-4
-5
-5
-5
-6
-6
-6
-7
-7
-7
-7
-8
-8
-8
-8
-8
-8
-8
-9
-9
-9
-9
-9
-10
-9
-9
-9
-10
-10
-9
-10
-10
-10
-10
-10
-11
-10
-10
-11
-11
-10
-10
-11
-10
-11
-11
-12
-11
-11
-12
-11
-12
-12
-11
-11
-12
-13
-12
-12
-13
-12
-13
-13
-12
-13
-13
-12
-12
-12
-13
-12
-12
-13
-12
-13
-13
-12
-12
-13
-12
-12
-12
-12
-12
-12
-11
-11
-12
-11
-11
-12
-11
-11
-11
-10
-10
-10
-9
-9
-8
-8
-6
-6
-5
-5
-3
-2
-2
-1
-1
0
1
2
2
3
3
4
4
5
5
6
6
7
7
7
7
7
7
8
8
8
7
7
7
7
6
6
6
5
5
5
5
4
4
4
3
3
2
2
2
1
1
1
0
0
-1
-1
-1
-2
-2
-2
-3
-4
-4
-4
-4
-4
-5
-5
-5
-5
-5
-5
-5
-5
-6
-6
-6
-6
-7
-7
-7
-8
-8
-7
-7
-7
-8
-8
-8
-8
-7
-8
-8
-8
-9
-9
-8
-9
-9
-9
-9
-9
-10
-10
-9
-10
-10
-10
-9
-10
-11
-10
-10
-11
-11
-11
-11
-11
-11
-11
-12
-11
-11
-12
-12
-11
-12
-12
-12
-12
-13
-12
-12
-13
-13
-13
-13
-13
-12
-13
-13
-12
-12
-13
-12
-12
-13
-12
-12
-13
-12
-12
-12
-12
-12
-12
-11
-12
-12
-11
-11
-11
-11
-11
-11
-11
-11
-11
-10
-11
-11
-10
-10
-10
-9
-8
-8
-7
-6
-5
-4
-3
-3
-1
0
0
1
2
2
3
4
5
6
6
7
7
7
8
8
9
9
9
10
9
9
10
10
9
9
9
9
9
9
9
9
8
8
8
8
7
6
6
5
5
5
5
4
4
4
2
2
1
1
1
0
0
0
-1
-1
-1
-1
-3
-3
-3
-3
-3
-4
-4
-4
-4
-4
-4
-4
-4
-5
-5
-5
-6
-5
-6
-6
-6
-6
-6
-7
-7
-7
-7
-7
-7
-7
-8
-8
-8
-9
-8
-8
-9
-9
-10
-9
-9
-10
-10
-9
-9
-10
-11
-10
-10
-11
-10
-10
-11
-11
-10
-10
-11
-10
-11
-11
-12
-11
-11
-12
-11
-11
-12
-12
-11
-12
-12
-12
-12
-12
-12
-12
-12
-13
-12
-12
-12
-12
-12
-12
-11
-11
-12
-12
-11
-11
-12
-11
-11
-12
-11
-11
-11
-10
-11
-11
-10
-10
-10
-10
-10
-10
-10
-9
-10
-10
-9
-9
-9
-8
-8
-7
-7
-5
-5
-4
-4
-3
-1
-1
0
0
1
1
2
3
4
4
4
5
5
5
5
6
6
6
6
6
7
7
7
7
7
7
7
7
7
7
7
7
7
6
5
5
5
4
4
4
4
3
3
2
2
2
1
1
1
1
1
-1
-1
-1
-1
-1
-1
-2
-2
-2
-2
-2
-3
-3
-3
-3
-4
-4
-4
-4
-4
-5
-5
-5
-5
-5
-6
-6
-6
-7
-6
-7
-7
-7
-7
-7
-7
-7
-7
-8
-8
-7
-8
-8
-8
-9
-8
-8
-8
-9
-9
-8
-8
-9
-10
-9
-9
-10
-10
-9
-9
-10
-10
-9
-10
-10
-10
-10
-10
-11
-10
-10
-10
-11
-10
-10
-10
-11
-10
-10
-10
-10
-10
-10
-11
-9
-10
-10
-11
-10
-10
-10
-11
-10
-10
-10
-9
-10
-10
-10
-9
-10
-10
-9
-10
-10
-10
-9
-10
-10
-9
-9
-9
-10
-9
-9
-8
-8
-7
-7
-6
-6
-5
-4
-4
-3
-3
-2
-1
0
0
1
1
2
2
2
3
4
4
5
5
5
5
6
6
6
6
6
6
6
6
6
6
6
6
6
5
5
5
5
4
4
4
3
2
2
1
1
1
0
0
0
0
-1
-1
-2
-1
-2
-2
-2
-2
-2
-3
-3
-3
-3
-4
-4
-4
-4
-5
-5
-5
-5
-5
-5
-6
-6
-6
-6
-6
-6
-7
-7
-7
-6
-7
-7
-7
-7
-8
-8
-7
-7
-7
-8
-8
-8
-8
-8
-8
-9
-8
-8
-8
-8
-9
-8
-9
-9
-9
-9
-9
-9
-9
-9
-9
-9
-9
-9
-9
-10
-9
-9
-10
-10
-9
-9
-10
-10
-10
-9
-10
-10
-10
-9
-10
-10
-10
-10
-10
-11
-10
-10
-10
-11
-10
-10
-10
-10
-10
-10
-10
-9
-9
-10
-10
-9
-9
-10
-10
-9
-9
-10
-9
-9
-9
-9
-8
-8
-8
-8
-6
-6
-6
-5
-5
-3
-3
-3
-2
-1
-1
1
1
1
2
2
2
3
3
3
4
4
4
4
5
6
6
6
6
6
7
6
6
7
6
6
5
5
5
5
5
4
5
4
4
4
4
4
3
3
3
2
2
2
1
1
1
1
0
-1
-1
-1
-1
-2
-2
-2
-2
-2
-2
-2
-3
-3
-3
-3
-3
-3
-3
-3
-4
-4
-4
-4
-5
-5
-5
-5
-6
-6
-6
-6
-6
-7
-6
-6
-7
-7
-7
-8
-8
-7
-7
-8
-8
-8
-7
-8
-8
-8
-9
-8
-8
-9
-9
-8
-8
-9
-9
-9
-9
-9
-10
-10
-9
-9
-10
-10
-9
-9
-10
-10
-9
-9
-9
-10
-9
-9
-10
-10
-9
-10
-10
-10
-9
-10
-10
-10
-9
-9
-10
-10
-9
-9
-10
-10
-9
-10
-10
-9
-9
-10
-10
-9
-9
-9
-10
-9
-9
-9
-8
-8
-9
-9
-8
-8
-8
-8
-7
-7
-6
-6
-6
-4
-4
-4
-3
-3
-2
-1
