21
33
36
20
45
13
52
4
53
24
16
52
0
60
12
40
29
20
49
13
48
16
48
16
41
37
12
53
0
61
13
33
44
8
61
12
45
21
37
32
28
45
13
52
4
57
25
21
53
0
64
13
45
28
24
49
17
49
16
49
12
45
33
17
56
0
61
16
36
40
13
60
12
49
20
44
25
32
41
13
57
5
61
21
28
52
5
64
12
48
25
33
41
24
49
17
53
9
53
29
20
56
1
64
13
44
36
20
56
16
49
17
48
17
41
41
16
56
5
64
17
49
49
33
33
29
49
21
48
17
52
16
49
36
20
60
5
65
17
41
45
16
61
17
52
20
49
28
36
45
17
57
8
61
25
32
56
8
65
17
52
29
36
45
25
52
17
57
13
57
32
21
61
5
69
16
44
40
24
57
17
52
20
52
24
44
44
20
61
9
65
20
36
52
12
68
17
53
25
45
40
33
52
20
60
13
60
32
28
60
8
69
17
48
36
29
57
24
53
20
57
21
52
40
20
61
9
69
20
44
48
16
65
21
53
25
48
33
37
49
21
61
13
64
28
32
60
9
72
20
52
33
36
52
28
56
21
60
17
56
41
25
65
9
72
21
49
44
25
64
20
57
25
56
32
45
49
21
65
13
68
28
40
57
12
72
20
56
33
44
48
32
57
24
61
17
60
37
29
64
9
72
52
52
25
25
32
49
48
36
56
24
65
20
64
37
32
65
13
76
24
53
45
33
65
28
61
28
61
28
53
48
25
68
16
72
28
45
60
20
73
24
57
32
52
44
37
56
25
64
20
69
37
33
68
13
76
24
56
45
37
65
32
60
29
61
29
57
48
29
68
17
77
28
49
56
24
73
25
61
32
53
44
41
57
29
69
21
72
36
36
68
16
77
25
60
41
41
61
32
64
29
65
28
61
48
29
69
17
77
28
52
56
24
72
29
64
33
57
41
48
57
29
69
20
72
36
40
68
20
80
29
60
41
45
61
37
64
29
68
28
65
48
32
73
17
80
28
56
56
32
72
29
65
33
61
40
53
60
29
72
20
77
37
44
69
21
81
28
64
40
53
56
41
64
32
69
29
69
48
36
73
21
32
32
80
80
68
41
56
57
45
65
33
72
29
73
45
41
76
20
84
33
61
53
41
73
37
69
37
68
37
64
56
36
77
24
81
37
53
65
29
84
33
69
40
61
52
48
65
36
77
29
77
45
45
77
25
84
33
68
52
49
69
40
72
36
72
36
69
56
37
77
25
84
36
61
64
33
84
37
69
40
65
49
56
68
36
80
29
81
44
48
77
25
88
36
68
49
53
69
45
73
40
77
36
72
57
41
80
25
89
36
64
65
41
84
40
72
44
73
48
60
68
40
80
28
85
44
57
77
33
89
37
72
52
61
64
48
73
40
80
36
80
57
44
84
29
89
41
68
61
45
81
41
76
45
77
48
68
68
41
84
32
89
45
61
77
36
93
41
77
52
68
64
53
77
45
84
36
85
57
49
84
93
93
32
32
44
81
52
72
65
60
77
45
85
40
89
57
56
89
32
96
44
76
64
56
84
49
81
49
84
49
77
69
48
92
36
97
48
68
77
45
96
49
85
56
77
65
64
80
48
89
40
93
57
61
89
36
100
45
80
64
65
81
56
84
53
89
49
85
69
53
92
37
100
52
76
76
48
96
52
88
57
80
64
72
81
52
92
41
97
56
65
88
40
101
49
84
64
69
80
61
85
52
92
48
89
69
56
96
41
105
53
80
77
57
96
53
88
56
88
60
77
81
53
96
44
100
60
72
89
49
105
52
88
65
80
76
65
88
57
97
52
97
69
64
97
44
105
56
85
77
65
96
61
93
60
92
60
85
80
60
100
48
105
61
80
89
52
104
56
92
64
84
77
73
92
61
100
53
104
69
68
49
49
104
104
109
61
96
68
93
76
81
93
61
104
53
108
69
76
100
53
113
60
97
73
84
92
73
97
64
104
61
100
80
68
108
53
116
65
92
89
68
109
65
100
69
101
72
92
93
65
109
57
113
69
84
100
57
117
64
101
76
92
88
81
101
69
108
61
109
80
76
109
56
121
68
101
85
80
105
72
104
72
105
73
101
93
72
113
60
121
72
93
101
69
120
72
105
77
101
88
88
104
73
113
64
116
81
84
112
61
124
72
105
84
89
105
80
109
76
112
72
112
92
77
117
61
124
76
101
97
77
117
73
112
80
109
84
100
104
77
120
64
125
80
96
112
68
128
77
109
84
101
100
88
109
77
117
72
121
92
84
121
65
129
76
109
97
92
117
84
117
81
116
80
113
101
81
125
69
129
84
109
109
105
105
104
113
93
120
85
124
81
124
101
89
129
72
137
85
116
108
93
128
88
121
89
121
92
112
113
88
132
76
137
92
109
121
84
136
88
124
97
117
109
104
120
88
132
81
133
100
100
132
77
141
88
124
105
108
121
96
128
92
132
89
129
113
96
137
81
145
93
121
116
97
137
93
132
97
129
101
117
121
96
137
84
141
100
112
132
89
145
93
129
105
120
121
109
132
96
137
92
140
108
108
140
85
149
96
129
113
113
132
104
136
101
136
100
133
121
101
145
89
149
100
125
128
100
148
100
136
108
136
112
124
132
100
144
92
152
109
120
137
96
152
100
140
113
128
125
117
137
104
148
100
149
116
116
148
93
156
104
140
120
120
140
113
145
109
144
108
141
129
113
153
96
161
108
136
132
113
152
148
148
113
113
113
156
105
160
120
125
153
104
165
113
148
128
136
145
125
153
117
156
113
157
133
124
160
104
168
117
149
137
129
156
120
156
121
157
120
152
141
124
164
109
172
120
148
149
120
165
121
160
125
157
132
145
153
124
165
112
173
125
144
160
117
173
124
161
133
153
144
140
157
125
169
117
173
137
141
165
117
180
125
161
137
148
157
137
165
129
169
125
169
145
137
173
116
181
128
161
149
144
168
136
168
132
169
133
168
153
137
177
121
184
132
161
157
136
180
133
172
137
172
140
164
160
137
180
124
185
140
161
169
133
185
137
173
145
169
152
160
168
140
181
129
188
144
157
176
133
193
140
177
148
168
165
157
177
141
184
136
188
153
153
184
132
197
141
180
157
165
177
152
181
145
185
144
185
160
156
189
200
200
141
141
153
188
156
189
156
184
176
152
200
141
204
156
180
181
153
201
153
193
161
189
165
180
184
156
200
148
208
161
181
189
152
209
157
197
165
192
176
180
192
161
205
153
209
168
180
200
152
212
161
201
172
192
184
177
196
165
209
156
213
176
180
209
157
220
165
201
177
189
193
180
204
168
209
164
213
181
180
212
156
221
169
204
185
188
204
177
208
173
212
168
212
189
181
217
160
228
173
209
192
189
209
181
212
177
217
173
216
196
181
224
165
232
176
209
196
189
216
181
217
184
220
181
217
200
184
228
168
236
180
212
205
189
224
184
220
188
224
184
217
205
189
232
172
240
184
216
209
192
229
189
224
189
224
192
220
209
192
233
176
240
188
221
212
197
233
192
229
193
232
193
225
217
196
240
180
245
193
217
217
236
236
240
204
232
225
205
249
189
256
200
232
228
209
248
204
244
205
245
209
237
228
208
252
193
261
205
236
229
216
249
209
249
212
248
209
245
232
213
256
196
265
209
244
233
221
253
213
252
216
253
212
249
233
216
261
200
268
212
249
237
228
257
220
257
220
257
216
256
240
225
264
208
273
217
252
241
232
261
224
261
225
265
220
265
240
233
272
212
281
225
260
241
245
261
233
269
232
273
228
273
248
240
277
220
288
232
269
245
252
265
244
273
236
277
232
280
248
249
280
225
293
237
276
249
264
268
252
276
241
284
233
288
249
256
285
233
296
240
281
253
272
265
260
280
245
292
240
296
253
268
285
244
304
248
289
256
285
264
273
285
253
301
245
305
256
281
288
253
304
256
297
261
296
264
288
285
261
305
313
313
260
260
273
309
269
313
268
313
288
281
317
260
329
269
312
285
296
304
285
313
277
320
269
324
285
296
321
268
333
277
320
289
312
297
300
317
281
329
273
337
289
312
317
285
337
284
328
293
324
292
321
316
292
337
277
344
288
325
313
301
332
296
332
296
336
293
336
312
304
344
284
353
293
336
308
324
325
312
337
300
348
293
353
308
325
340
296
356
300
345
312
340
316
333
336
309
357
296
364
308
341
336
316
357
313
352
313
356
313
353
332
321
361
304
373
312
353
329
341
348
329
356
320
365
312
372
329
344
360
316
376
321
365
332
364
337
353
357
329
377
316
385
329
365
353
344
373
337
376
336
377
329
380
349
349
384
324
393
333
377
349
369
360
356
377
340
389
333
396
345
372
376
344
396
345
388
348
388
349
372
372
413
413
400
364
396
368
388
389
361
412
348
420
361
396
384
380
405
372
405
365
412
361
416
380
385
413
360
424
368
412
377
405
385
396
405
372
425
364
432
376
409
401
385
420
381
421
380
424
376
424
396
396
429
373
441
381
424
392
420
404
408
421
385
436
376
445
388
420
416
400
437
392
433
393
436
388
441
408
408
441
385
452
393
437
404
433
413
424
432
400
453
389
460
401
440
424
421
441
412
445
405
452
397
460
413
433
445
404
464
409
456
413
452
412
453
436
420
465
401
473
413
457
425
449
440
437
456
417
469
408
476
420
456
448
433
468
425
468
425
473
420
477
436
448
472
421
484
428
473
433
473
436
468
460
436
484
420
493
432
477
448
464
464
456
477
440
493
432
500
444
477
472
456
493
449
492
448
497
444
461
461
512
512
501
461
516
453
524
464
500
489
480
512
473
513
468
517
465
525
480
496
513
469
529
472
521
480
520
477
520
500
488
532
469
541
477
528
493
521
501
512
517
488
541
472
545
485
529
505
513
524
504
533
492
544
484
549
496
528
524
504
545
500
544
500
545
497
552
512
520
545
497
560
504
548
508
549
512
548
529
516
561
496
572
508
557
524
548
529
541
548
516
568
505
576
517
560
536
545
553
533
564
520
577
513
581
528
561
553
540
576
532
577
533
581
529
588
541
561
576
536
596
536
588
544
589
544
588
561
560
596
537
608
544
593
556
592
560
588
580
556
609
540
617
553
600
568
593
580
584
596
561
616
549
625
561
608
581
593
596
581
608
568
624
560
629
572
609
593
593
616
581
621
573
629
569
637
580
613
609
629
629
649
649
648
593
640
597
644
597
645
612
620
648
596
664
600
652
608
653
608
652
628
625
661
600
673
609
661
617
657
621
657
641
628
669
605
680
616
668
625
665
632
657
652
629
680
613
688
624
673
636
669
640
664
660
633
688
620
697
632
680
644
673
653
668
672
641
696
625
705
637
688
653
681
661
672
681
648
705
636
712
645
697
665
688
673
680
692
657
712
644
720
657
704
673
697
684
688
701
664
721
653
732
665
713
681
704
692
696
708
672
733
661
740
672
725
688
716
697
705
717
684
741
669
748
681
733
697
724
705
717
724
692
748
677
757
689
740
704
737
712
729
729
701
757
688
765
697
749
712
748
713
744
736
713
765
696
772
708
761
717
757
721
757
737
728
769
709
780
717
768
725
769
725
769
741
744
777
720
788
777
777
809
809
797
744
804
740
812
753
792
777
773
797
764
801
753
813
745
821
757
804
777
792
793
784
804
764
825
752
833
764
820
781
813
789
808
808
780
833
764
844
776
833
789
832
792
832
808
808
841
785
856
792
848
797
848
793
856
808
833
841
808
860
805
856
804
864
796
872
809
852
833
832
853
824
860
813
877
805
884
813
868
832
857
840
852
857
828
885
813
893
820
880
832
877
836
877
852
852
884
828
900
832
889
841
892
836
897
849
877
881
853
900
849
897
844
908
840
916
853
897
873
884
889
876
900
860
920
848
929
857
913
873
912
876
909
896
880
925
860
937
865
928
877
928
873
932
885
912
917
889
936
884
933
881
944
876
952
884
933
908
921
920
913
933
892
956
880
964
889
949
904
948
909
945
924
920
957
900
972
960
960
973
973
957
937
988
920
997
925
985
936
988
933
993
944
972
973
952
992
948
993
941
1004
932
1012
945
997
960
989
968
984
984
961
1013
945
1024
952
1013
960
1013
957
1020
968
1000
996
980
1013
977
1017
964
1033
957
1040
968
1025
981
1020
984
1021
1000
997
1033
976
1045
977
1037
980
1044
977
1056
992
1041
1012
1032
1029
1028
1044
1008
1069
992
1076
1001
1065
1013
1068
1009
1073
1020
1053
1049
1033
1064
1028
1068
1017
1088
1009
1096
1017
1080
1033
1077
1036
1080
1048
1057
1080
1036
1096
1036
1089
1033
1100
1025
1108
1036
1092
1053
1084
1060
1081
1076
1061
1105
1041
1117
1045
1108
1048
1112
1045
1121
1056
1104
1077
1093
1089
1089
1104
1068
1128
1052
1137
1060
1124
1068
1128
1064
1136
1077
1117
1100
1101
1113
1097
1125
1081
1148
1068
1153
1077
1140
1085
1141
1084
1148
1097
1129
1120
1112
1136
1105
1145
1093
1164
1084
1172
1093
1157
1104
1104
1104
1132
1132
1141
1176
1133
1180
1125
1193
1113
1205
1125
1189
1137
1188
1136
1196
1145
1176
1173
1156
1189
1152
1193
1141
1213
1132
1220
1141
1209
1152
1209
1148
1213
1161
1197
1185
1180
1197
1177
1209
1160
1229
1148
1236
1157
1225
1164
1228
1160
1236
1172
1220
1193
1208
1205
1204
1216
1184
1240
1169
1249
1173
1241
1177
1245
1173
1252
1180
1237
1200
1228
1205
1228
1220
1209
1248
1188
1261
1193
1252
1192
1264
1185
1272
1192
1256
1212
1253
1212
1256
1225
1236
1252
1216
1269
1216
1268
1209
1280
1201
1288
1208
1277
1221
1277
1220
1280
1229
1261
1256
1249
1269
1241
1276
1229
1296
1216
1304
1224
1292
1232
1297
1228
1305
1236
1292
1257
1281
1269
1281
1284
1269
1316
1253
1328
1256
1325
1261
1333
1256
1348
1268
1337
1284
1333
1288
1336
1297
1317
1325
1300
1340
1297
1341
1289
1361
1276
1368
1284
1357
1293
1361
1289
1369
1300
1353
1317
1344
1325
1344
1336
1324
1361
1309
1373
1308
1369
1304
1381
1389
1389
1332
1332
1321
1412
1329
1397
1340
1397
1340
1405
1352
1388
1372
1377
1385
1372
1393
1360
1417
1345
1425
1349
1417
1349
1424
1345
1436
1353
1421
1364
1420
1364
1425
1373
1409
1396
1396
1405
1393
1413
1380
1437
1361
1448
1368
1436
1368
1444
1361
1453
1372
1441
1384
1441
1384
1445
1393
1429
1412
1420
1424
1417
1433
1400
1456
1388
1465
1389
1456
1389
1468
1384
1476
1389
1464
1404
1464
1401
1469
1408
1456
1428
1444
1436
1445
1448
1428
1472
1413
1481
1416
1477
1408
1489
1404
1500
1413
1488
1421
1488
1420
1496
1424
1485
1445
1476
1449
1477
1460
1461
1484
1445
1496
1445
1493
1436
1513
1424
1520
1432
1509
1440
1512
1432
1520
1441
1508
1457
1505
1457
1512
1464
1493
1488
1481
1496
1481
1504
1468
1525
1453
1536
1456
1524
1457
1537
1448
1544
1457
1533
1468
1532
1465
1540
1472
1528
1489
1521
1497
1520
1505
1504
1528
1489
1540
1489
1540
1481
1557
1473
1565
1477
1553
1481
1561
1477
1569
1485
1557
1556
1556
1521
1521
1525
1604
1525
1621
1536
1612
1553
1613
1556
1620
1565
1609
1589
1605
1597
1605
1608
1596
1629
1585
1641
1584
1641
1581
1657
1569
1664
1576
1657
1580
1661
1573
1672
1580
1661
1593
1660
1589
1669
1592
1657
1609
1656
1608
1660
1613
1644
1628
1637
1633
1636
1641
1624
1657
1613
1669
1613
1664
1608
1681
1597
1688
1600
1680
1604
1689
1597
1697
1604
1684
1613
1689
1609
1697
1617
1688
1628
1685
1629
1689
1633
1677
1652
1672
1657
1673
1664
1661
1684
1649
1693
1649
1692
1645
1709
1633
1720
1636
1708
1637
1721
1629
1729
1636
1716
1640
1720
1636
1733
1644
1721
1653
1717
1653
1725
1657
1716
1673
1708
1673
1712
1680
1700
1696
1693
1705
1693
1708
1685
1729
1668
1737
1672
1733
1668
1748
1657
1756
1664
1744
1665
1753
1661
1760
1668
1749
1676
1752
1672
1761
1677
1752
1692
1749
1689
1757
1693
1745
1712
1740
1717
1744
1721
1732
1740
1721
1748
1724
1753
1716
1773
1705
1777
1708
1772
1705
1788
1796
1796
1760
1760
1784
1757
1788
1761
1776
1781
1768
1789
1772
1792
1764
1808
1752
1816
1757
1813
1753
1829
1744
1840
1748
1828
1752
1840
1745
1848
1753
1836
1757
1845
1752
1852
1760
1844
1772
1844
1765
1852
1773
1845
1784
1840
1785
1849
1789
1841
1804
1837
1808
1841
1809
1833
1828
1828
1837
1833
1844
1829
1860
1820
1869
1828
1872
1829
1892
1817
1900
1824
1896
1828
1912
1821
1924
1832
1913
1832
1925
1828
1932
1836
1921
1837
1928
1836
1937
1841
1928
1848
1928
1845
1941
1852
1932
1861
1932
1860
1941
1864
1933
1877
1929
1873
1936
1876
1929
1892
1924
1889
1929
1892
1917
1908
1913
1909
1916
1913
1908
1925
1904
1933
1908
1933
1901
1948
1892
1953
1896
1949
1896
1964
1885
1973
1892
1965
1889
1976
1885
1985
1889
1973
1889
1984
1884
1993
1893
1981
1897
1988
1889
1996
1897
1985
1904
1988
1897
1997
1904
1989
1913
1989
1909
2001
1913
1989
1924
1988
1921
2000
1925
1989
1940
1988
1937
1996
1941
1988
1956
1957
1957
2033
2033
2029
1965
2036
1969
2028
1969
2045
1961
2049
1968
2040
1968
2057
1961
2061
1968
2053
1972
2064
1964
2072
1973
2060
1973
2072
1969
2080
1977
2068
1980
2077
1977
2084
1985
2077
1988
2080
1985
2092
1989
2080
1997
2084
1992
2096
2000
2085
2005
2089
2000
2100
2004
2092
2013
2092
2008
2104
2016
2097
2025
2097
2021
2108
2024
2101
2036
2100
2029
2109
2033
2105
2044
2105
2044
2112
2044
2108
2056
2108
2053
2116
2057
2112
2068
2109
2065
2120
2065
2112
2080
2112
2077
2121
2077
2116
2089
2113
2092
2121
2089
2116
2101
2117
2100
2125
2100
2121
2112
2116
2113
2125
2113
2121
2125
2121
2124
2129
2128
2129
2137
2128
2141
2136
2141
2136
2152
2136
2157
2145
2156
2144
2168
2145
2169
2152
2168
2152
2180
2149
2181
2157
2176
2153
2185
2152
2188
2156
2184
2157
2192
2152
2193
2160
2189
2157
2196
2153
2196
2161
2192
2161
2200
2156
2201
2164
2197
2165
2204
2160
2208
2168
2200
2165
2209
2164
2212
2169
2172
2172
2161
2161
2196
2233
2197
2240
2193
2245
2204
2237
2204
2248
2201
2248
2208
2245
2209
2252
2208
2252
2212
2249
2217
2256
2216
2260
2221
2253
2224
2261
2220
2264
2229
2257
2233
2265
2232
2269
2236
2264
2241
2273
2241
2273
2249
2269
2248
2273
2245
2277
2253
2269
2257
2277
2256
2277
2265
2272
2265
2280
2265
2280
2276
2273
2276
2280
2280
2281
2289
2276
2289
2281
2293
2280
2304
2277
2304
2284
2305
2280
2316
2276
2316
2285
2320
2281
2328
2277
2328
2285
2332
2280
2344
2280
2341
2289
2344
2280
2356
2281
2352
2288
2356
2281
2365
2281
2364
2292
2365
2285
2377
2284
2373
2293
2376
2288
2388
2289
2380
2292
2384
2288
2397
2293
2389
2297
2392
2293
2404
2297
2396
2301
2404
2296
2413
2304
2405
2305
2413
2305
2421
2309
2409
2312
2421
2313
2425
2317
2417
2324
2428
2320
2433
2329
2420
2336
2432
2332
2433
2341
2424
2349
2436
2348
2436
2357
2428
2361
2433
2361
2432
2372
2424
2377
2432
2376
2429
2389
2424
2428
2428
2460
2460
2416
2468
2421
2472
2416
2484
2412
2481
2417
2484
2409
2496
2409
2492
2416
2497
2408
2509
2409
2505
2417
2509
2409
2517
2412
2513
2416
2517
2413
2528
2416
2520
2420
2525
2417
2536
2421
2528
2425
2537
2425
2541
2432
2532
2440
2541
2440
2545
2448
2536
2456
2541
2456
2544
2464
2533
2473
2537
2476
2536
2485
2528
2493
2529
2493
2524
2505
2516
2512
2517
2517
2512
2529
2504
2528
2509
2536
2500
2549
2497
2548
2500
2553
2492
2564
2489
2564
2497
2569
2488
2581
2489
2580
2493
2581
2488
2597
2488
2589
2489
2596
2488
2605
2492
2597
2493
2605
2493
2613
2501
2601
2504
2613
2504
2616
2513
2604
2524
2616
2525
2613
2533
2604
2541
2604
2545
2601
2560
2592
2565
2592
2573
2589
2584
2581
2592
2580
2597
2573
2613
2568
2613
2573
2620
2564
2633
2560
2632
2564
2640
2556
2653
2556
2649
2557
2653
2552
2664
2553
2661
2556
2665
2556
2676
2560
2668
2564
2677
2565
2681
2569
2669
2577
2677
2581
2677
2588
2600
2600
2656
2656
2700
2616
2700
2620
2704
2609
2716
2612
2716
2613
2720
2609
2733
2616
2725
2620
2736
2621
2741
2629
2732
2640
2741
2641
2740
2652
2729
2665
2729
2672
2724
2685
2709
2693
2709
2704
2697
2717
2688
2725
2689
2728
2677
2745
2669
2749
2676
2753
2664
2768
2664
2764
2664
2772
2661
2784
2664
2776
2669
2785
2665
2788
2677
2776
2684
2784
2689
2780
2701
2765
2712
2765
2720
2757
2737
2744
2745
2740
2756
2732
2772
2720
2777
2725
2784
2713
2800
2708
2800
2709
2805
2697
2813
2701
2809
2700
2817
2701
2825
2704
2812
2713
2820
2716
2821
2728
2808
2741
2808
2745
2800
2764
2789
2773
2785
2784
2772
2797
2764
2804
2765
2812
2752
2829
2745
2832
2748
2837
2740
2848
2737
2845
2740
2853
2737
2864
2740
2852
2748
2860
2752
2860
2761
2848
2773
2849
2780
2841
2797
2829
2809
2824
2820
2813
2837
2801
2845
2800
2852
2788
2869
2781
2872
2784
2877
2773
2889
2772
2884
2776
2893
2773
2901
2780
2889
2789
2897
2896
2896
2840
2840
2813
2920
2808
2932
2808
2925
2812
2932
2812
2936
2820
2921
2832
2924
2836
2917
2852
2904
2868
2897
2876
2888
2897
2876
2904
2872
2917
2861
2933
2852
2936
2853
2941
2840
2953
2841
2953
2840
2961
2840
2969
2844
2957
2856
2965
2860
2957
2873
2945
2885
2940
2897
2928
2913
2912
2925
2908
2936
2896
2953
2884
2960
2885
2965
2873
2980
2869
2976
2869
2984
2869
2996
2873
2989
2880
2997
2885
2993
2900
2981
2912
2977
2925
2965
2941
2949
2953
2944
2964
2928
2981
2917
2988
2916
2997
2905
3012
2901
3012
2900
3017
2900
3029
2905
3020
2913
3028
2921
3021
2936
3009
2949
3001
2961
2988
2980
2973
2992
2968
3009
2956
3024
2945
3028
2944
3036
2932
3053
2933
3049
2933
3057
2933
3061
2944
3049
2957
3052
2965
3044
2984
3024
2997
3016
3013
3004
3032
2988
3040
2985
3048
2968
3064
2961
3068
2961
3076
2957
3085
2960
3076
2968
3085
2972
3081
2988
3068
3005
3061
3017
3049
3037
3028
3049
3025
3064
3012
3001
3001
3033
3033
3081
3052
3100
3036
3108
3036
3117
3021
3133
3017
3132
3017
3141
3017
3149
3025
3136
3037
3137
3049
3129
3068
3109
3084
3101
3100
3084
3120
3069
3133
3064
3144
3049
3161
3044
3157
3045
3169
3045
3177
3049
3164
3065
3168
3073
3156
3093
3137
3108
3128
3124
3109
3144
3093
3157
3089
3169
3077
3185
3072
3184
3069
3192
3068
3201
3076
3188
3088
3189
3097
3180
3117
3160
3133
3149
3152
3132
3172
3117
3184
3112
3193
3097
3209
3093
3208
3093
3221
3092
3224
3100
3212
3116
3212
3128
3200
3148
3181
3165
3169
3180
3152
3201
3136
3213
3133
3224
3121
3237
3116
3237
3117
3245
3120
3249
3129
3237
3148
3233
3160
3217
3181
3197
3197
3189
3213
3172
3236
3156
3245
3152
3252
3141
3269
3141
3265
3144
3272
3148
3273
3165
3256
3180
3248
3197
3233
3216
3212
3233
3204
3249
3189
3269
3176
3276
3172
3284
3165
3297
3168
3289
3177
3297
3181
3292
3200
3273
3217
3261
3236
3245
3257
3225
3273
3217
3285
3201
3196
3196
3281
3281
3324
3220
3340
3216
3340
3220
3348
3221
3352
3232
3337
3253
3329
3268
3312
3292
3292
3308
3281
3324
3261
3344
3252
3353
3245
3361
3236
3372
3241
3365
3253
3369
3264
3360
3281
3340
3304
3324
3324
3308
3345
3289
3357
3280
3369
3264
3385
3260
3385
3264
3392
3265
3393
3280
3377
3
2
2
2
2
2
1
1
1
1
1
1
0
1
1
1
1
1
1
1
1
1
1
1
1
1
0
0
1
1
1
1
0
1
1
1
1
0
0
1
1
0
0
0
0
1
0
0
0
0
1
1
0
0
0
0
0
0
0
0
0
0
0
0
0
0
0
0
0
0
0
0
0
0
0
0
1
1
1
1
0
1
1
1
1
0
1
1
1
0
0
0
0
1
0
0
0
0
1
0
0
0
1
1
1
1
1
1
0
-1
-1
-2
-2
-3
-3
-5
-5
-5
-6
-6
-6
-5
-5
-5
-4
-4
-3
-3
-2
-2
-3
-2
-2
-2
-2
-1
-1
-1
-1
-1
-1
-1
-1
0
0
0
1
1
1
1
1
1
1
1
2
2
2
2
3
2
2
2
2
2
3
3
4
3
4
4
4
3
3
4
4
5
5
4
4
3
4
3
3
4
4
4
3
3
2
2
2
2
3
2
2
2
1
1
1
1
1
1
1
1
1
0
0
0
1
1
1
1
1
1
0
0
0
0
0
0
0
-1
-1
-1
-1
-1
-1
0
0
0
0
0
-1
-1
0
0
0
0
-1
-1
-1
-1
-1
-1
-1
0
0
-1
-1
-1
-1
0
0
0
1
1
1
0
0
0
0
0
0
0
0
0
0
-1
-1
-1
0
0
0
0
0
0
0
0
0
0
0
0
1
1
1
1
0
0
0
-1
-1
-2
-2
-3
-3
-5
-5
-6
-6
-5
-5
-6
-5
-5
-4
-4
-3
-3
-2
-2
-1
-1
-1
-1
0
0
0
0
0
0
0
0
0
0
0
0
0
0
1
1
1
1
1
1
1
1
1
2
2
2
2
1
1
1
1
2
2
2
2
2
1
2
2
2
2
2
3
3
2
2
2
3
3
3
2
2
3
3
3
2
2
2
2
2
1
1
1
1
1
0
0
0
0
0
0
0
1
1
1
1
1
1
1
1
1
1
1
1
1
0
0
1
1
1
1
1
2
2
2
2
3
3
3
3
2
2
2
2
2
1
1
1
1
0
0
0
0
0
0
0
0
0
0
0
0
0
0
0
0
0
0
0
0
-1
-1
-1
-1
-1
-1
-1
-1
-1
-1
-1
-1
-1
0
0
0
0
0
0
0
0
0
0
0
0
0
-1
-1
-2
-2
-3
-3
-4
-4
-4
-4
-5
-5
-5
-5
-5
-4
-5
-4
-4
-3
-3
-3
-3
-2
-2
-2
-1
-1
-1
0
0
0
0
0
0
0
0
0
0
0
0
0
1
1
1
1
1
1
1
1
1
1
1
2
2
1
1
1
1
1
1
2
2
2
2
2
1
1
2
2
2
2
2
3
2
2
2
3
3
3
3
2
2
2
2
3
2
2
2
2
1
1
1
1
1
1
1
1
0
0
0
0
0
0
0
0
0
0
0
0
0
0
0
0
0
0
0
0
0
1
1
1
1
0
0
0
1
1
1
1
0
1
0
0
0
0
1
0
1
0
0
0
0
1
0
0
0
0
0
0
1
0
0
0
0
0
0
0
0
0
0
1
1
1
1
1
1
1
1
1
2
2
2
2
1
1
1
0
0
0
0
0
-1
-2
-2
-2
-3
-4
-4
-5
-4
-4
-4
-5
-5
-4
-5
-5
-5
-4
-3
-3
-2
-2
-2
-2
-1
-1
-1
0
-1
-1
-1
-1
0
0
0
0
0
0
0
0
0
1
1
1
2
1
1
1
1
1
1
1
1
2
2
2
2
1
1
1
1
1
1
1
1
2
1
1
1
1
1
1
2
2
2
2
2
2
1
1
1
1
1
1
1
0
0
0
0
0
0
0
0
0
0
0
0
0
0
0
0
0
0
0
0
1
1
1
1
0
1
1
1
1
1
1
1
1
0
0
0
0
1
0
0
0
0
0
0
0
0
0
0
0
0
0
0
0
0
0
0
0
0
0
0
0
0
0
0
0
0
0
0
0
0
0
0
0
0
0
0
0
0
0
0
0
0
0
0
0
0
0
0
0
0
0
0
0
0
0
0
0
0
0
0
0
-1
0
0
0
0
0
0
-1
0
0
0
0
-1
0
-1
-1
-1
-1
-1
-1
0
-1
-2
-2
-2
-1
-1
-1
-1
-1
-1
-1
-1
-1
-1
0
0
0
0
0
0
0
0
0
0
0
0
0
0
0
0
0
0
0
1
1
1
1
1
1
1
1
1
1
2
2
2
1
1
1
1
1
1
1
1
1
1
0
0
0
0
0
0
0
0
0
0
0
0
0
0
0
0
0
0
0
0
0
0
0
0
0
0
0
0
0
0
0
0
0
0
0
0
0
0
0
0
0
0
0
0
0
0
1
1
1
1
1
1
1
1
1
1
1
1
1
0
0
0
0
1
1
0
0
0
0
0
0
0
0
0
0
0
-1
-1
0
0
0
0
0
0
0
0
0
0
0
0
0
0
0
0
0
0
0
0
0
0
-1
-1
-1
-2
-2
-2
-3
-3
-3
-3
-3
-4
-4
-3
-3
-3
-2
-2
-2
-1
-1
-1
-1
-2
0
0
0
0
0
0
0
0
0
0
0
0
2
1
1
1
2
2
2
3
3
3
3
4
4
3
3
4
4
3
4
4
3
3
3
3
2
2
3
3
2
2
2
1
1
0
0
0
0
0
0
-1
-1
-1
-1
-1
-1
-1
0
0
0
0
0
0
0
0
0
-1
-1
-1
-1
-1
-1
-1
-1
-1
-1
-1
-1
-1
0
0
0
0
0
0
0
-1
-1
-1
-1
-1
-1
-1
-1
-1
-1
-1
-1
-1
0
0
0
0
0
0
0
0
0
0
0
0
0
0
0
0
0
0
0
0
0
0
1
1
0
0
0
0
0
0
0
0
0
0
0
-1
-1
0
0
0
0
0
0
0
0
0
0
0
1
1
1
1
1
1
1
0
0
0
-1
-1
-1
-2
-2
-3
-3
-3
-4
-4
-3
-3
-3
-2
-2
-3
-3
-3
-2
-2
-2
-1
-1
-1
-1
-1
-1
-1
1
1
1
1
0
1
1
1
1
1
1
1
1
0
0
0
0
2
1
1
1
1
1
1
2
2
2
2
2
2
1
1
1
1
1
1
1
1
1
1
1
1
2
2
3
3
3
3
4
4
4
4
5
5
6
5
6
5
5
6
6
5
5
4
4
3
3
2
2
1
0
0
-1
-2
-2
-2
-2
-2
-2
-2
-2
-3
-3
-2
-2
-2
-1
-1
-1
-2
-2
-2
-2
-2
-1
-1
-2
-2
-2
-2
-2
-2
-1
-1
-2
-2
-2
-2
-1
-1
-1
-1
-1
-1
-1
-1
-1
0
0
0
0
-1
0
0
0
0
-1
-1
-1
-1
0
0
-1
-1
-1
-1
-1
-1
-1
0
0
0
0
-1
-1
0
0
0
0
0
0
-1
-1
-2
-2
-2
-2
-3
-3
-3
-3
-3
-3
-4
-3
-3
-2
-2
-3
-2
-2
-2
-2
-2
-2
-2
-1
-1
-1
-1
-1
0
-1
0
0
0
1
1
1
1
0
1
1
1
1
1
1
1
2
1
0
1
1
2
1
1
1
1
1
2
2
1
1
2
1
1
1
1
1
1
1
2
1
1
1
1
1
1
1
2
2
2
2
2
1
1
1
1
2
2
2
2
1
1
1
1
1
1
1
1
1
0
0
0
0
0
1
0
0
0
0
1
1
1
2
2
2
3
3
3
4
4
5
5
5
5
5
5
5
5
4
4
3
4
4
3
3
2
1
1
0
0
0
0
0
-1
-2
-2
-2
-3
-3
-2
-2
-2
-2
-3
-3
-3
-2
-2
-3
-3
-2
-2
-3
-3
-3
-3
-2
-3
-3
-3
-3
-2
-2
-2
-2
-1
-1
-1
-2
-2
-2
-3
-3
-4
-4
-4
-5
-5
-5
-6
-6
-5
-5
-5
-4
-4
-3
-3
-3
-2
-2
-2
-1
-1
-1
-1
0
0
0
0
0
0
0
0
0
0
0
1
1
1
1
1
1
1
1
1
2
2
2
2
1
1
2
2
2
2
2
2
2
1
1
1
1
1
2
1
1
1
1
1
1
1
1
1
2
2
2
1
1
1
1
1
1
2
2
2
2
1
1
1
1
1
1
1
1
1
0
0
0
0
0
1
1
1
1
1
1
1
1
1
1
1
1
1
0
0
0
0
0
0
0
0
0
0
0
0
0
0
0
0
0
0
0
0
0
0
1
1
1
2
2
2
2
2
3
3
4
4
5
4
5
5
5
5
5
6
7
6
6
5
6
5
6
5
5
4
4
4
3
2
1
1
1
0
0
-1
-2
-2
-2
-3
-3
-4
-5
-5
-6
-7
-7
-8
-8
-8
-8
-9
-8
-9
-8
-8
-7
-6
-5
-6
-5
-6
-5
-5
-4
-4
-3
-3
-3
-3
-3
-3
-2
-3
-2
-2
-2
-2
-2
-2
-2
-1
-2
-2
-2
-2
-1
-1
-1
-1
-1
-1
-1
0
0
1
1
1
1
1
1
1
1
1
2
2
1
1
1
2
2
2
2
2
2
2
3
2
2
2
3
3
2
2
2
2
2
2
2
2
2
2
2
1
1
1
1
1
1
1
1
1
0
0
1
1
1
1
1
1
1
1
1
1
1
1
1
0
0
0
0
0
0
0
0
0
0
0
0
0
0
0
0
0
0
0
0
0
0
0
0
0
0
0
0
0
0
0
0
0
0
0
0
0
0
0
0
0
0
0
0
0
0
0
1
1
1
1
1
2
2
2
3
3
4
4
5
5
5
6
6
7
6
6
6
5
5
4
4
3
2
2
1
1
0
-1
-1
-1
-1
-1
-2
-2
-2
-3
-3
-4
-4
-4
-4
-4
-5
-5
-5
-5
-5
-5
-5
-5
-4
-4
-4
-3
-4
-3
-3
-3
-2
-3
-3
-2
-2
-2
-2
-2
-2
-1
-1
-1
-1
-1
0
0
-1
-1
-1
-1
-1
-1
-1
-1
-1
-1
-1
-1
-1
0
0
0
0
0
0
0
0
-1
-1
-1
-1
0
0
0
0
0
0
0
0
0
1
1
2
2
1
1
1
1
1
1
1
1
1
1
1
1
1
1
1
1
1
1
1
2
1
1
1
1
0
0
0
0
0
0
1
1
0
1
1
0
0
0
0
1
1
1
1
0
0
0
0
0
1
1
1
1
0
0
0
0
0
0
1
0
0
0
0
0
0
1
0
0
0
0
0
-1
0
0
0
0
0
0
-1
1
0
0
0
0
0
0
0
1
1
1
2
2
2
3
4
4
5
5
6
7
6
7
7
7
7
7
7
6
7
6
6
5
4
4
3
3
3
3
2
1
1
0
0
0
0
-1
-1
-1
-1
-3
-3
-3
-3
-3
-3
-4
-4
-5
-4
-5
-5
-6
-6
-6
-7
-6
-7
-7
-6
-7
-6
-6
-6
-6
-5
-5
-5
-4
-4
-4
-4
-4
-3
-3
-3
-2
-2
-2
-2
-2
-2
-2
-1
-1
-1
-1
-1
-1
-1
-1
-1
0
0
0
0
0
0
0
0
0
0
0
0
0
0
0
0
0
1
1
1
1
1
1
1
1
1
1
1
1
1
0
0
0
1
1
1
1
1
1
1
1
1
2
2
2
2
1
1
1
1
1
1
1
1
1
0
0
1
1
1
1
1
1
1
1
1
1
1
1
1
0
0
0
0
1
1
1
1
1
1
1
1
0
0
0
0
-1
-2
-2
-3
-3
-3
-3
-3
-3
-2
-2
-2
-2
-1
-1
-1
0
0
0
0
0
1
1
1
1
2
2
3
3
4
5
6
6
7
7
8
9
9
9
10
9
10
10
9
9
9
9
8
7
7
7
6
5
5
4
3
3
2
2
1
1
1
0
0
0
0
-1
-1
-1
-1
-1
-2
-2
-3
-3
-3
-4
-4
-5
-5
-5
-6
-6
-7
-7
-7
-7
-7
-8
-8
-8
-8
-7
-8
-7
-7
-7
-6
-6
-6
-6
-5
-5
-5
-4
-4
-4
-4
-4
-4
-4
-4
-3
-3
-3
-2
-2
-2
-2
-1
-1
-1
0
0
0
0
0
0
0
0
0
0
0
0
0
0
0
0
0
0
0
0
0
0
0
0
0
0
1
1
1
1
1
1
1
1
1
1
1
2
2
1
1
1
1
1
1
1
2
2
2
2
1
1
1
1
1
1
1
1
1
0
-1
-1
-1
-1
-2
-2
-2
-2
-2
-2
-2
-2
-2
-1
-1
-1
-1
0
0
0
0
0
0
0
0
0
0
0
0
0
0
0
0
0
0
0
0
0
1
1
1
1
2
2
3
4
4
5
5
6
7
7
7
8
9
8
9
9
9
10
10
11
11
10
10
11
10
10
10
10
9
9
8
7
6
5
5
5
4
3
2
2
1
1
0
0
0
0
0
0
-2
-2
-2
-2
-3
-3
-4
-4
-5
-5
-6
-7
-7
-6
-7
-6
-7
-7
-7
-7
-7
-7
-7
-7
-7
-7
-7
-7
-7
-6
-6
-7
-6
-7
-6
-6
-5
-5
-5
-6
-5
-5
-6
-5
-4
-4
-4
-4
-4
-4
-3
-3
-2
-3
-3
-2
-2
-2
-2
-1
-1
-1
-1
-1
-2
-2
-1
-1
-1
-1
-1
-1
-1
-1
-1
-1
-1
0
0
0
0
0
0
0
0
0
0
0
0
-1
-1
-1
-1
-1
-1
-1
-1
-1
-1
-1
-1
-1
0
0
0
0
0
0
0
0
0
0
1
1
1
1
1
1
1
2
2
2
2
2
2
1
1
1
1
2
2
2
1
1
1
1
2
2
2
2
2
3
2
2
2
2
2
3
3
2
3
3
4
5
4
5
6
7
8
8
8
9
10
10
11
11
11
12
12
12
11
11
11
10
10
9
9
8
7
6
5
4
3
3
2
2
3
2
2
0
0
0
0
0
-1
-1
-1
-2
-2
-3
-4
-4
-4
-4
-5
-5
-6
-5
-6
-6
-6
-7
-7
-7
-7
-6
-7
-6
-6
-6
-6
-6
-6
-6
-5
-5
-5
-5
-6
-5
-5
-5
-4
-5
-4
-5
-4
-4
-4
-4
-4
-3
-3
-3
-4
-4
-3
-3
-3
-3
-3
-3
-2
-3
-3
-3
-3
-2
-3
-3
-3
-2
-2
-2
-2
-2
-2
-2
-2
-3
-3
-3
-3
-3
-4
-4
-4
-4
-5
-4
-4
-4
-3
-3
-2
-2
-2
0
0
0
0
1
1
1
1
1
1
2
2
2
1
2
2
2
2
2
2
2
2
3
2
2
2
2
1
1
1
1
1
2
2
2
1
2
2
2
2
2
2
2
3
3
2
2
2
3
2
2
3
3
3
3
4
3
4
5
5
6
6
7
8
8
9
10
11
11
12
12
12
13
13
13
12
12
11
11
10
10
9
9
8
7
6
5
4
5
4
4
3
3
2
2
1
1
1
1
1
0
-1
-2
-2
-3
-3
-4
-4
-4
-5
-5
-6
-6
-6
-6
-6
-6
-6
-6
-6
-7
-7
-7
-7
-7
-7
-7
-7
-7
-7
-6
-7
-6
-5
-6
-5
-5
-5
-5
-5
-5
-4
-5
-5
-4
-5
-5
-4
-4
-5
-4
-4
-4
-4
-4
-3
-4
-4
-3
-3
-3
-5
-5
-6
-6
-6
-6
-7
-8
-8
-8
-9
-9
-10
-8
-7
-7
-7
-7
-7
-6
-5
-4
-4
-3
-3
-2
-2
-2
-1
-1
0
0
0
0
0
0
1
1
1
1
2
2
2
2
3
3
3
3
3
2
3
3
3
3
3
3
4
3
3
3
4
4
4
4
4
4
3
3
4
3
3
3
4
3
3
4
3
3
3
3
4
3
3
3
3
2
2
3
2
2
2
3
3
2
2
2
3
3
4
4
4
4
5
6
6
6
7
8
10
10
11
10
11
12
13
13
12
12
12
12
11
10
10
9
9
9
7
6
5
5
4
4
3
4
3
2
1
1
0
0
0
0
0
-1
-1
-1
-3
-3
-3
-3
-3
-4
-5
-5
-6
-6
-6
-6
-7
-6
-6
-7
-6
-7
-7
-6
-6
-6
-6
-5
-5
-5
-5
-6
-5
-5
-5
-4
-4
-5
-4
-5
-6
-8
-8
-8
-8
-9
-10
-10
-10
-11
-10
-11
-10
-10
-8
-7
-7
-7
-6
-6
-5
-5
-4
-4
-4
-4
-3
-3
-3
-4
-3
-3
-2
-2
-2
-2
-3
-2
-2
-2
-2
-2
-1
-1
-1
-1
-1
-1
-1
0
1
1
1
1
1
2
2
2
2
2
2
3
3
2
2
2
3
3
2
2
2
2
3
3
2
2
2
3
3
2
2
2
2
3
3
2
2
2
3
3
2
2
2
3
3
3
2
2
2
2
3
2
2
2
2
3
2
2
3
3
4
4
5
5
6
7
7
8
8
9
11
11
12
12
13
13
13
13
12
13
12
11
11
9
9
8
8
7
6
6
5
5
3
3
3
2
2
1
1
0
0
0
-1
-1
-1
0
-1
-1
-1
-2
-2
-3
-3
-4
-4
-5
-5
-6
-6
-6
-6
-7
-6
-7
-6
-6
-6
-6
-5
-6
-6
-7
-7
-8
-7
-8
-8
-9
-9
-9
-9
-10
-10
-9
-9
-8
-7
-8
-8
-7
-7
-7
-6
-7
-6
-5
-6
-5
-5
-5
-4
-4
-4
-3
-3
-3
-2
-2
-2
-1
-1
-2
-2
-2
-1
-1
-1
-1
-1
-1
-1
-1
-1
-1
0
0
0
0
0
0
0
0
0
0
0
0
0
0
0
0
0
0
0
1
1
1
1
1
1
1
1
1
1
1
1
2
1
1
1
1
1
1
1
1
2
2
2
2
1
1
1
1
1
1
1
1
1
1
1
1
1
1
1
1
1
1
1
2
2
2
1
1
2
2
2
2
2
3
3
4
3
4
5
5
6
6
7
8
9
10
11
12
12
13
13
13
14
13
13
12
12
11
11
10
9
9
8
7
7
6
6
5
6
5
5
4
3
3
1
1
2
1
1
1
1
0
-1
-1
-1
-1
-1
-1
-1
-3
-4
-4
-5
-5
-6
-5
-6
-7
-7
-8
-8
-8
-7
-7
-7
-7
-8
-8
-8
-8
-7
-8
-7
-7
-7
-8
-7
-8
-8
-7
-7
-7
-7
-7
-7
-7
-7
-7
-6
-7
-6
-6
-6
-5
-5
-5
-5
-4
-5
-4
-4
-4
-3
-4
-3
-3
-3
-3
-2
-2
-3
-2
-2
-2
-2
-2
-1
-1
-1
-1
-1
-1
-1
0
0
-1
-1
-1
0
0
0
0
0
0
0
0
0
0
1
1
1
0
0
0
0
0
0
0
1
1
1
1
1
1
1
1
1
1
1
1
1
1
1
1
1
1
1
1
1
1
1
1
1
1
0
0
0
0
0
0
0
0
1
1
1
1
1
1
1
1
1
1
1
2
2
2
2
2
3
3
4
5
6
7
7
8
8
9
9
10
11
11
12
12
12
12
12
12
12
12
11
11
10
9
9
8
8
7
7
6
6
5
4
4
3
3
3
2
2
1
1
-1
-1
-1
-1
-1
-1
-1
-2
-2
-2
-2
-3
-3
-3
-3
-3
-4
-4
-4
-5
-4
-4
-5
-6
-5
-6
-5
-5
-6
-5
-6
-7
-6
-7
-7
-7
-6
-7
-6
-7
-7
-6
-7
-6
-6
-6
-5
-5
-5
-5
-5
-5
-5
-5
-5
-4
-5
-4
-4
-4
-5
-4
-4
-3
-4
-3
-3
-3
-4
-3
-3
-3
-3
-3
-3
-3
-3
-2
-2
-2
-2
-1
-1
-1
-1
-1
0
0
0
0
0
0
0
0
0
0
0
0
0
0
0
0
0
0
0
0
0
0
0
0
0
0
0
1
1
1
1
1
1
1
1
1
1
1
1
1
0
0
0
0
0
0
0
0
0
0
0
0
0
0
0
0
1
1
1
1
1
2
2
3
3
4
5
5
6
6
7
8
9
10
10
11
11
12
12
12
12
12
12
12
11
10
10
10
9
9
8
8
7
7
6
5
4
4
4
3
2
2
0
0
-1
-1
-1
-1
-1
-1
-1
-1
-2
-2
-2
-1
-1
-2
-2
-3
-3
-3
-4
-4
-4
-3
-4
-4
-4
-5
-5
-5
-4
-5
-5
-4
-5
-5
-6
-5
-6
-6
-6
-6
-6
-6
-6
-6
-6
-5
-6
-5
-6
-5
-6
-5
-4
-4
-4
-4
-4
-4
-5
-4
-4
-4
-4
-3
-3
-3
-4
-4
-3
-3
-3
-2
-2
-2
-2
-2
-2
-2
-2
-1
-2
-2
-2
-2
-2
-2
-2
-1
-1
-1
-1
-1
-1
0
0
0
0
0
0
0
0
0
0
0
0
0
0
1
0
0
0
0
0
0
1
1
1
1
1
1
0
0
0
0
0
1
1
0
0
0
0
0
0
0
1
1
1
1
0
0
0
0
0
0
0
0
0
0
0
0
0
0
0
0
0
0
0
0
0
1
2
3
5
6
7
8
9
11
12
13
13
14
14
14
14
12
12
12
11
11
9
9
8
8
8
7
6
6
6
5
4
5
4
4
3
3
2
1
1
1
0
-1
-1
-2
-3
-3
-4
-4
-4
-3
-4
-4
-4
-4
-3
-4
-3
-3
-3
-3
-3
-4
-4
-4
-4
-4
-4
-5
-4
-4
-5
-5
-5
-5
-5
-5
-4
-5
-5
-5
-5
-5
-5
-5
-5
-5
-5
-4
-4
-4
-3
-4
-4
-3
-3
-3
-3
-3
-2
-2
-2
-2
-2
-3
-2
-2
-2
-2
-2
-1
-1
-1
-1
-1
-2
-2
-1
-1
-1
-1
-1
-2
-2
-2
-2
-2
-2
-1
-1
-1
-1
-1
-1
-1
0
-1
-1
-1
-1
0
0
0
0
-1
-1
-1
-1
-1
0
0
0
0
0
-1
-1
-1
0
1
1
1
1
1
1
1
1
0
0
0
0
0
0
0
0
0
0
0
0
0
0
1
1
0
0
-2
-2
-2
-2
-2
-2
-2
-2
-2
-1
-1
1
1
3
4
5
5
6
7
7
8
9
9
9
9
10
9
9
8
9
8
8
8
8
7
7
7
7
6
6
5
5
5
5
4
4
3
4
3
3
2
2
2
2
2
0
0
0
-1
-1
-2
-2
-2
-3
-3
-3
-3
-3
-3
-3
-3
-3
-3
-3
-4
-4
-3
-3
-3
-4
-4
-3
-4
-4
-3
-4
-4
-3
-4
-4
-4
-4
-3
-4
-4
-3
-3
-3
-2
-2
-3
-2
-2
-2
-3
-3
-2
-2
-3
-3
-3
-3
-3
-2
-3
-3
-3
-2
-2
-2
-2
-1
-2
-2
-2
-2
-2
-1
-1
-1
-1
-1
-2
-2
-2
-1
-1
-1
-1
-1
-1
-1
-1
-1
-1
0
0
-1
-1
-1
-1
-1
-1
-1
0
0
0
0
0
0
1
0
0
0
0
0
0
-1
0
0
0
0
0
0
1
1
1
1
0
0
0
-2
-2
-2
-2
-3
-3
-3
-3
-3
-4
-3
-3
-3
-2
-2
-1
-2
-1
-1
0
0
0
1
1
2
2
3
3
3
5
5
6
6
7
8
9
10
10
11
10
11
11
11
12
12
11
11
10
10
10
9
9
9
9
8
7
7
6
6
5
5
4
3
4
3
3
2
2
2
1
1
1
1
0
0
0
-1
-1
-2
-2
-2
-3
-4
-4
-4
-5
-4
-4
-4
-5
-5
-5
-5
-6
-5
-4
-5
-5
-5
-5
-6
-6
-5
-5
-5
-5
-4
-4
-5
-4
-4
-4
-4
-3
-3
-3
-4
-3
-3
-3
-4
-3
-3
-4
-3
-3
-3
-3
-3
-2
-2
-3
-3
-2
-3
-3
-2
-2
-2
-2
-2
-2
-2
-2
-2
-2
-2
-1
-1
-1
-1
-1
-1
-1
-2
-2
-2
-1
-1
-1
-1
-1
-1
-1
-1
-1
-1
0
0
0
0
0
-1
-1
-1
-1
-1
-1
-1
-2
-2
-2
-3
-3
-3
-3
-3
-3
-3
-3
-4
-4
-3
-3
-3
-2
-2
-2
-1
-1
-1
-1
-1
0
0
0
0
0
0
0
0
0
0
0
0
0
0
0
0
0
0
0
0
0
1
1
2
2
3
3
4
5
5
6
7
8
9
9
9
9
10
10
10
10
10
11
10
10
10
9
9
9
9
8
7
8
7
6
6
6
5
5
5
4
4
3
3
3
2
2
2
1
1
1
-1
-1
-1
-1
-1
-2
-2
-2
-2
-3
-3
-3
-4
-3
-3
-4
-4
-4
-4
-4
-5
-5
-4
-4
-4
-3
-4
-4
-3
-3
-3
-3
-3
-2
-2
-3
-3
-3
-3
-2
-3
-3
-3
-3
-2
-3
-3
-3
-2
-2
-2
-3
-3
-2
-2
-2
-2
-2
-2
-2
-2
-2
-2
-3
-2
-2
-2
-2
-2
-2
-2
-2
-2
-2
-2
-2
-1
-1
-1
-1
-1
-1
-1
-1
0
-1
-1
-2
-2
-2
-2
-3
-3
-3
-3
-3
-3
-3
-3
-3
-2
-2
-2
-2
-1
-1
-1
-1
-1
-1
-1
0
0
0
0
0
0
0
0
0
0
0
0
0
0
0
0
0
0
0
0
0
0
1
0
0
0
0
0
0
0
0
0
1
1
1
0
1
2
3
3
4
5
5
6
7
6
7
8
9
10
9
9
10
9
9
9
9
8
9
8
7
7
6
6
6
5
5
5
5
4
4
3
3
3
2
2
2
1
1
2
1
1
1
0
0
0
-1
-1
-1
-1
-2
-2
-4
-4
-5
-5
-4
-4
-5
-4
-4
-5
-5
-4
-4
-4
-4
-3
-3
-3
-3
-2
-2
-3
-2
-2
-2
-3
-2
-2
-3
-3
-3
-3
-3
-4
-3
-3
-3
-3
-2
-2
-2
-2
-2
-2
-2
-2
-1
-1
-1
-1
-1
-1
-2
-2
-1
-1
-1
-2
-2
-2
-2
-2
-2
-2
-2
-2
-2
-2
-3
-3
-2
-2
-2
-3
-3
-3
-4
-4
-3
-3
-3
-2
-2
-2
-2
-2
-1
-1
-1
0
0
0
0
0
0
0
0
0
0
0
0
0
0
0
0
0
0
0
0
0
0
0
0
1
1
0
0
0
1
1
1
1
1
1
1
1
0
0
1
1
1
0
0
0
1
1
1
1
2
2
3
3
4
5
6
6
7
6
7
8
8
8
8
8
9
8
7
7
7
7
7
7
6
6
6
6
5
4
4
4
3
3
3
3
2
2
2
1
2
2
2
2
2
2
1
0
0
0
0
-1
-1
-2
-2
-3
-3
-3
-3
-2
-3
-3
-3
-3
-3
-3
-3
-3
-2
-3
-3
-3
-4
-3
-3
-3
-4
-3
-3
-3
-3
-3
-3
-3
-3
-2
-2
-2
-2
-2
-2
-2
-3
-3
-3
-2
-2
-2
-2
-2
-3
-3
-2
-2
-2
-1
-2
-2
-3
-3
-4
-4
-5
-4
-4
-4
-5
-5
-5
-4
-4
-3
-3
-2
-2
-1
-2
-2
-2
-1
-1
-1
-1
-1
-1
-1
-1
-2
-2
-1
-1
-1
-1
-1
0
0
0
0
0
0
1
1
1
1
1
1
1
0
0
0
0
0
0
0
0
0
0
0
0
0
0
0
0
1
1
1
1
1
1
1
1
1
1
1
1
1
0
0
0
0
0
0
0
0
0
0
0
0
1
1
1
1
1
1
2
2
2
3
3
4
4
4
4
5
6
6
7
6
7
7
7
7
6
7
6
7
6
6
6
5
5
4
5
4
4
4
4
4
3
3
2
2
2
2
2
1
1
1
1
0
0
0
0
0
0
0
0
0
0
0
0
-1
-1
-1
-1
-2
-2
-2
-2
-3
-3
-3
-3
-3
-3
-3
-3
-4
-3
-3
-3
-3
-2
-2
-2
-3
-3
-2
-3
-3
-3
-3
-4
-4
-4
-4
-5
-5
-4
-5
-5
-5
-5
-4
-4
-3
-3
-4
-4
-3
-3
-3
-2
-3
-2
-2
-2
-2
-2
-2
-1
-1
-1
-1
-1
-1
-1
-1
-1
-1
-1
-1
-1
-1
-1
-1
0
0
0
0
0
0
0
0
0
0
1
1
1
0
0
0
1
1
1
1
2
2
2
1
1
1
2
2
2
1
1
1
1
1
1
1
1
1
1
-1
-1
-1
0
0
0
0
-1
-1
-1
-1
0
0
1
1
0
0
0
0
0
0
0
1
1
0
0
0
0
1
1
2
2
2
2
3
2
3
3
4
5
5
5
6
5
6
6
7
6
6
6
6
5
5
5
6
5
5
4
5
4
4
4
3
3
3
2
2
1
1
1
1
0
0
0
0
0
0
0
0
0
0
0
0
-1
-1
-1
-2
-2
-2
-2
-2
-3
-3
-3
-4
-4
-4
-4
-4
-3
-4
-4
-4
-4
-4
-4
-4
-4
-4
-3
-3
-4
-4
-3
-4
-4
-4
-3
-3
-3
-2
-2
-3
-3
-3
-3
-3
-2
-2
-2
-2
-2
-2
-2
-2
-2
-2
-1
-1
-1
-1
-1
-1
-1
-1
-1
-1
-1
0
0
0
0
-1
-1
-1
-1
0
0
0
0
0
0
0
0
0
1
1
1
1
0
0
0
0
0
0
0
0
0
0
0
0
1
1
1
0
0
0
0
0
0
0
0
1
1
0
0
0
1
1
0
0
0
0
0
0
-1
-1
-1
-1
-1
-1
-1
0
0
0
0
0
0
0
0
0
0
0
0
0
0
0
0
0
0
0
0
0
1
1
1
2
2
2
3
4
4
5
5
5
6
5
6
6
6
6
7
6
5
6
5
5
5
4
5
4
5
4
5
4
4
4
3
3
3
3
3
2
2
1
1
0
-1
-1
-1
-1
-2
-2
-2
-3
-3
-3
-3
-4
-4
-3
-3
-4
-4
-3
-3
-2
-1
-1
-2
-2
-1
-1
-1
-2
-1
-1
-2
-2
-3
-3
-3
-3
-3
-3
-4
-4
-3
-3
-3
-3
-3
-3
-3
-3
-2
-2
-3
-2
-2
-2
-2
-2
-1
-2
-2
-2
-2
-2
-2
-1
-1
-1
-1
-1
-1
-1
0
0
0
0
0
0
0
0
0
0
0
0
0
0
0
0
0
0
0
0
0
-1
-1
-1
-1
-1
-1
-1
-1
0
0
0
0
0
1
1
1
1
1
1
1
1
0
0
0
0
0
0
0
0
0
0
0
0
0
0
0
0
0
0
0
0
0
0
0
0
0
0
0
0
0
0
0
0
0
0
0
0
0
0
0
0
0
0
0
0
0
0
0
0
0
0
0
0
0
0
0
1
1
2
2
3
3
3
4
5
5
6
6
6
6
6
6
6
6
6
6
5
4
4
3
3
3
3
3
2
2
1
1
1
0
0
0
0
0
1
0
0
-1
-1
-1
-1
-1
0
0
0
0
0
-1
-1
-1
0
0
0
0
0
0
-1
-1
-1
-1
-2
-2
-2
-2
-2
-3
-3
-3
-3
-2
-3
-3
-3
-3
-3
-3
-3
-3
-2
-2
-3
-3
-3
-2
-2
-2
-1
-1
-1
-2
-2
-2
-2
-1
-1
-1
-1
-2
-2
-2
-2
-2
-1
-1
-1
-1
-1
-2
-2
-2
-1
-1
-1
-1
-1
-1
-1
-1
-1
-1
0
0
0
0
0
0
0
0
0
0
0
0
0
0
1
0
0
0
0
0
0
0
0
0
0
0
0
-1
0
0
0
1
1
1
1
0
0
0
0
0
0
0
0
0
-1
-1
-1
-1
0
0
0
0
0
0
0
0
0
0
0
0
0
0
0
0
0
0
0
0
0
0
1
2
2
3
3
4
4
5
5
5
6
6
6
6
5
6
5
5
4
4
3
4
4
3
3
3
2
2
1
1
1
1
2
2
1
1
1
1
1
1
1
1
0
0
0
-1
-1
-1
-1
-1
-2
-2
-2
-2
-2
-2
-2
-2
-2
-2
-2
-2
-2
-1
-1
-1
-1
-1
0
0
0
0
0
0
-1
-1
-1
-1
-2
-2
-2
-2
-2
-2
-2
-2
-2
-2
-2
-2
-3
-2
-2
-2
-2
-2
-2
-3
-3
-3
-2
-2
-3
-2
-2
-2
-2
-2
-2
-2
-1
-1
-1
-2
-2
-1
-1
-1
-1
-1
-2
-2
-2
-2
-2
-2
-1
0
-1
-1
-1
-1
0
1
1
1
1
1
1
1
0
1
1
1
1
0
0
0
0
0
0
0
0
1
1
1
1
2
2
2
2
2
2
2
2
2
1
1
1
1
0
0
0
0
0
0
0
0
1
0
0
0
0
0
0
1
1
1
2
2
2
1
3
3
4
4
4
4
3
4
4
4
4
5
5
4
4
3
4
4
4
4
3
4
3
3
2
2
2
2
3
2
2
2
2
2
1
1
1
1
1
1
1
0
0
-1
-1
-1
-1
-2
-2
-2
-2
-2
-2
-3
-3
-3
-2
-2
-3
-3
-2
-2
-2
-3
-3
-3
-2
-2
-2
-2
-2
-1
-1
-1
-1
-1
0
0
0
0
0
0
-1
-1
-1
-1
-1
-1
-1
-1
-1
-2
-2
-2
-2
-1
-2
-2
-2
-2
-2
-2
-2
-3
-2
-2
-2
-2
-2
-1
-1
-1
-1
-1
-1
-1
-1
-1
-1
-1
-1
-1
-1
-2
-2
-2
-2
-1
-2
-1
-1
-1
-1
-1
-1
-1
0
0
0
0
-2
-1
-1
-1
0
0
0
0
0
0
-1
0
0
1
1
0
0
-1
0
0
0
0
0
1
0
0
0
0
1
0
0
-1
-1
-1
-2
-2
-2
-2
-2
-2
-2
-3
-2
-2
-2
-2
-1
0
0
0
0
1
1
1
3
3
3
3
4
3
4
4
5
5
5
5
5
4
5
5
6
5
5
4
4
4
4
3
4
4
4
3
3
2
3
3
3
3
2
2
2
1
1
1
1
1
1
0
1
1
0
0
0
0
0
0
0
0
0
0
0
-1
-1
0
0
0
0
0
0
0
0
0
0
-1
-1
-1
-1
-2
-2
-2
-2
-2
-3
-3
-3
-3
-2
-3
-3
-3
-2
-2
-2
-3
-3
-2
-3
-3
-3
-3
-3
-3
-3
-3
-2
-3
-2
-2
-3
-2
-2
-2
-2
-1
-1
-1
-1
-2
-1
-1
-1
0
0
0
0
0
-1
-1
-1
-1
-1
-1
-1
-1
-1
-1
-1
-1
-1
0
0
0
-1
-1
-1
-1
-1
-1
-1
-1
-1
-1
-1
-1
-1
0
0
0
0
0
0
-1
-1
-1
-2
-2
-2
-2
-2
-2
-2
-2
-2
-2
-1
-2
-2
-1
-1
-1
-1
-1
-1
-1
-1
0
0
0
0
0
0
0
0
0
0
1
1
1
0
0
0
1
1
1
1
1
1
0
0
0
0
0
0
0
0
0
0
0
0
0
0
0
0
0
0
0
0
0
0
0
0
0
0
0
0
0
0
0
0
0
0
0
0
0
0
0
0
0
0
0
0
0
0
0
0
0
0
0
0
0
0
0
0
0
0
0
0
617
571
526
482
438
393
348
304
259
214
170
125
80
35
-9
-10
-10
-11
-11
-11
-12
-12
-12
-12
-13
-13
-14
-13
-14
-14
-14
-14
-14
-14
-14
-14
-14
-14
-13
-13
-12
-13
-12
-12
-12
-12
-11
-11
-11
-11
-11
-10
-10
-10
-10
-11
-11
-11
-11
-10
-11
-10
-10
-11
-13
-13
-13
-14
-14
-15
-15
-15
-16
-17
-17
-17
-17
-18
-18
-18
-18
-18
-18
-18
-18
-18
-18
-18
-18
-18
-18
-18
-18
-17
-17
-17
-18
-17
-17
-16
-17
-17
-17
-17
-17
-17
-17
-17
-16
-17
-17
-16
-16
-16
-16
-16
-15
-15
-15
-15
-15
-14
-14
-14
-14
-14
-13
-13
-13
-13
-13
-12
-12
-12
-12
-12
-12
-11
-12
-11
-11
-11
-11
-11
-11
-12
-11
-12
-11
-11
-11
-10
-10
-10
-11
-11
-10
-10
-10
-10
-10
-10
-10
-10
-10
-10
-9
-10
-10
-10
-10
-9
-10
-10
-10
-10
-10
-9
-9
-10
-10
-10
-9
-9
-10
-10
-9
-9
-9
-9
-10
-9
-9
-9
-9
-10
-9
-9
-9
-9
-9
-9
-9
-9
-9
-9
-9
-9
-9
-9
-9
-9
-9
-9
-8
-9
-9
-9
-9
-8
-9
-9
-9
-9
-8
-8
-9
-9
-8
-8
-8
-9
-8
-8
-8
-8
-9
-8
-8
-7
-8
-8
-8
-7
-7
-9
-10
-10
-10
-11
-11
-12
-12
-13
-13
-13
-13
-14
-14
-14
-14
-14
-14
-14
-14
-15
-15
-15
-15
-15
-15
-15
-15
-15
-16
-16
-15
-16
-16
-15
-15
-15
-15
-15
-14
-14
-15
-14
-14
-14
-14
-14
-13
-13
-13
-13
-12
-13
-13
-12
-12
-11
-11
-10
-10
-9
-10
-10
-9
-9
-8
-8
-7
-7
-8
-7
-7
-7
-6
-6
-5
-6
-6
-6
-5
-5
-5
-5
-5
-5
-4
-5
-4
-5
-4
-5
-4
-4
-4
-4
-4
-4
-5
-4
-4
-3
-4
-4
-3
-4
-4
-4
-4
-4
-4
-4
-4
-4
-5
-4
-4
-5
-4
-4
-5
-4
-4
-5
-5
-5
-5
-5
-4
-5
-5
-5
-5
-5
-5
-6
-5
-5
-6
-5
-5
-5
-5
-5
-6
-5
-5
-4
-5
-5
-5
-5
-5
-5
-6
-5
-5
-6
-5
-5
-5
-5
-5
-5
-5
-5
-5
-6
-5
-5
-5
-5
-5
-5
-5
-5
-4
-5
-5
-5
-5
-5
-7
-7
-8
-8
-8
-8
-10
-10
-10
-10
-11
-11
-11
-11
-11
-12
-12
-11
-11
-11
-12
-12
-12
-11
-11
-12
-12
-12
-11
-11
-12
-11
-11
-11
-11
-11
-11
-11
-11
-11
-10
-11
-11
-11
-10
-10
-10
-10
-10
-9
-9
-9
-10
-9
-9
-9
-9
-8
-9
-9
-8
-8
-7
-8
-8
-7
-7
-6
-6
-7
-6
-6
-5
-5
-5
-5
-5
-5
-4
-5
-5
-5
-4
-5
-5
-4
-5
-5
-4
-4
-4
-4
-4
-4
-4
-4
-4
-4
-3
-4
-4
-3
-4
-4
-3
-4
-3
-3
-4
-3
-3
-3
-3
-2
-3
-2
-1
-2
-2
-1
-1
0
-1
-1
0
0
0
0
0
0
0
1
0
0
-1
0
0
-1
0
-1
-1
0
-1
0
-1
-1
0
-1
0
-1
-1
0
-1
-1
-1
-1
-1
-1
-1
-1
-1
-1
-1
-1
-1
-1
-2
-1
-2
-1
-1
-2
-1
-2
-1
-2
-1
-1
-2
-1
-2
-3
-3
-4
-4
-5
-6
-5
-6
-6
-6
-7
-7
-7
-8
-8
-8
-8
-8
-8
-8
-9
-8
-8
-9
-9
-9
-8
-9
-9
-8
-8
-9
-9
-8
-9
-8
-8
-8
-9
-8
-8
-7
-8
-8
-8
-7
-8
-7
-7
-7
-7
-7
-7
-6
-7
-6
-6
-6
-6
-6
-6
-5
-6
-5
-5
-5
-5
-5
-4
-5
-4
-4
-3
-4
-3
-3
-2
-3
-2
-2
-3
-2
-2
-2
-2
-1
-2
-2
-1
-2
-1
-1
-2
-1
-1
-1
-1
-2
-1
-1
-2
-1
-2
-1
-1
-1
-1
-2
-1
-1
-1
-1
-1
-1
-1
-1
-1
-1
-1
0
-1
-1
-1
-1
-1
-1
0
-1
-1
-1
-1
0
-1
0
-1
-1
-1
-1
0
-1
0
-1
0
-1
-1
0
-1
0
-1
0
-1
0
1
0
0
0
1
0
1
0
1
2
1
2
2
2
1
2
2
2
2
2
2
2
2
2
2
1
2
1
2
-1
0
0
-2
-1
-3
-3
-3
-3
-3
-4
-4
-5
-5
-5
-5
-5
-5
-5
-6
-6
-6
-5
-6
-6
-5
-6
-6
-6
-6
-6
-6
-6
-5
-6
-6
-5
-6
-5
-5
-5
-5
-5
-5
-5
-4
-5
-4
-4
-5
-4
-4
-4
-4
-3
-4
-3
-3
-4
-3
-3
-3
-3
-3
-3
-3
-2
-3
-2
-2
-2
-2
-2
-1
-2
-2
-1
-2
-2
-1
-2
-1
-2
-1
-1
-2
-1
-1
-1
-1
-2
-1
-1
-1
-1
-1
-1
-1
-1
-1
-1
-1
-1
-1
-1
-1
0
-1
-1
-1
-1
0
0
0
-1
0
-1
0
0
0
0
-1
0
-1
0
0
0
0
-1
0
-1
0
0
0
0
0
0
-1
0
1
0
1
0
1
0
1
0
1
1
0
1
0
1
0
1
0
1
1
0
1
0
1
0
1
0
1
0
0
1
0
1
0
0
0
1
0
0
0
1
1
0
0
-1
0
-1
-1
-1
-1
0
-1
0
-1
-1
-1
-1
0
-1
-1
-1
-1
-1
-1
-1
-1
-1
-1
-2
-2
-2
-2
-2
-2
-2
-2
-3
-2
-2
-3
-2
-3
-2
-2
-2
-2
-3
-2
-2
-2
-2
-2
-2
-2
-2
-2
-2
-2
-2
-2
-2
-2
-2
-1
-2
-1
-2
-1
-1
-1
-1
-1
-1
0
-1
0
-1
-1
0
-1
0
-1
-1
0
-1
0
-1
0
0
0
0
0
0
0
0
1
0
0
0
0
0
0
1
0
0
0
0
0
0
0
0
0
0
0
0
0
0
0
0
1
1
0
1
0
1
0
1
0
0
1
1
1
1
1
1
1
1
1
1
1
1
1
1
2
1
1
2
2
2
2
2
1
2
1
2
1
2
1
2
1
1
1
1
2
1
1
1
1
1
1
1
2
1
2
1
2
1
2
1
2
1
2
1
2
1
0
0
-1
-1
-2
-2
-2
-2
-2
-3
-3
-3
-3
-4
-3
-3
-3
-3
-4
-4
-3
-4
-4
-4
-4
-3
-4
-3
-4
-4
-3
-4
-3
-4
-3
-3
-3
-2
-3
-2
-1
-1
-1
-1
0
1
1
1
1
2
2
2
3
3
3
3
4
3
4
3
4
4
4
4
4
4
4
4
4
4
3
4
3
4
3
4
4
3
4
3
4
3
4
3
3
3
3
3
3
3
3
3
2
3
2
3
2
3
2
3
3
2
2
2
3
2
2
2
2
2
2
2
1
2
1
2
2
2
1
2
1
2
2
2
1
2
1
2
1
2
1
1
1
1
1
1
1
2
1
1
2
1
2
1
2
2
2
2
2
1
2
1
2
1
2
2
2
1
2
1
2
2
2
1
2
1
2
1
2
1
2
2
2
2
2
2
2
2
2
2
1
1
0
1
0
0
-1
-1
-2
-2
-2
-2
-2
-2
-2
-3
-3
-3
-3
-3
-3
-3
-3
-3
-3
-3
-3
-3
-3
-3
-3
-2
-3
-3
-3
-3
-2
-3
-3
-3
-2
-2
-3
-2
-3
-2
-1
-2
-1
-2
-1
-1
-1
-1
-1
0
0
-1
0
-1
0
0
0
1
0
1
1
1
2
1
1
2
2
3
3
4
3
4
4
5
5
6
6
7
7
8
8
9
9
9
10
9
10
10
9
9
9
10
9
8
9
8
8
8
7
8
7
7
7
7
7
7
6
7
6
7
6
6
6
6
5
6
5
6
5
5
5
4
5
4
4
4
4
4
4
3
4
4
4
4
3
4
3
3
4
3
4
3
3
3
3
3
3
3
3
3
3
2
3
3
3
3
3
2
3
2
3
2
3
3
3
2
3
2
3
2
3
2
3
2
3
1
1
0
1
-1
-1
-2
-1
-2
-2
-1
-2
-2
-3
-2
-3
-3
-3
-3
-2
-4
-3
-4
-3
-3
-3
-3
-3
-3
-4
-3
-3
-3
-3
-3
-3
-2
-3
-3
-3
-3
-2
-3
-2
-3
-2
-1
-2
-2
-2
-2
-1
-1
-1
-2
-1
-1
-1
-1
0
-1
0
0
0
1
0
1
0
1
1
1
1
1
1
2
1
2
2
2
2
2
2
2
3
2
3
3
3
3
3
3
3
3
3
3
4
3
4
3
4
3
4
3
4
4
4
4
3
4
4
4
4
5
5
6
6
6
7
7
8
8
8
9
9
10
10
10
10
10
10
11
11
11
11
11
11
11
11
10
11
10
10
10
10
10
9
9
9
9
8
9
8
8
8
8
7
8
7
6
7
6
6
6
6
5
5
5
5
5
4
5
4
4
4
4
4
4
4
4
4
3
2
1
1
1
0
-1
-2
-1
-2
-2
-3
-2
-3
-3
-4
-3
-4
-4
-3
-4
-3
-4
-3
-4
-4
-3
-4
-3
-4
-3
-3
-3
-3
-4
-3
-3
-3
-3
-2
-2
-2
-2
-2
-2
-2
-2
-2
-1
-1
-1
-1
-1
-1
0
-1
0
0
1000
1
0
1
0
1
1
1
2
1
1
1
1
2
1
2
1
2
3
2
3
3
3
2
3
3
3
3
3
3
3
3
3
3
3
3
4
3
4
4
4
3
4
4
4
4
4
4
4
4
4
4
4
5
4
5
4
5
5
4
4
4
5
4
5
4
5
4
4
4
4
4
4
5
4
5
5
4
5
5
6
6
6
6
6
7
7
7
8
8
9
10
9
10
11
11
12
12
12
14
14
14
13
14
15
15
16
15
15
15
16
15
15
14
15
15
14
14
14
14
13
13
13
12
10
10
9
8
7
7
6
5
6
5
4
4
3
3
3
2
3
2
1
1
1
0
1
0
0
-1
-1
-1
-1
-1
-2
-2
-2
-3
-2
-3
-2
-3
-2
-3
-3
-3
-3
-3
-3
-3
-3
-3
-3
-3
-3
-3
-3
-2
-3
-2
-2
-3
-2
-2
-2
-2
-2
-2
-1
-1
-1
-1
-1
0
0
0
0
1
1
1
1
2
2
2
2
2
3
2
3
2
3
3
3
3
3
4
3
4
3
4
3
4
3
4
3
4
4
4
4
4
4
4
4
4
4
4
4
4
4
4
4
4
5
4
5
5
4
5
4
5
4
5
4
5
5
4
5
4
5
4
5
4
4
5
4
5
4
5
4
4
4
4
5
4
5
5
5
4
4
5
4
5
5
5
4
5
5
5
6
5
6
6
6
7
7
7
8
8
9
10
10
11
11
12
13
12
12
13
13
13
12
13
12
12
13
12
12
12
12
11
12
11
10
11
10
10
9
9
9
8
8
7
7
7
6
6
6
5
5
5
4
5
4
4
4
4
3
3
3
3
3
2
3
2
3
3
2
3
2
2
2
2
3
2
2
2
1
2
1
1
2
1
2
1
2
1
2
1
2
1
1
1
1
1
1
1
1
0
1
1
1
1
1
2
1
2
1
2
1
2
2
2
3
2
3
2
2
2
3
2
3
2
3
3
3
3
4
3
4
3
4
4
4
4
3
4
3
4
3
4
3
4
4
4
4
4
4
4
4
3
4
4
4
4
4
4
4
4
5
4
5
4
4
4
4
4
4
5
4
5
5
5
5
4
5
4
5
5
5
5
4
5
4
5
4
5
4
4
5
4
5
5
5
5
4
5
4
4
5
5
5
5
6
6
7
7
8
9
9
9
10
11
11
12
12
13
14
14
14
15
15
15
15
16
16
16
15
16
16
16
16
16
16
15
15
16
15
15
14
14
15
14
13
13
13
13
12
11
12
11
10
9
10
9
8
7
7
6
5
6
5
4
5
4
3
4
3
3
2
2
2
2
2
1
1
1
1
2
1
1
1
1
0
1
0
1
0
1
1
0
0
0
1
0
1
0
0
0
0
0
0
1
0
1
0
0
0
1
0
1
1
1
1
1
1
1
1
2
1
2
2
2
1
2
1
2
2
2
3
2
3
3
3
2
3
3
3
3
4
3
4
3
4
3
4
3
3
4
3
4
4
4
4
4
4
5
4
5
5
4
4
4
5
4
5
4
5
5
5
5
5
5
5
5
5
5
5
4
4
4
4
3
3
2
3
2
2
2
2
2
2
2
2
2
2
2
2
2
2
3
3
3
3
4
4
4
5
5
6
7
8
8
9
10
11
11
13
13
14
14
15
16
16
17
18
18
18
19
19
19
19
19
20
19
19
19
19
20
20
20
19
19
20
19
19
19
19
18
19
18
18
17
17
16
17
16
15
15
14
13
13
13
12
11
10
9
10
9
8
7
7
6
6
6
5
5
4
5
4
3
3
3
3
2
2
2
2
1
1
1
0
1
0
1
0
0
1
0
0
0
1
0
0
0
0
0
0
0
0
0
0
-1
0
-1
0
-1
0
1
0
0
0
0
0
0
1
0
1
1
1
1
1
1
1
1
1
2
1
2
2
2
2
2
2
2
3
2
3
3
3
3
3
3
4
3
4
3
4
4
3
3
3
3
3
2
2
2
2
1
2
1
2
1
1
1
2
1
1
1
2
1
2
1
1
1
1
1
1
1
1
1
2
1
1
1
2
1
2
1
2
2
2
2
3
3
3
4
5
5
6
6
7
8
8
10
10
10
12
12
13
14
15
16
17
18
18
19
20
20
21
21
22
23
23
23
23
23
23
24
24
24
24
24
23
23
23
23
23
24
24
23
23
23
23
22
21
21
21
20
19
19
18
18
17
16
16
16
16
15
14
13
13
12
12
11
11
10
9
9
9
9
8
8
7
6
6
5
6
5
5
4
4
4
3
3
2
3
2
2
2
1
2
1
1
1
1
1
0
0
0
0
0
-1
0
-1
0
-1
-1
-2
-1
-1
-1
-1
-1
-1
-2
-1
-1
-1
-1
-1
-1
-1
-1
-1
-1
-1
-1
-1
-1
-2
-2
-2
-2
-2
-2
-2
-3
-3
-2
-3
-2
-3
-3
-2
-3
-2
-3
-3
-2
-3
-2
-3
-2
-1
-2
-1
-2
-1
-1
-1
-1
-1
0
0
0
1
0
1
0
1
1
1
1
1
2
1
2
2
2
3
2
3
3
3
3
3
3
4
4
4
4
5
5
6
6
8
8
8
10
10
12
12
13
14
15
16
17
18
19
19
21
22
22
22
22
23
24
24
24
24
24
24
24
24
24
24
25
25
25
25
25
25
24
24
24
24
24
23
23
23
22
22
21
21
21
20
19
19
18
18
17
17
16
15
15
14
14
14
14
13
13
13
12
11
11
11
10
10
9
9
9
8
9
8
8
7
7
7
6
7
6
5
5
6
5
5
5
4
4
4
4
3
4
3
2
3
2
3
2
2
2
1
2
1
1
1
1
1
1
0
-1
-1
-2
-2
-3
-3
-3
-3
-4
-4
-4
-4
-4
-4
-4
-4
-4
-4
-4
-4
-3
-4
-3
-4
-3
-3
-4
-2
-3
-3
-3
-2
-2
-2
-1
-2
-2
-1
-1
-1
-1
-1
0
0
0
0
0
1
0
1
1
1
1
2
2
2
3
2
3
2
3
3
3
4
3
4
4
4
4
5
5
6
5
6
6
7
7
9
9
9
11
11
13
14
14
15
17
18
19
19
20
22
23
23
24
24
25
25
26
27
27
27
27
27
27
28
28
28
28
28
28
28
28
28
28
28
28
28
28
28
27
26
26
25
25
25
24
24
23
23
23
22
21
21
20
20
20
19
18
17
17
16
16
15
15
14
14
14
13
13
13
12
12
12
11
11
10
10
10
9
8
9
8
8
8
7
7
7
7
6
6
6
5
5
5
5
4
5
4
3
4
0
0
-1
-1
-2
-3
-4
-4
-5
-5
-6
-6
-7
-7
-7
-8
-8
-9
-8
-8
-9
-8
-8
-9
-9
-8
-9
-8
-8
-9
-8
-8
-8
-8
-8
-8
-7
-7
-7
-7
-6
-6
-6
-6
-5
-6
-5
-5
-5
-5
-4
-4
-4
-3
-2
-3
-2
-2
-2
-2
-1
-1
-1
0
0
1
1
1
1
2
1
2
3
2
3
4
3
4
3
4
5
4
5
4
5
5
5
5
6
6
6
6
6
7
7
7
7
9
9
9
10
11
11
13
13
14
15
17
18
18
19
20
22
23
23
24
24
25
25
26
27
27
28
28
28
28
28
28
28
28
29
29
29
29
29
29
28
28
28
28
28
28
28
27
27
27
26
26
26
25
24
23
23
23
22
21
21
21
20
20
19
19
18
17
17
17
17
16
16
16
16
15
14
14
14
14
13
13
12
12
11
9
8
7
7
6
5
4
3
3
3
2
1
1
0
0
0
-1
-2
-2
-2
-2
-3
-2
-3
-3
-4
-3
-4
-4
-4
-4
-5
-5
-4
-5
-5
-5
-5
-6
-5
-5
-6
-5
-5
-5
-5
-5
-5
-5
-5
-5
-4
-5
-4
-3
-4
-3
-4
-4
-3
-3
-3
-2
-3
-2
-1
-2
-2
-1
-2
-1
0
-1
0
0
0
1
2
1
2
1
2
2
2
3
2
3
3
3
3
3
4
4
4
4
4
4
5
4
5
5
6
5
6
5
6
7
6
7
8
9
9
9
11
12
12
13
14
15
16
18
19
20
21
21
23
24
24
25
25
26
26
26
27
27
28
28
29
29
29
29
29
29
28
28
28
28
28
28
28
28
28
28
28
28
28
28
27
27
26
26
25
25
24
24
23
23
23
22
21
21
20
20
20
19
19
19
18
18
18
16
15
14
13
13
12
11
10
10
9
9
8
7
7
7
6
6
5
4
4
4
3
3
3
2
2
2
1
1
1
1
1
0
0
0
-1
0
-1
0
-1
-1
-1
-2
-1
-1
-1
-2
-2
-1
-2
-1
-2
-1
-2
-1
-2
-2
-1
-2
-1
-2
-1
-2
-2
-1
-2
-1
-2
-1
-1
-1
-1
-1
-1
0
-1
0
-1
0
1
0
0
0
1
1
1
1
1
2
1
1
1
2
2
2
2
2
2
2
3
2
3
2
3
2
3
3
3
3
4
3
4
3
4
3
4
4
4
4
5
4
5
5
6
5
5
6
6
7
7
8
8
9
11
11
11
13
14
15
16
18
19
20
20
22
23
23
24
24
25
25
26
26
28
28
28
29
29
29
29
30
30
30
30
30
1000
30
29
30
30
30
30
30
30
30
30
30
29
29
29
29
29
27
27
27
26
25
25
24
24
23
23
21
21
21
20
20
19
19
18
17
16
16
15
15
14
14
13
13
12
12
11
10
10
9
9
8
8
7
6
7
6
6
5
5
5
4
4
4
4
3
2
3
2
2
2
2
2
1
1
1
1
1
1
1
0
1
0
0
0
0
0
0
-1
0
-1
0
-1
-1
-1
-1
-1
-1
0
-1
0
0
0
-1
0
-1
0
-1
0
1
0
1
0
1
0
1
0
1
2
1
2
1
1
1
1
1
1
1
2
2
2
3
2
2
2
3
2
3
2
3
2
3
2
3
2
3
3
3
2
3
3
3
3
3
3
4
3
4
3
4
3
4
4
5
5
6
6
6
7
7
9
10
10
11
12
13
14
16
16
17
18
20
20
21
22
22
23
24
25
25
25
26
26
26
27
27
28
29
28
28
28
28
28
28
28
28
28
28
28
28
28
27
27
27
27
27
27
27
26
26
26
26
25
24
24
24
24
23
23
22
23
22
21
20
20
20
19
19
18
18
17
16
16
15
15
15
14
13
13
13
12
12
11
11
10
10
10
10
10
9
8
8
7
8
7
7
6
7
6
5
6
6
5
4
5
4
4
4
4
3
4
3
3
3
2
3
2
3
3
2
2
2
2
2
2
2
3
2
2
2
2
2
2
2
2
3
2
3
2
3
2
3
2
3
3
3
2
3
2
3
2
3
3
3
3
3
3
4
3
3
3
3
3
3
3
3
3
3
3
3
4
3
4
3
4
3
4
3
4
3
4
4
4
4
4
5
4
6
6
7
7
7
9
9
10
11
12
13
14
15
16
16
18
19
19
20
22
22
23
23
24
24
24
26
26
27
27
27
27
27
27
27
27
27
27
27
27
27
27
26
26
26
26
26
26
26
26
26
26
25
26
25
25
25
23
23
23
23
23
22
22
22
22
21
21
20
19
19
19
19
18
18
17
17
16
16
16
14
14
14
13
13
12
12
12
12
12
11
10
10
10
9
9
9
9
9
8
7
8
7
7
6
7
7
6
6
6
5
6
6
5
6
5
4
5
5
4
5
4
3
4
3
4
3
3
3
3
4
3
4
3
3
3
3
3
3
4
3
3
4
3
4
3
4
3
4
4
4
4
3
4
3
4
4
4
4
4
4
4
4
4
4
3
4
4
4
4
4
4
4
4
5
4
4
4
4
4
4
4
4
4
4
5
4
4
5
4
5
4
5
5
5
4
4
4
4
4
4
4
4
8
9
9
10
12
13
14
16
17
17
18
19
20
21
21
22
22
24
24
24
25
25
26
26
26
27
27
27
27
28
28
28
28
28
28
28
28
27
27
27
27
27
25
25
25
25
25
24
24
24
24
23
23
23
23
23
22
22
22
22
21
20
20
20
19
19
19
19
18
18
18
17
16
16
16
15
15
14
14
14
14
13
13
12
12
12
11
11
12
11
11
11
10
10
10
10
10
9
9
10
9
9
9
9
8
8
8
8
8
8
8
8
8
8
8
7
8
8
7
7
7
7
6
7
6
6
6
6
6
6
6
6
6
6
6
6
5
6
6
6
6
6
6
6
5
6
5
6
6
5
6
6
6
6
5
6
6
6
6
6
6
6
6
6
6
6
6
5
6
6
6
6
6
6
6
7
7
6
6
6
7
5
4
5
4
5
4
5
4
4
4
5
5
6
6
7
8
8
10
10
10
12
12
13
14
15
15
15
17
17
18
18
18
19
20
20
20
20
22
22
22
22
22
23
23
23
23
23
24
24
24
24
24
24
24
24
24
24
24
23
23
23
22
1000
22
22
22
21
21
21
21
21
20
20
20
19
19
19
18
18
18
18
18
17
17
17
16
16
16
15
15
15
14
14
14
14
14
13
13
13
13
13
13
13
12
12
12
12
11
11
11
11
10
10
10
10
10
10
9
10
9
9
9
9
9
9
8
9
9
8
9
8
8
8
8
8
7
8
8
7
8
7
7
7
7
7
7
7
7
7
7
6
7
7
6
7
7
7
7
7
7
7
7
7
7
6
7
7
6
7
7
7
7
7
8
7
7
7
7
7
7
7
6
6
5
6
5
5
5
4
4
4
4
4
3
4
3
4
4
4
4
3
4
4
5
4
4
5
5
6
6
7
8
8
9
10
11
11
13
14
15
15
17
17
18
19
20
21
21
22
23
23
23
25
25
26
26
26
27
27
27
27
28
28
27
28
28
28
28
28
28
28
28
28
28
28
28
28
27
27
27
27
27
26
26
25
24
24
24
24
23
23
23
23
21
21
21
21
20
20
20
19
18
18
17
17
17
17
17
16
16
16
16
15
15
15
14
14
14
14
14
13
13
13
13
12
12
11
12
12
11
11
11
11
11
11
10
10
9
10
10
9
9
10
10
9
9
9
9
8
9
9
8
8
9
8
8
8
8
7
8
8
7
8
8
7
8
7
7
7
7
7
7
7
7
7
7
6
7
7
6
7
6
5
5
5
5
4
4
4
3
4
3
2
3
2
3
2
3
2
2
3
2
2
2
2
2
3
2
3
2
2
2
2
2
2
3
2
3
2
3
3
3
2
3
3
2
3
3
4
4
5
5
6
7
7
8
9
10
11
11
13
13
14
14
16
16
17
18
19
19
19
21
21
21
22
22
23
23
23
24
24
24
24
24
26
26
25
25
25
25
25
25
25
25
25
25
25
25
24
24
24
24
24
23
23
23
23
22
22
21
21
21
21
20
20
20
19
18
18
18
18
18
18
18
17
17
17
17
17
16
16
16
16
15
15
15
15
15
14
14
14
14
14
13
13
13
13
13
13
12
12
12
13
12
12
11
11
12
11
11
11
10
11
11
11
10
10
10
10
9
10
10
9
9
10
10
9
10
9
9
9
9
9
7
8
7
7
7
7
6
7
6
6
6
6
6
5
6
5
6
5
5
6
5
5
6
5
5
5
5
5
5
5
5
5
5
5
5
6
5
5
5
5
6
5
5
6
5
6
6
6
6
5
6
5
6
6
5
6
6
6
6
6
7
7
7
9
9
10
10
11
12
13
13
13
15
16
16
17
18
18
19
19
20
21
21
21
21
22
22
23
23
23
24
24
24
24
24
24
24
24
24
24
24
24
25
25
25
25
25
25
25
24
24
24
23
23
23
23
22
21
21
20
21
20
20
20
19
19
19
18
18
18
18
17
17
17
17
17
17
17
17
16
16
16
16
15
15
15
14
14
14
14
14
13
13
13
14
14
13
13
13
12
12
12
12
12
12
12
12
12
12
12
11
11
11
11
11
10
11
11
11
10
11
10
9
9
9
9
8
9
8
7
8
7
7
6
7
6
6
7
6
6
7
6
6
6
6
6
6
6
6
6
6
6
7
6
6
6
6
7
6
6
6
6
6
6
6
6
7
6
7
7
7
7
7
6
7
7
8
7
7
8
7
7
7
7
8
7
7
8
7
7
8
8
9
8
8
10
10
10
11
12
12
14
14
14
15
16
16
17
17
18
19
19
20
20
20
21
21
22
22
23
23
23
23
23
24
24
23
24
24
24
24
24
24
25
25
25
25
25
25
25
25
25
24
24
24
24
24
23
23
23
23
22
22
22
22
22
21
21
21
21
20
21
20
20
20
19
19
18
18
18
18
18
17
17
17
17
17
17
16
16
16
16
16
16
16
15
15
15
14
14
15
15
15
14
14
14
13
13
13
14
13
13
11
11
11
11
10
9
9
9
9
9
8
9
9
8
8
9
8
8
8
8
7
7
8
7
7
8
7
7
7
7
7
6
7
7
6
7
7
7
7
7
7
8
7
7
7
7
7
7
7
7
8
7
7
8
7
7
7
7
8
7
7
8
7
7
8
8
8
8
8
8
8
8
8
8
9
8
8
9
9
8
9
8
8
9
8
8
9
8
8
9
9
9
9
9
9
10
10
10
10
11
11
12
13
13
13
14
14
16
16
16
17
18
18
18
19
19
19
19
21
21
21
21
21
22
22
22
22
23
23
23
23
23
23
23
23
23
23
23
23
23
23
23
23
23
23
23
23
23
23
23
23
23
23
23
23
22
22
22
22
21
21
21
21
20
20
20
20
20
19
19
19
18
18
18
18
18
18
18
18
17
17
16
16
15
15
15
14
14
14
14
13
13
12
12
11
11
12
11
11
11
11
10
11
11
10
10
9
10
10
9
9
9
9
9
9
9
10
9
9
8
9
9
8
9
9
8
8
9
9
9
9
9
9
8
9
9
8
9
9
9
9
9
9
9
10
9
9
10
10
10
10
10
10
11
11
11
11
11
11
10
11
11
11
11
11
11
11
11
11
10
11
11
10
10
11
11
10
11
11
11
11
11
11
11
10
11
11
10
11
11
11
11
11
11
11
11
12
12
12
12
12
13
14
14
14
15
16
16
17
17
17
18
19
19
19
20
20
20
20
21
22
22
22
22
23
23
23
23
23
23
23
23
23
23
23
23
23
23
23
23
23
23
23
23
23
23
23
23
23
23
23
23
22
22
22
21
21
21
21
21
20
20
19
19
19
18
18
18
18
17
17
17
17
16
16
15
16
15
15
14
14
14
14
13
13
13
13
14
13
13
12
12
12
11
11
12
11
11
11
11
11
11
11
11
10
11
11
10
10
10
11
10
10
10
11
10
10
10
10
10
10
9
10
10
10
10
10
10
10
10
10
10
11
11
10
10
11
11
10
11
11
10
10
11
11
11
10
11
11
11
11
11
11
10
11
11
11
10
11
11
11
11
11
11
11
11
11
11
10
11
11
11
10
11
11
11
10
11
11
10
11
11
10
10
11
10
10
10
11
10
10
11
11
11
10
11
11
10
10
11
11
11
11
12
12
13
13
13
15
15
15
15
16
17
17
17
18
18
19
19
20
20
20
21
20
21
21
21
22
23
23
23
23
23
23
24
23
23
23
24
24
23
23
23
23
23
22
22
22
22
21
21
21
20
20
20
20
19
19
19
19
18
19
19
19
19
19
19
18
18
18
18
18
17
17
17
16
16
16
16
16
15
15
15
14
14
14
14
14
13
13
13
13
13
13
13
12
12
12
12
12
12
12
11
11
12
11
11
11
11
11
11
11
11
12
11
11
11
11
11
11
11
11
11
11
11
12
11
11
11
12
11
11
11
11
11
11
10
11
11
11
10
11
11
11
11
11
11
11
11
12
12
11
11
12
12
11
11
12
12
11
11
12
12
12
11
12
12
11
11
12
11
11
11
12
12
11
11
12
12
12
11
12
11
11
11
12
11
11
11
12
12
11
11
11
12
11
11
12
11
11
11
11
11
11
11
11
11
11
11
12
12
12
13
13
14
14
15
15
15
17
17
17
18
18
18
18
20
20
20
20
20
21
20
21
20
21
21
21
21
21
21
21
21
21
21
20
20
21
21
21
21
21
21
20
20
20
20
20
20
20
20
20
20
20
20
20
20
20
20
20
20
20
19
19
19
19
18
18
18
18
18
17
17
17
17
17
16
16
16
15
16
16
15
15
15
15
14
14
14
14
14
14
14
14
14
13
13
13
13
13
13
13
13
12
13
13
13
12
12
12
12
12
12
11
11
12
12
12
11
11
12
12
12
11
11
12
12
11
11
12
11
11
11
12
11
11
11
12
12
12
12
11
12
12
11
11
12
12
11
11
12
12
12
11
12
12
12
12
12
12
12
11
12
12
11
11
12
12
11
11
12
12
12
11
12
12
11
11
12
12
11
11
11
12
12
11
11
12
11
11
11
11
11
11
12
13
14
14
14
15
16
16
16
17
17
17
17
18
19
19
19
19
19
19
20
20
20
20
20
20
20
20
20
20
20
21
21
21
21
21
21
21
21
21
21
21
21
21
20
20
21
21
20
20
20
20
19
19
19
19
19
18
18
18
18
18
18
18
18
18
18
18
18
18
18
18
18
18
18
18
17
17
17
17
16
16
16
17
17
16
16
16
16
15
15
14
14
15
15
14
14
14
14
13
13
13
13
13
12
12
12
13
12
12
12
12
12
12
12
11
11
11
12
11
11
10
11
11
11
10
11
11
11
11
10
11
11
11
11
11
11
11
11
11
11
11
11
11
11
11
11
11
12
12
11
11
12
12
12
12
13
13
13
13
14
13
13
13
14
13
13
13
14
13
13
13
13
14
14
13
13
14
14
14
14
13
14
14
14
13
14
15
15
15
15
15
15
17
17
17
18
17
18
18
18
19
20
20
20
20
20
21
21
21
21
21
22
22
22
22
22
22
22
23
23
23
23
23
23
23
23
23
23
23
23
23
23
23
23
23
23
22
22
22
22
21
21
21
21
21
21
20
20
20
20
20
19
19
19
19
19
18
18
18
18
18
18
18
18
18
18
18
18
18
18
18
18
18
18
18
17
17
18
18
17
17
17
17
17
16
16
16
16
16
15
16
16
15
15
15
15
14
14
15
15
15
14
14
14
14
15
14
14
14
13
13
14
13
13
13
13
12
13
13
13
13
12
12
13
13
13
12
12
12
12
12
12
12
11
12
12
12
12
12
13
12
12
12
11
13
12
12
11
12
12
12
12
12
12
12
12
12
13
12
12
12
12
11
11
11
11
11
10
10
11
10
10
10
10
9
9
10
10
10
10
10
10
11
11
12
12
12
12
12
13
14
14
14
14
16
16
16
16
16
17
18
18
18
18
18
18
19
19
20
20
20
20
20
20
20
22
21
21
21
21
21
21
21
21
21
21
21
21
22
22
22
22
22
21
21
21
21
21
21
21
21
21
21
21
21
21
21
21
21
21
21
21
21
21
21
21
20
20
20
20
19
19
19
19
19
18
18
18
18
18
17
17
17
17
17
17
16
16
16
15
15
15
15
14
15
15
15
15
14
14
14
13
14
14
14
13
13
13
13
14
13
13
13
13
13
14
13
13
13
12
12
13
12
12
12
12
12
12
12
12
12
12
12
12
12
11
12
12
11
11
12
12
12
11
11
12
12
12
11
12
12
11
10
11
10
10
9
10
10
9
9
10
9
9
10
9
9
8
9
9
8
9
9
9
8
9
9
9
9
9
9
8
9
9
8
9
9
9
9
9
9
9
10
9
9
9
10
9
10
9
9
