62
106
82
74
110
54
117
66
94
85
74
105
69
102
69
101
74
93
93
69
110
57
113
74
85
102
62
117
66
101
77
93
94
82
102
70
110
65
110
86
78
114
62
122
73
101
93
78
114
74
110
77
109
82
98
102
74
118
66
122
78
93
109
69
126
73
110
85
101
101
89
110
77
117
73
117
93
86
122
66
129
78
109
101
89
121
82
117
86
117
85
106
109
82
125
70
129
86
98
117
73
130
82
117
93
105
105
94
118
85
125
77
125
101
94
130
74
138
85
117
105
97
126
89
122
90
122
93
114
113
89
130
77
137
93
110
121
82
138
90
126
97
118
110
106
126
93
133
86
137
105
102
137
82
146
93
125
113
109
130
98
133
98
133
98
129
121
97
142
86
146
97
118
126
94
141
93
129
102
125
110
113
125
93
138
86
138
102
106
134
85
145
93
129
110
113
126
101
133
98
138
98
133
121
105
145
89
149
102
129
126
105
145
102
141
109
138
114
126
133
105
150
97
153
110
121
146
97
157
106
141
117
129
133
117
141
109
146
102
146
125
114
150
97
161
110
138
130
118
150
114
146
113
146
114
141
138
114
157
101
161
114
134
146
110
161
113
149
121
142
130
130
146
113
157
106
157
126
126
154
105
165
114
149
129
134
149
122
154
117
157
117
154
138
121
162
106
170
118
146
145
122
162
122
157
125
153
130
146
150
121
166
110
169
126
142
157
118
174
121
161
134
150
146
141
161
126
170
122
170
142
137
170
117
182
126
161
145
142
162
133
165
133
170
130
165
150
134
174
118
182
133
157
158
134
178
133
170
138
166
141
158
162
133
177
126
186
141
154
173
129
186
137
173
146
165
158
149
169
138
181
130
181
149
149
182
129
190
137
174
153
157
173
149
178
145
185
142
181
162
149
190
134
197
145
174
170
149
189
146
182
149
182
153
177
174
149
194
137
197
150
173
182
146
197
150
185
158
181
166
170
182
153
194
145
197
161
169
194
146
206
153
189
166
177
181
165
193
158
197
154
198
173
166
202
145
209
158
190
177
173
193
165
197
161
198
158
194
182
162
205
150
210
162
189
185
166
205
166
202
169
201
170
193
190
166
210
153
214
169
190
197
162
214
166
205
174
198
182
190
202
169
213
162
217
178
189
209
162
221
170
209
182
201
194
186
210
173
217
169
218
186
185
218
166
229
174
210
190
198
206
186
217
181
218
174
218
197
186
226
170
234
181
214
198
194
217
186
222
186
222
182
218
206
189
230
173
237
185
217
209
194
230
190
226
190
226
193
218
213
189
234
177
241
190
218
218
193
238
190
229
197
226
201
217
222
193
237
181
245
198
217
226
189
242
194
233
201
225
210
213
226
193
241
185
245
201
213
233
190
249
193
233
206
225
218
213
233
198
242
189
245
206
213
238
189
249
198
234
210
225
225
213
237
201
242
193
246
214
214
246
190
257
202
238
217
226
234
213
241
205
249
201
246
221
214
250
193
257
202
238
218
222
237
210
241
205
245
201
245
221
213
250
193
261
206
242
226
225
245
214
249
210
253
210
249
229
218
258
202
265
210
245
230
222
249
214
249
214
250
209
249
233
217
258
202
265
214
245
233
225
253
218
253
218
254
217
250
237
218
261
206
269
217
249
238
225
258
222
258
221
257
222
253
242
222
266
210
273
221
250
242
229
262
221
261
225
261
225
257
246
226
270
210
274
225
254
246
229
266
226
262
226
262
226
257
246
225
269
213
278
226
254
250
230
269
226
266
230
265
230
262
250
230
278
217
281
230
258
254
237
274
230
270
233
269
233
265
257
237
281
222
286
233
262
254
241
274
234
270
238
274
234
269
257
238
281
225
290
237
269
258
246
278
238
277
242
278
241
273
262
241
286
226
293
238
270
262
249
281
242
281
242
282
242
278
262
245
289
230
298
241
278
262
254
282
246
285
245
285
246
285
265
253
294
234
298
249
282
265
261
286
253
285
249
289
245
290
269
254
294
237
305
250
286
266
265
286
258
289
253
294
250
293
269
261
297
242
305
253
289
269
273
286
261
294
258
298
253
298
270
266
301
245
313
254
293
273
282
289
269
298
261
306
253
306
273
273
306
253
314
258
298
274
290
290
277
301
265
310
257
313
274
282
306
258
321
265
306
277
298
290
285
305
270
313
261
318
277
289
309
261
322
269
309
278
305
290
294
306
274
321
266
325
277
297
310
269
325
273
314
281
309
285
298
305
274
321
265
329
281
302
310
277
326
278
321
285
318
285
310
309
281
329
270
333
281
313
306
289
326
285
322
285
322
285
321
306
289
333
274
338
285
318
306
297
326
289
325
289
329
285
329
306
294
334
277
346
289
326
306
310
325
302
330
294
337
290
338
306
306
338
285
350
294
334
305
322
321
310
334
298
342
289
345
305
317
338
294
353
298
341
310
334
318
325
334
302
349
294
353
305
330
334
301
354
301
346
310
342
313
334
334
309
357
297
362
310
341
333
317
354
313
354
314
353
313
353
333
321
362
301
369
313
350
330
333
350
321
357
318
361
313
362
333
334
365
310
378
321
362
333
350
346
338
361
325
370
318
374
333
349
365
322
381
326
369
333
366
342
353
361
330
377
318
385
333
361
361
337
381
333
374
338
377
338
374
358
341
386
325
393
338
373
357
357
373
346
378
338
382
337
386
353
354
386
330
398
341
381
353
373
365
361
382
345
394
337
397
353
373
386
345
401
349
393
357
389
358
381
378
354
401
342
409
354
386
377
365
398
358
397
358
397
354
397
373
366
406
345
413
357
398
370
385
389
370
398
358
409
353
409
369
381
402
358
417
361
405
369
401
377
390
398
366
417
354
422
366
398
394
373
414
370
409
370
413
370
409
390
378
417
358
425
369
410
386
394
401
385
414
374
421
370
426
386
397
417
370
430
374
417
382
414
390
402
409
377
425
366
430
377
410
402
386
422
378
421
382
422
377
422
398
390
429
370
438
381
422
394
409
409
398
421
382
434
377
438
389
410
422
385
438
385
426
389
425
394
417
413
390
438
373
442
386
422
406
405
429
397
430
390
438
385
437
406
406
437
385
450
390
434
401
429
410
417
429
394
445
386
450
398
425
425
401
445
397
441
398
442
398
437
418
405
449
386
457
398
441
413
425
429
414
442
401
450
394
453
409
425
441
401
457
402
446
410
445
414
438
433
410
457
397
465
409
446
426
425
449
417
453
414
457
409
462
425
430
457
405
469
410
454
422
450
429
442
450
417
470
406
473
421
454
445
430
466
422
461
421
466
418
465
437
434
470
413
481
421
465
433
457
446
446
465
425
477
417
485
430
461
457
438
478
433
473
434
474
429
474
450
445
481
422
490
430
477
446
469
454
458
470
437
486
426
493
441
470
466
449
485
441
482
441
485
438
490
458
457
490
433
502
442
489
454
482
458
473
481
449
501
438
506
449
486
470
470
486
458
493
450
501
445
506
461
477
494
450
509
454
501
461
498
461
494
482
466
509
445
517
458
502
470
489
486
477
498
461
514
454
518
466
497
489
473
510
470
510
469
513
462
514
481
486
513
462
529
469
514
477
514
482
505
502
474
525
462
533
473
514
490
501
506
489
518
478
529
469
533
482
509
513
486
529
482
526
485
526
481
530
501
497
533
478
546
482
529
493
526
501
514
521
489
542
478
549
489
530
509
513
525
501
533
490
541
486
545
497
521
530
497
546
494
541
501
542
497
541
518
509
549
490
558
497
545
510
538
517
526
537
505
557
494
562
505
546
525
526
542
518
550
509
558
502
565
517
538
545
514
565
513
558
517
558
514
557
534
529
565
505
577
513
562
525
557
534
545
554
521
573
509
582
522
561
542
546
558
537
566
525
578
518
582
533
558
562
533
582
530
578
533
581
530
581
550
550
581
525
593
534
581
541
577
546
573
566
542
594
530
602
541
585
557
573
569
561
582
542
598
537
601
549
582
573
562
594
553
593
550
601
545
605
561
577
593
550
610
554
602
561
602
561
601
581
569
609
549
621
557
606
570
601
578
589
598
565
617
553
625
562
606
582
590
597
582
610
566
622
558
626
573
606
598
581
617
574
618
574
622
569
626
586
598
618
574
634
573
622
582
625
582
622
602
593
633
570
642
581
630
593
626
598
618
617
589
641
574
650
585
633
601
622
613
609
630
590
646
582
650
593
630
613
614
634
602
641
593
646
589
654
601
629
629
605
650
602
646
602
650
598
653
614
625
646
601
662
601
650
609
650
610
650
629
621
658
598
669
606
657
617
650
621
646
641
617
666
602
677
609
658
626
649
637
637
654
614
670
606
677
618
661
638
646
653
634
665
618
674
613
682
625
658
650
638
670
629
673
625
678
621
685
634
658
666
634
686
629
678
634
681
630
682
645
654
677
629
693
629
682
638
681
638
678
657
646
690
625
698
633
686
646
681
649
674
670
645
698
629
705
641
686
654
678
661
670
681
645
702
633
706
645
689
662
677
678
665
689
649
706
641
713
653
693
674
674
693
661
698
654
710
646
714
658
690
685
670
701
661
705
658
709
653
713
666
690
694
666
713
661
709
665
714
657
718
673
689
706
662
722
666
713
670
717
665
718
685
689
718
665
730
666
718
674
717
674
718
694
690
726
665
737
674
726
682
722
682
718
702
689
734
669
745
677
729
690
725
693
721
710
689
741
674
749
682
734
698
729
701
725
721
697
749
681
757
689
742
705
737
713
726
730
702
754
685
766
697
749
714
741
722
733
738
705
761
694
769
702
754
717
746
730
734
745
710
769
697
773
709
757
722
746
734
738
750
714
774
702
781
714
765
729
753
741
745
757
722
777
709
786
718
769
737
758
746
750
762
725
786
714
794
726
777
742
766
757
757
770
734
794
722
802
734
782
750
773
761
766
777
742
798
729
806
738
789
754
781
766
770
781
746
805
734
813
745
794
762
789
769
778
789
753
810
742
818
750
802
766
793
774
785
793
761
818
745
826
757
810
770
802
778
798
797
769
826
754
833
765
818
778
813
781
806
802
778
829
762
838
770
822
782
821
785
818
805
790
834
769
846
774
829
786
830
786
825
806
797
838
777
850
782
838
794
838
790
838
810
813
842
790
858
793
845
797
850
797
853
814
826
845
798
861
801
853
806
858
802
861
814
837
846
814
862
809
861
809
866
805
870
817
849
841
829
862
822
862
813
873
806
881
818
861
842
846
857
834
866
821
882
813
889
822
873
841
862
854
854
870
834
893
821
901
830
886
845
882
850
874
865
850
898
829
906
837
893
846
894
845
897
862
870
894
846
910
846
902
849
905
846
909
858
890
886
865
905
858
906
853
917
849
921
861
905
882
889
897
877
906
861
925
850
933
862
914
878
910
886
901
905
877
930
861
938
869
926
878
922
881
926
898
898
930
874
942
877
933
882
937
877
942
893
917
921
894
938
890
937
886
946
881
954
890
934
913
921
929
909
941
894
958
882
965
894
949
909
942
918
934
933
910
962
893
974
901
962
914
962
917
965
933
941
965
917
982
918
973
921
977
917
981
926
962
953
942
969
933
973
922
985
914
994
925
977
942
965
954
957
970
933
994
921
1002
930
985
941
982
942
982
958
957
989
934
1002
933
994
938
993
934
1002
946
978
973
961
993
953
997
945
1010
937
1017
950
1001
965
990
978
981
994
961
1018
945
1025
953
1010
966
1009
965
1009
982
986
1010
961
1025
961
1017
962
1022
961
1029
969
1009
993
990
1010
981
1017
969
1034
957
1041
969
1025
985
1018
990
1013
1006
989
1034
965
1046
974
1033
982
1034
977
1037
989
1017
1018
993
1038
990
1037
981
1046
974
1054
986
1038
1005
1025
1013
1018
1030
994
1054
978
1062
990
1049
1001
1050
998
1049
1014
1025
1042
1002
1058
1001
1054
997
1061
993
1070
1006
1054
1026
1038
1041
1030
1053
1013
1074
998
1086
1009
1073
1022
1069
1026
1074
1041
1050
1074
1025
1090
1025
1085
1026
1089
1022
1094
1030
1077
1050
1061
1066
1053
1078
1033
1097
1022
1106
1029
1090
1041
1090
1041
1090
1057
1065
1086
1042
1102
1042
1097
1038
1102
1033
1109
1045
1093
1065
1078
1077
1073
1090
1053
1114
1038
1121
1046
1109
1058
1109
1058
1113
1069
1090
1098
1070
1117
1066
1118
1062
1126
1053
1137
1065
1121
1082
1114
1089
1110
1101
1085
1130
1066
1141
1069
1133
1073
1133
1069
1141
1082
1125
1101
1106
1118
1102
1129
1085
1150
1070
1154
1078
1141
1090
1142
1090
1146
1102
1122
1129
1101
1145
1098
1146
1089
1157
1081
1165
1090
1149
1106
1145
1110
1141
1125
1121
1153
1098
1166
1098
1161
1102
1166
1094
1174
1106
1158
1125
1145
1134
1138
1149
1117
1174
1102
1185
1109
1173
1118
1173
1113
1181
1122
1161
1149
1142
1165
1138
1170
1121
1189
1109
1198
1121
1182
1133
1181
1133
1186
1146
1162
1174
1145
1193
1142
1193
1138
1210
1133
1217
1145
1205
1162
1201
1165
1201
1181
1178
1210
1158
1221
1157
1217
1154
1225
1149
1230
1158
1217
1178
1205
1182
1202
1197
1182
1226
1161
1238
1165
1226
1165
1233
1161
1238
1169
1221
1190
1213
1197
1205
1213
1181
1237
1165
1249
1170
1233
1174
1238
1170
1245
1182
1230
1201
1217
1217
1210
1229
1194
1253
1178
1265
1185
1253
1194
1253
1190
1265
1202
1245
1225
1230
1237
1226
1249
1206
1270
1194
1278
1201
1265
1209
1270
1205
1277
1214
1258
1238
1242
1250
1238
1262
1218
1285
1206
1294
1214
1278
1222
1281
1218
1289
1226
1269
1249
1257
1261
1250
1270
1233
1294
1217
1302
1222
1290
1229
1293
1226
1298
1234
1285
1257
1270
1266
1265
1277
1246
1302
1229
1314
1237
1302
1238
1305
1234
1313
1245
1297
1265
1289
1270
1285
1285
1266
1310
1246
1322
1249
1314
1250
1321
1245
1329
1253
1317
1269
1310
1277
1306
1289
1289
1318
1269
1330
1269
1325
1262
1338
1257
1345
1266
1334
1281
1333
1285
1337
1301
1322
1330
1306
1350
1305
1354
1297
1373
1289
1382
1298
1370
1309
1370
1306
1373
1314
1357
1338
1341
1349
1334
1358
1318
1381
1302
1389
1309
1378
1314
1382
1309
1390
1317
1377
1334
1366
1338
1366
1350
1345
1378
1325
1389
1325
1381
1317
1393
1310
1402
1317
1385
1330
1385
1329
1390
1341
1373
1362
1358
1377
1353
1385
1341
1405
1326
1417
1334
1405
1338
1409
1338
1417
1345
1402
1362
1394
1370
1394
1382
1378
1409
1358
1422
1357
1417
1354
1429
1345
1437
1353
1425
1366
1422
1365
1430
1373
1413
1394
1397
1406
1394
1414
1378
1437
1362
1445
1366
1437
1369
1441
1362
1450
1370
1437
1385
1433
1386
1433
1397
1414
1417
1398
1434
1397
1437
1385
1457
1370
1461
1377
1450
1381
1453
1378
1457
1385
1445
1398
1438
1402
1437
1410
1418
1437
1401
1446
1398
1446
1390
1465
1378
1470
1386
1457
1393
1457
1389
1466
1397
1454
1414
1446
1418
1445
1430
1426
1453
1409
1466
1409
1466
1402
1482
1397
1490
1406
1481
1418
1485
1422
1497
1430
1486
1453
1482
1462
1481
1473
1466
1498
1449
1513
1450
1510
1446
1525
1438
1529
1445
1518
1453
1517
1450
1525
1457
1514
1473
1505
1477
1502
1489
1486
1513
1470
1522
1469
1522
1458
1534
1450
1542
1454
1529
1458
1530
1453
1537
1461
1522
1473
1514
1477
1513
1486
1498
1506
1481
1518
1478
1522
1469
1541
1458
1550
1465
1538
1470
1545
1465
1553
1473
1542
1489
1538
1489
1541
1498
1525
1517
1513
1530
1510
1538
1497
1558
1481
1566
1485
1558
1485
1565
1482
1573
1489
1562
1501
1562
1502
1566
1510
1553
1526
1541
1537
1541
1545
1525
1570
1510
1578
1509
1574
1506
1585
1497
1590
1505
1582
1514
1581
1510
1589
1514
1573
1530
1566
1537
1566
1546
1550
1566
1538
1581
1534
1581
1526
1597
1514
1606
1521
1593
1525
1602
1521
1609
1529
1598
1542
1593
1541
1602
1550
1585
1570
1574
1581
1573
1590
1562
1614
1546
1621
1550
1618
1546
1629
1541
1638
1549
1629
1561
1634
1562
1645
1574
1637
1593
1633
1601
1638
1609
1625
1634
1614
1646
1613
1654
1606
1673
1594
1681
1597
1674
1601
1681
1593
1690
1601
1678
1610
1678
1606
1682
1613
1670
1629
1665
1629
1666
1638
1653
1657
1638
1666
1637
1666
1625
1686
1610
1693
1613
1682
1609
1690
1602
1698
1609
1686
1613
1686
1610
1697
1618
1682
1633
1681
1633
1682
1642
1669
1657
1658
1669
1657
1674
1649
1694
1633
1706
1634
1698
1630
1714
1621
1721
1630
1709
1638
1714
1633
1722
1638
1714
1653
1710
1653
1717
1658
1705
1678
1694
1685
1694
1690
1681
1709
1669
1722
1666
1721
1661
1737
1649
1745
1653
1734
1657
1741
1654
1750
1661
1738
1670
1738
1670
1745
1674
1737
1690
1729
1694
1733
1702
1721
1721
1709
1729
1709
1734
1702
1754
1689
1765
1690
1757
1690
1773
1681
1778
1686
1769
1693
1773
1689
1785
1694
1774
1705
1774
1705
1781
1709
1773
1726
1769
1730
1773
1734
1758
1754
1754
1762
1754
1769
1749
1790
1741
1805
1746
1805
1742
1825
1738
1834
1745
1825
1746
1834
1741
1842
1749
1834
1757
1837
1754
1846
1762
1837
1774
1833
1774
1842
1777
1829
1793
1825
1797
1826
1802
1814
1817
1805
1826
1806
1826
1797
1842
1782
1849
1781
1845
1778
1858
1766
1862
1770
1849
1769
1858
1765
1865
1769
1853
1774
1853
1773
1862
1777
1854
1789
1850
1789
1858
1794
1849
1809
1842
1813
1846
1817
1837
1834
1826
1845
1830
1845
1821
1866
1809
1874
1813
1869
1809
1886
1797
1893
1806
1885
1805
1893
1801
1902
1809
1890
1813
1897
1809
1906
1818
1893
1829
1893
1825
1902
1833
1894
1845
1885
1846
1893
1853
1882
1870
1874
1874
1874
1878
1866
1897
1858
1905
1858
1905
1853
1921
1845
1929
1846
1922
1845
1934
1842
1941
1846
1930
1849
1937
1845
1946
1853
1937
1861
1937
1858
1946
1862
1937
1877
1937
1873
1942
1877
1933
1894
1929
1893
1933
1898
1926
1913
1918
1922
1922
1926
1914
1942
1906
1949
1910
1950
1905
1970
1897
1977
1906
1973
1905
1989
1902
2001
1910
1990
1909
2002
1905
2010
1913
2001
1914
2006
1910
2014
1917
2002
1922
2002
1918
2013
1921
2001
1933
2002
1930
2009
1933
2001
1946
1998
1942
2001
1945
1993
1957
1986
1954
1990
1958
1981
1970
1974
1973
1978
1977
1970
1993
1965
1998
1969
1998
1962
2014
1957
2018
1961
2017
1957
2030
1949
2037
1954
2029
1953
2045
1949
2049
1954
2038
1954
2050
1949
2057
1958
2046
1961
2049
1958
2058
1962
2049
1969
2053
1966
2061
1970
2054
1981
2054
1977
2062
1981
2054
1993
2049
1990
2057
1994
2050
2010
2050
2009
2053
2009
2045
2026
2041
2026
2045
2030
2041
2042
2033
2046
2037
2050
2034
2061
2025
2069
2029
2069
2029
2081
2018
2089
2022
2082
2021
2097
2014
2101
2017
2093
2017
2106
2013
2113
2017
2102
2021
2114
2017
2121
2021
2113
2025
2118
2022
2126
2026
2118
2030
2122
2029
2133
2034
2125
2042
2126
2038
2137
2045
2129
2053
2130
2049
2141
2053
2133
2066
2133
2066
2145
2069
2142
2085
2141
2081
2153
2089
2145
2101
2145
2098
2153
2101
2146
2114
2146
2110
2150
2110
2142
2122
2138
2122
2141
2122
2133
2130
2129
2129
2134
2130
2130
2138
2126
2142
2129
2142
2126
2154
2121
2157
2126
2157
2125
2170
2117
2174
2121
2170
2121
2182
2117
2189
2122
2182
2122
2193
2118
2198
2122
2193
2126
2205
2118
2213
2125
2202
2125
2217
2122
2221
2129
2214
2130
2226
2126
2229
2130
2218
2133
2229
2129
2237
2134
2225
2137
2237
2133
2241
2138
2233
2142
2241
2138
2249
2146
2237
2150
2246
2145
2253
2153
2246
2157
2250
2153
2261
2158
2250
2161
2253
2158
2262
2165
2254
2170
2258
2165
2269
2170
2261
2178
2262
2173
2273
2177
2266
2185
2269
2181
2277
2185
2273
2193
2274
2189
2282
2194
2277
2202
2277
2198
2290
2202
2281
2210
2281
2206
2293
2206
2286
2217
2289
2214
2297
2214
2293
2225
2294
2222
2302
2225
2297
2233
2298
2230
2310
2233
2305
2242
2305
2241
2317
2245
2318
2254
2317
2254
2329
2257
2325
2265
2326
2261
2338
2262
2333
2274
2330
2265
2338
2266
2334
2273
2333
2265
2341
2266
2333
2270
2334
2266
2342
2266
2338
2278
2341
2273
2349
2273
2346
2282
2349
2278
2358
2277
2353
2286
2354
2282
2366
2282
2361
2290
2362
2289
2374
2290
2370
2298
2370
2294
2382
2293
2377
2301
2378
2297
2389
2301
2386
2305
2386
2302
2398
2306
2394
2310
2394
2306
2405
2310
2401
2314
2401
2310
2414
2314
2409
2317
2409
2314
2422
2317
2413
2321
2417
2317
2429
2322
2421
2326
2425
2321
2434
2329
2425
2329
2433
2329
2441
2333
2434
2338
2442
2334
2449
2341
2437
2342
2449
2341
2454
2346
2445
2350
2453
2350
2458
2357
2450
2361
2457
2358
2461
2365
2449
2370
2461
2366
2462
2377
2453
2382
2465
2378
2466
2389
2457
2394
2465
2390
2466
2401
2457
2405
2462
2406
2461
2414
2457
2421
2461
2422
2461
2433
2453
2434
2458
2437
2454
2446
2453
2450
2458
2454
2453
2466
2449
2466
2457
2470
2454
2482
2449
2485
2457
2485
2450
2494
2445
2493
2450
2494
2441
2505
2441
2501
2446
2505
2438
2514
2438
2513
2442
2513
2437
2526
2434
2522
2442
2525
2438
2537
2438
2529
2441
2534
2438
2541
2438
2537
2442
2542
2438
2550
2442
2545
2446
2550
2442
2558
2449
2549
2450
2558
2450
2565
2457
2558
2462
2566
2457
2569
2465
2561
2470
2569
2470
2570
2477
2561
2482
2570
2481
2569
2489
2561
2498
2565
2497
2565
2506
2558
2510
2562
2513
2561
2522
2554
2529
2557
2530
2554
2542
2546
2545
2549
2549
2545
2558
2541
2562
2545
2566
2541
2577
2534
2577
2541
2582
2534
2590
2529
2593
2537
2593
2530
2606
2526
2605
2534
2606
2525
2621
2526
2617
2529
2617
2526
2630
2529
2626
2530
2629
2526
2641
2529
2634
2534
2641
2529
2649
2537
2638
2537
2650
2538
2654
2545
2645
2549
2654
2550
2658
2558
2646
2565
2654
2565
2654
2577
2645
2585
2653
2585
2649
2598
2642
2606
2642
2610
2642
2621
2634
2629
2633
2634
2629
2645
2618
2646
2622
2650
2614
2662
2609
2666
2613
2666
2605
2682
2602
2677
2605
2681
2598
2694
2597
2693
2602
2694
2597
2705
2598
2702
2602
2706
2597
2714
2602
2709
2605
2718
2606
2722
2610
2714
2614
2722
2618
2726
2625
2714
2633
2722
2637
2722
2646
2710
2654
2713
2657
2709
2670
2702
2677
2701
2682
2697
2697
2686
2701
2690
2709
2682
2721
2677
2722
2678
2730
2673
2742
2666
2741
2673
2745
2665
2757
2662
2757
2666
2762
2661
2774
2661
2766
2665
2773
2662
2781
2665
2774
2670
2781
2669
2785
2677
2777
2685
2785
2686
2781
2694
2774
2706
2778
2710
2773
2718
2761
2729
2762
2734
2754
2750
2746
2753
2745
2762
2738
2774
2733
2778
2733
2782
2726
2797
2721
2797
2726
2802
2718
2814
2714
2810
2717
2818
2713
2829
2714
2821
2718
2829
2717
2838
2721
2830
2725
2838
2730
2841
2738
2830
2745
2837
2749
2834
2761
2822
2774
2822
2778
2817
2794
2809
2802
2806
2810
2797
2821
2790
2825
2790
2833
2781
2846
2774
2846
2777
2854
2769
2866
2765
2861
2766
2866
2762
2877
2766
2870
2766
2882
2765
2886
2769
2877
2778
2886
2777
2886
2789
2877
2798
2881
2801
2873
2817
2862
2826
2861
2833
2853
2846
2845
2854
2846
2866
2837
2881
2829
2885
2830
2889
2822
2906
2818
2905
2818
2910
2809
2921
2814
2917
2814
2926
2809
2933
2814
2926
2818
2933
2822
2934
2830
2926
2841
2930
2846
2926
2861
2913
2869
2913
2877
2906
2894
2894
2902
2893
2909
2882
2925
2874
2929
2877
2937
2866
2949
2861
2953
2861
2958
2857
2969
2858
2965
2858
2973
2854
2981
2862
2970
2869
2981
2869
2981
2881
2970
2890
2973
2898
2965
2913
2950
2921
2950
2930
2937
2946
2925
2954
2926
2962
2917
2981
2906
2985
2910
2990
2902
3005
2898
3001
2897
3006
2893
3017
2898
3009
2902
3018
2902
3022
2913
3009
2926
3013
2929
3005
2946
2994
2957
2990
2969
2982
2986
2970
2994
2970
3005
2957
3022
2949
3026
2950
3033
2941
3046
2937
3042
2938
3049
2934
3058
2937
3050
2941
3058
2945
3058
2954
3046
2966
3046
2973
3038
2989
3022
3001
3017
3014
3006
3033
2997
3041
2993
3050
2982
3065
2977
3066
2974
3074
2969
3086
2966
3082
2969
3089
2969
3093
2977
3085
2989
3090
2997
3082
3009
3070
3022
3065
3034
3053
3050
3037
3061
3037
3073
3022
3089
3013
3093
3013
3101
3002
3113
3002
3110
3002
3122
3001
3126
3006
3117
3013
3122
3018
3118
3034
3106
3046
3101
3058
3089
3074
3074
3086
3069
3097
3054
3113
3046
3121
3042
3126
3034
3142
3029
3138
3030
3146
3029
3153
3033
3146
3041
3154
3045
3146
3061
3133
3074
3126
3086
3117
3105
3102
3113
3094
3126
3082
3146
3074
3149
3069
3157
3061
3170
3058
3170
3058
3177
3057
3185
3065
3174
3074
3181
3078
3174
3093
3161
3110
3153
3121
3141
3141
3125
3149
3117
3165
3105
3181
3098
3185
3094
3193
3089
3205
3085
3202
3086
3209
3086
3214
3097
3202
3110
3205
3118
3194
3133
3181
3149
3173
3161
3162
3182
3146
3190
3141
3202
3129
3218
3122
3218
3118
3226
3109
3237
3114
3229
3117
3237
3121
3238
3130
3222
3146
3218
3158
3210
3174
3193
3189
3186
3205
3173
3222
3157
3229
3157
3237
3145
3253
3142
3254
3142
3262
3138
3269
3146
3258
3158
3262
3165
3257
3178
3242
3197
3233
3209
3217
3230
3201
3241
3197
3253
3182
3270
3178
3274
3173
3281
3165
3294
3169
3286
3174
3294
3178
3293
3194
3281
3206
3270
3221
3257
3241
3241
3257
3233
3270
3217
3289
3206
3297
3201
3305
3193
3318
3194
3314
3197
3321
3202
3322
3213
3309
3229
3301
3241
3289
3265
3269
3277
3262
3293
3246
3313
3233
3321
3229
3329
3221
3342
3221
3341
3221
3349
3225
3349
3237
3333
3253
3330
3266
3317
3285
3297
3301
3290
3318
3273
3337
3261
3345
3254
3354
3245
3370
3246
3365
3246
3374
3253
3374
3262
3361
3282
3354
3294
3337
3314
3321
3329
3313
3345
3294
3366
3285
3373
3
3
3
3
2
2
1
1
1
1
1
1
0
0
0
0
0
0
0
0
0
0
0
0
0
0
0
0
-1
-1
-1
-1
-1
-1
-1
-1
-1
-1
-1
-1
-1
0
0
0
0
0
0
0
0
0
-1
0
0
0
0
-1
0
0
0
0
0
0
0
1
0
0
0
0
1
0
0
0
0
0
0
0
0
0
0
0
0
0
0
0
0
0
0
0
0
0
0
0
0
1
1
1
1
0
1
1
1
1
0
1
1
1
0
-1
0
0
1
0
-1
0
0
1
0
-1
0
0
1
0
0
0
0
1
0
0
0
0
0
0
0
0
0
0
0
0
0
0
0
0
0
1
0
0
1
1
1
1
0
1
1
1
1
1
1
1
1
0
0
0
0
1
0
1
1
1
1
1
1
1
2
2
2
2
2
2
1
1
1
1
1
1
2
1
1
0
0
0
0
0
0
0
0
0
0
-1
-1
-1
0
-1
-1
-1
0
0
0
0
-1
-1
-1
-1
-1
-1
0
0
0
-1
-1
-1
-1
0
0
0
0
0
0
0
1
1
1
1
1
1
1
1
1
1
1
1
1
0
0
0
0
0
0
0
0
0
0
0
0
0
0
0
0
0
0
0
0
0
1
1
1
1
1
1
1
1
1
1
1
1
1
0
0
0
0
0
0
0
0
-1
-1
-1
-1
-1
-1
-1
-1
-1
-1
-1
-1
-1
0
1
1
1
1
1
1
1
1
1
1
1
1
1
0
0
0
0
0
0
0
0
0
0
0
0
0
1
1
1
1
0
0
1
1
1
1
1
1
1
0
0
0
0
1
1
0
0
0
0
1
1
1
2
2
2
2
2
3
3
3
3
3
2
2
2
2
2
2
2
1
1
1
1
1
0
0
0
0
-1
-2
-2
-2
-1
-2
-2
-2
-2
-1
-1
-1
-1
-1
0
0
0
-1
-1
-1
-1
-1
-1
-1
-1
-1
-1
-1
-2
-1
0
0
0
-1
0
0
0
0
0
0
0
1
0
0
0
0
1
0
0
0
0
0
0
0
0
0
0
0
0
0
0
0
0
0
0
0
0
0
0
0
0
0
0
0
0
0
0
0
0
0
0
0
0
0
0
0
0
0
0
1
1
1
1
1
1
1
1
1
1
1
1
0
0
0
0
0
0
0
0
0
0
0
0
0
1
0
0
0
0
1
1
1
1
0
1
1
1
1
1
1
1
1
0
0
0
0
1
0
0
0
0
0
0
1
1
1
1
0
0
0
1
1
1
1
1
1
0
0
0
0
2
2
2
1
2
2
2
3
3
3
3
3
3
2
2
2
2
1
1
0
-1
-1
-1
-1
-1
-1
-1
-1
-1
-1
-1
-2
-1
-1
-1
-1
-1
-1
-1
-1
-1
-2
-2
-2
-1
-1
-1
-1
-1
-1
-1
-1
-1
-2
-1
-1
0
0
0
0
0
0
-1
-1
-1
-1
0
0
0
-1
-1
-1
-1
-1
-2
0
0
0
0
-1
-1
-1
-1
-1
-1
-1
-1
0
-1
-1
-1
-1
0
0
0
0
0
0
0
0
0
0
0
0
0
-1
0
0
0
0
0
0
0
0
0
0
0
0
1
0
0
0
0
0
0
0
0
0
0
0
0
0
0
0
0
0
0
0
0
0
0
0
0
0
0
0
0
0
0
0
0
0
0
0
0
0
0
0
0
-1
-1
-1
-1
0
0
0
0
-1
0
0
0
0
1
1
1
1
0
0
0
0
2
1
1
1
1
2
2
2
2
2
2
3
3
2
2
2
2
2
1
1
1
1
1
1
0
0
0
0
-1
-1
-1
-1
-1
-2
-2
-2
-2
-2
-2
-2
-2
-1
-1
-1
-1
-2
-1
-1
-1
-1
-1
-1
-1
-1
-1
-1
-1
-1
0
0
0
0
0
0
0
0
0
0
0
0
0
0
0
0
0
0
0
0
0
-1
0
0
0
0
0
0
0
0
0
0
0
0
1
0
0
0
0
0
0
0
0
0
0
0
0
1
1
1
1
1
1
1
1
1
1
1
0
1
0
0
0
0
0
0
0
0
0
0
0
1
0
0
0
0
0
1
1
1
1
1
1
1
1
1
1
1
1
1
0
0
0
0
0
0
0
0
0
0
0
0
0
0
0
0
0
0
0
0
0
0
0
0
0
0
0
0
0
0
0
0
0
0
1
1
1
1
1
2
2
2
2
3
3
3
3
3
3
3
3
3
2
2
2
2
1
1
1
1
0
0
0
0
0
-1
-1
-1
-1
-1
-1
-1
-1
-2
-2
-2
-2
-2
-1
-1
-1
-1
-1
-1
-1
-1
-1
-1
-1
-1
-1
-1
-1
-1
-1
-1
-1
-1
-2
0
0
0
0
0
0
0
0
0
0
0
0
1
0
0
0
0
0
-1
-1
-1
-1
-1
-1
-1
-1
-1
-1
-1
-1
-1
0
0
0
0
0
0
0
0
0
0
0
0
0
0
0
0
0
0
0
0
0
0
0
0
0
0
0
0
0
0
0
0
-1
-1
-1
-1
0
0
0
0
0
0
0
0
0
1
1
1
1
0
0
0
1
1
1
1
1
1
1
1
1
1
1
1
1
0
0
0
0
0
0
0
0
1
1
1
1
1
1
1
1
1
1
1
1
1
0
0
0
1
1
1
1
1
1
1
1
1
1
1
1
1
1
1
1
2
2
2
2
3
3
3
4
4
4
3
3
4
3
3
3
3
2
2
2
1
1
1
0
0
-1
-1
-1
-2
-2
-2
-2
-2
-3
-3
-3
-2
-2
-2
-2
-2
-2
-2
-2
-2
-2
-1
-1
-1
-1
-1
-1
-1
-2
0
0
0
0
0
0
0
-1
-1
-1
-1
-1
0
-1
-1
-1
-1
-1
-1
-1
0
0
0
0
0
0
0
0
0
0
0
0
0
0
0
0
0
0
0
0
0
0
0
0
0
0
0
0
0
0
0
0
0
0
0
0
0
0
0
0
0
0
0
0
0
0
0
0
0
0
0
0
0
0
0
0
0
0
0
0
0
0
0
0
0
0
0
0
0
0
0
0
0
0
0
0
-1
-1
-1
-1
-1
-1
-1
0
0
0
0
-1
-1
0
0
0
0
0
-1
-1
-2
-2
-1
-1
0
0
0
0
0
0
0
1
1
1
1
0
0
0
0
0
0
1
1
1
2
2
2
2
3
3
3
3
4
4
3
3
3
2
2
2
2
0
0
0
0
-1
-2
-2
-2
-2
-2
-2
-2
-2
-2
-2
-2
-2
-2
-1
-1
-2
-2
-2
-2
-2
-3
-2
-2
-2
-2
-2
-2
-2
-1
-1
-1
-1
-1
0
-1
0
0
0
0
-1
-1
0
0
0
0
0
0
1
0
0
0
0
1
1
-1
-1
-1
0
0
0
0
0
0
0
0
0
0
1
1
1
0
0
0
0
0
0
0
0
0
0
0
0
0
0
0
0
0
0
0
0
0
0
0
0
0
0
0
0
0
1
1
1
1
0
0
0
0
1
1
1
1
0
-1
0
0
0
1
1
1
1
0
0
0
0
1
1
0
0
0
0
0
0
0
0
0
0
0
0
0
0
1
1
1
1
0
0
0
0
0
0
1
1
1
0
0
0
0
1
1
1
1
1
2
1
2
2
3
3
3
4
4
5
5
6
6
5
5
4
4
3
3
3
2
1
0
0
-1
-1
-2
-2
-2
-2
-2
-3
-3
-3
-2
-2
-3
-3
-3
-2
-2
-2
-3
-3
-2
-2
-2
-2
-2
-2
-2
-2
-2
-2
-2
-1
-1
-1
-1
-2
-2
-2
-1
-1
-1
-1
-1
-1
-1
-1
-1
-1
0
0
0
0
0
0
0
0
0
0
0
1
1
1
1
1
1
0
0
1
1
1
1
1
0
0
0
0
0
0
1
1
0
0
0
0
0
0
0
0
0
0
0
0
0
0
0
0
0
0
0
0
0
0
0
0
0
0
0
0
0
0
0
0
0
0
0
0
0
0
-1
0
0
0
0
0
0
1
1
0
0
0
0
1
0
0
1
1
1
1
0
0
1
1
1
1
1
1
1
0
0
0
0
0
0
0
0
0
0
1
1
1
1
1
1
2
2
2
2
3
3
3
3
3
4
4
4
5
4
4
5
5
4
5
5
4
4
4
4
4
3
3
2
1
1
1
-1
-1
-1
-1
-3
-3
-3
-4
-4
-3
-3
-3
-4
-3
-3
-3
-3
-3
-3
-3
-2
-2
-2
-3
-3
-2
-2
-2
-3
-3
-2
-2
-2
-2
-2
-2
-1
-1
-1
-1
-1
0
0
0
0
0
0
0
0
0
0
0
0
0
0
0
0
0
0
0
0
0
0
0
0
0
0
0
0
0
-1
0
0
0
0
-1
-1
-1
-1
-1
-1
-1
-1
0
-1
-1
-1
-1
0
0
0
0
0
0
0
0
0
0
0
0
0
0
0
0
0
-1
-1
-1
-1
-1
-1
-1
-1
-1
-1
-1
-1
-1
0
0
0
0
0
0
0
0
0
0
0
0
0
0
0
0
0
0
0
-1
-1
-1
0
0
0
0
0
0
0
0
0
0
1
1
1
0
0
0
1
1
1
1
2
2
2
3
3
3
4
4
5
4
5
5
5
5
5
5
4
4
4
3
3
2
2
1
1
1
-1
-1
-1
-1
-1
-2
-2
-2
-3
-3
-3
-4
-4
-3
-4
-4
-4
-4
-3
-4
-4
-3
-3
-3
-2
-2
-3
-2
-2
-2
-2
-2
-1
-1
-2
-1
-1
-1
-1
-1
-1
-1
-1
-1
-1
-1
-1
0
-1
-1
-1
-1
0
0
0
0
0
0
0
0
0
0
0
0
0
0
0
0
0
0
0
0
0
0
0
0
0
0
0
0
0
0
0
0
0
0
0
0
0
1
1
1
1
1
1
1
1
1
1
1
1
1
0
0
0
0
0
0
0
0
0
0
0
0
0
0
0
0
0
0
1
1
1
1
1
1
1
1
1
1
1
1
1
0
0
0
0
0
0
0
0
0
0
0
0
0
0
0
0
0
0
0
0
0
0
0
0
0
0
0
0
1
1
1
1
1
2
2
2
3
3
4
4
4
4
4
4
5
5
5
6
6
6
6
6
6
6
5
6
6
5
5
4
3
3
2
1
0
0
-1
-1
-3
-3
-3
-4
-4
-4
-5
-5
-5
-5
-5
-5
-5
-4
-4
-5
-4
-4
-5
-4
-5
-4
-4
-4
-4
-4
-4
-4
-3
-3
-3
-2
-2
-1
-1
-1
-2
-1
-1
-1
-1
-1
-1
-1
-1
-2
-2
-2
-2
-1
-1
-1
-1
-2
-2
-2
-1
-1
0
0
0
0
0
0
0
0
1
1
1
0
0
0
0
0
1
1
1
1
1
1
1
1
1
1
1
1
1
0
0
0
1
1
1
1
1
1
1
1
1
1
1
1
1
0
0
0
0
1
0
0
0
0
0
0
0
0
0
0
1
1
0
1
1
1
1
1
1
1
2
2
2
1
1
1
1
1
1
1
1
1
1
0
1
1
1
1
1
0
1
1
1
1
1
1
1
0
0
0
0
0
1
0
0
0
0
0
0
1
1
1
2
2
3
3
4
4
5
6
6
7
7
7
8
7
8
7
8
7
8
7
6
6
5
4
4
3
3
2
2
1
0
-1
-1
-2
-2
-3
-3
-4
-4
-5
-5
-6
-6
-6
-6
-7
-6
-7
-6
-7
-6
-7
-6
-6
-5
-6
-5
-5
-5
-5
-4
-4
-4
-4
-3
-3
-3
-3
-2
-3
-3
-2
-2
-2
-2
-1
-1
-1
-1
-1
-1
-1
0
0
-1
-1
-1
-1
-1
-1
-1
-1
-1
-1
-1
-1
-1
0
0
0
0
1
1
1
1
1
1
1
1
1
1
1
1
1
0
0
0
0
0
0
0
0
0
0
0
0
0
0
0
0
0
0
0
0
0
0
0
0
0
0
0
0
0
0
0
0
0
0
0
0
0
0
0
0
0
0
0
0
0
0
0
0
0
0
0
0
0
0
0
0
0
0
0
0
0
0
0
0
0
0
0
0
0
0
0
0
0
1
1
1
1
1
1
2
2
2
2
3
3
3
3
4
4
5
5
6
5
6
7
7
7
8
8
8
7
7
6
7
6
6
5
3
3
2
1
1
-1
-1
-2
-2
-3
-4
-4
-5
-4
-5
-5
-6
-6
-6
-6
-6
-6
-7
-6
-6
-6
-6
-5
-6
-5
-5
-4
-5
-4
-4
-3
-3
-4
-3
-3
-3
-2
-2
-2
-2
-1
-1
-1
-2
-2
-1
-1
-1
-1
-1
-1
-1
-1
-1
-1
-1
0
0
0
-1
0
0
0
0
0
0
0
0
0
0
0
0
1
1
1
1
1
1
1
1
1
1
1
1
1
1
0
0
0
1
1
1
1
1
1
1
1
1
1
1
1
1
0
0
0
0
0
0
0
0
0
0
0
1
0
0
0
0
0
0
0
0
1
1
1
1
0
1
1
1
1
1
2
2
2
1
1
1
1
1
1
1
1
1
1
0
0
0
0
0
0
0
0
0
0
0
0
1
1
1
1
1
2
2
2
3
3
3
4
4
4
5
5
6
7
7
7
8
8
8
9
8
9
8
7
8
7
6
5
5
4
3
3
1
1
0
0
0
-1
-1
-1
-2
-2
-3
-4
-4
-3
-4
-4
-5
-5
-6
-6
-7
-6
-7
-7
-6
-7
-7
-7
-7
-7
-7
-7
-7
-6
-7
-6
-5
-5
-5
-5
-4
-4
-3
-4
-3
-3
-3
-2
-3
-3
-3
-2
-2
-2
-2
-2
-1
-1
-1
-2
-1
0
0
0
0
0
-1
0
0
0
0
-1
0
-1
-1
0
0
0
0
1
0
1
1
1
2
2
2
2
1
1
2
2
2
2
1
1
1
1
1
1
1
2
2
1
1
1
1
1
1
1
1
1
1
2
1
1
1
1
1
1
1
1
1
1
2
2
1
1
1
1
1
2
2
2
2
2
2
1
1
1
1
1
1
1
0
1
1
1
1
0
0
0
0
0
0
0
0
1
0
0
0
0
1
1
1
1
1
1
1
1
1
1
1
2
2
3
4
4
5
6
6
7
8
8
8
9
8
9
9
8
9
8
7
8
7
6
5
5
4
4
3
2
2
1
0
0
-1
-1
-2
-2
-3
-3
-4
-4
-4
-4
-5
-4
-5
-5
-5
-5
-5
-5
-6
-6
-6
-7
-8
-7
-7
-7
-7
-8
-8
-8
-8
-7
-6
-6
-5
-5
-5
-5
-4
-4
-4
-3
-3
-3
-3
-3
-3
-3
-2
-2
-2
-3
-3
-2
-2
-2
-1
-1
-1
-1
-1
-1
-2
-1
0
0
0
0
0
0
0
0
0
0
0
1
0
0
0
0
0
0
0
0
1
1
1
1
1
1
1
1
1
1
1
1
1
0
0
0
0
0
0
0
0
0
0
0
0
0
0
0
0
0
0
0
1
1
1
1
1
1
1
1
1
1
1
1
1
0
0
0
0
0
0
1
1
1
1
0
1
1
1
1
1
1
1
1
0
0
0
0
1
0
0
0
0
0
0
0
0
1
1
1
2
3
3
4
5
6
6
7
8
9
9
10
10
10
10
10
9
8
7
8
7
6
5
4
3
3
2
1
1
1
1
0
-1
-1
-1
-1
-1
-1
-1
-2
-2
-3
-3
-3
-3
-3
-4
-4
-5
-5
-6
-6
-6
-7
-6
-7
-7
-7
-7
-7
-7
-7
-7
-6
-7
-6
-5
-6
-5
-5
-4
-5
-4
-4
-3
-4
-4
-3
-3
-3
-2
-3
-3
-3
-2
-2
-2
-2
-1
-1
-1
-1
-1
-1
-1
-1
-1
-1
-1
-1
-1
0
0
0
0
-1
-1
0
0
0
0
1
1
1
0
-1
0
0
1
1
1
1
2
2
1
1
1
1
2
1
1
1
1
1
1
0
0
0
0
1
1
1
1
1
1
1
1
2
2
2
2
2
1
1
1
2
2
2
2
2
1
1
1
1
1
2
2
2
1
1
1
1
1
1
1
1
1
1
1
1
1
1
1
1
1
1
1
1
1
1
2
1
1
2
2
3
4
4
5
6
7
8
9
9
10
11
10
11
10
10
10
10
9
9
8
8
7
6
5
5
4
4
3
3
2
2
0
0
-1
-1
-1
-2
-2
-2
-2
-3
-3
-3
-4
-3
-4
-4
-5
-5
-4
-5
-5
-6
-5
-5
-6
-5
-6
-5
-6
-5
-6
-6
-5
-6
-5
-5
-6
-5
-5
-5
-5
-4
-4
-3
-4
-4
-4
-4
-5
-4
-4
-4
-3
-4
-4
-4
-4
-3
-3
-3
-3
-2
-2
-2
-2
-3
-2
-2
-2
-2
-3
-3
-2
-2
-2
-2
-2
-2
-2
-2
-2
-2
-2
-1
-1
-1
-1
-1
-1
-1
-1
0
0
0
0
0
0
0
0
0
0
0
0
0
1
1
1
1
1
1
1
1
1
1
1
2
2
1
1
1
2
2
2
2
3
3
3
3
2
2
2
2
2
1
2
2
2
1
1
2
2
2
2
2
2
2
2
1
1
1
2
2
1
1
1
2
2
2
2
2
2
2
2
1
2
2
3
4
3
4
5
6
6
7
8
9
9
9
10
10
10
11
10
9
9
9
9
8
7
8
7
6
6
5
4
4
4
2
2
1
1
1
0
-1
-1
-2
-2
-2
-3
-3
-2
-3
-4
-4
-5
-5
-5
-5
-6
-6
-7
-6
-6
-6
-5
-5
-5
-5
-5
-5
-5
-5
-5
-4
-5
-5
-6
-6
-6
-6
-5
-6
-5
-5
-4
-5
-5
-5
-5
-4
-4
-3
-4
-4
-4
-4
-4
-4
-3
-4
-3
-4
-4
-4
-4
-3
-4
-3
-3
-4
-4
-4
-3
-3
-3
-3
-3
-4
-4
-3
-3
-3
-3
-3
-3
-3
-3
-3
-3
-3
-2
-2
-3
-3
-3
-2
-3
-2
-2
-2
-1
-1
-1
-1
-1
-1
-1
-1
0
1
0
0
0
0
0
0
0
0
1
2
2
1
1
1
2
2
2
2
2
2
2
2
2
2
2
3
3
2
2
2
2
2
2
3
3
2
3
3
2
2
2
3
3
3
4
4
4
5
6
5
6
7
8
9
9
10
11
11
12
12
11
10
11
11
10
10
9
9
8
7
7
6
6
6
7
6
5
5
5
5
4
4
4
4
3
2
2
1
1
1
1
0
0
0
-1
-1
-2
-2
-2
-3
-3
-4
-4
-4
-5
-5
-6
-5
-6
-6
-6
-6
-5
-5
-4
-4
-5
-5
-5
-5
-5
-4
-5
-4
-5
-5
-6
-6
-6
-6
-5
-6
-6
-6
-7
-6
-6
-6
-6
-5
-6
-6
-5
-6
-5
-4
-5
-4
-4
-4
-4
-4
-4
-4
-4
-4
-4
-4
-4
-4
-4
-4
-4
-3
-3
-3
-3
-3
-3
-2
-3
-3
-2
-2
-2
-3
-3
-3
-3
-3
-3
-3
-3
-2
-2
-2
-2
-2
-1
-1
-1
-1
0
1
1
1
1
1
1
1
2
2
2
2
2
2
1
2
2
2
2
3
3
2
2
2
3
3
3
3
2
3
3
3
2
3
3
3
3
2
2
2
3
3
2
3
3
4
4
5
5
6
7
8
9
9
10
11
12
13
12
12
12
13
13
12
12
12
12
11
11
10
10
10
10
9
9
8
8
8
7
7
7
7
6
5
5
4
4
4
3
3
2
2
1
0
-1
-1
-2
-2
-3
-3
-5
-4
-5
-5
-6
-6
-6
-7
-7
-7
-7
-7
-8
-7
-8
-8
-8
-8
-9
-8
-7
-7
-7
-8
-7
-7
-7
-7
-6
-7
-6
-6
-7
-7
-8
-8
-7
-7
-6
-6
-5
-6
-5
-6
-5
-4
-5
-4
-3
-3
-4
-4
-4
-4
-3
-4
-3
-3
-4
-3
-3
-3
-4
-3
-3
-3
-3
-3
-2
-3
-3
-2
-2
-2
-2
-1
-2
-2
-2
-2
-2
-2
-1
-2
-2
-2
-2
-2
-2
-1
-1
0
0
0
0
0
1
1
1
1
1
1
1
2
1
1
1
1
1
1
1
2
2
2
2
2
1
1
1
1
1
1
2
2
1
1
1
2
2
2
2
3
3
3
4
3
4
4
5
6
6
7
8
9
9
10
11
11
12
11
12
12
12
12
11
11
11
10
10
10
9
9
9
9
8
7
7
7
6
6
6
5
4
4
2
2
1
0
0
-1
-1
-1
-3
-3
-4
-5
-5
-4
-5
-5
-5
-6
-7
-8
-8
-8
-9
-8
-7
-8
-9
-8
-9
-8
-8
-7
-7
-8
-7
-7
-7
-7
-7
-7
-7
-7
-7
-7
-7
-7
-6
-6
-6
-6
-6
-6
-5
-5
-4
-5
-4
-5
-4
-4
-5
-4
-4
-4
-3
-3
-3
-3
-2
-2
-2
-2
-2
-1
-1
-1
-1
-2
-2
-2
-2
-2
-2
-1
-1
-1
-1
-2
-2
-2
-1
-1
-1
-1
-1
-1
-2
-2
-2
-1
0
0
0
-1
-1
-1
-1
-1
-1
0
0
0
-1
-1
-1
0
1
1
1
1
1
1
1
1
1
1
2
2
1
1
1
1
2
2
2
3
3
3
4
3
3
4
4
5
6
6
7
8
8
9
10
10
11
12
12
13
13
13
13
13
13
13
13
13
13
13
12
12
12
11
10
10
9
8
8
7
6
6
5
5
4
3
3
3
2
2
2
1
0
0
-2
-2
-3
-3
-4
-5
-6
-6
-7
-8
-8
-8
-9
-8
-9
-9
-9
-9
-8
-7
-8
-8
-8
-8
-8
-7
-8
-8
-7
-7
-7
-7
-7
-7
-6
-6
-6
-5
-6
-5
-4
-5
-5
-4
-5
-5
-4
-4
-3
-4
-4
-3
-3
-3
-2
-3
-3
-2
-2
-2
-3
-3
-2
-2
-2
-2
-2
-2
-2
-2
-2
-2
-2
-1
-1
-2
-2
-2
-2
-2
-2
-1
-1
-1
-1
-1
-1
-1
-1
-1
-1
-1
-1
-1
-1
-2
-2
-2
-2
-2
-2
-1
-1
-1
-1
-1
-1
-1
0
0
0
0
0
0
0
0
0
0
0
1
1
1
1
1
1
1
2
2
2
2
2
2
1
2
2
2
3
3
4
3
4
5
6
7
8
9
10
11
12
12
13
13
14
14
14
14
14
14
14
13
14
14
14
13
13
13
12
12
11
10
9
8
8
6
5
5
5
4
2
2
1
1
1
1
0
-1
-1
-2
-3
-4
-5
-4
-5
-6
-6
-7
-8
-8
-8
-9
-8
-9
-9
-8
-9
-8
-8
-9
-8
-7
-6
-7
-7
-7
-7
-6
-7
-6
-7
-6
-5
-6
-6
-6
-5
-5
-5
-4
-5
-4
-4
-4
-4
-4
-4
-4
-4
-4
-3
-3
-3
-3
-3
-3
-2
-2
-2
-1
-1
-1
-2
-2
-2
-2
-1
-1
-1
-2
-2
-2
-2
-2
-2
-1
-1
-2
-2
-2
-2
-2
-1
-1
-1
-1
-1
-1
-1
-2
-1
-1
-1
-1
-1
-1
-1
-2
-1
-1
-2
-2
-1
-1
-1
-1
-1
-1
-1
-1
1
0
0
1
1
1
1
1
1
1
1
1
1
1
1
1
0
1
1
1
1
1
1
1
1
1
0
1
1
3
2
3
4
5
6
7
8
8
10
11
11
12
12
12
12
12
12
12
12
12
12
11
10
10
9
9
9
8
8
7
6
5
4
5
4
4
3
3
1
1
0
-1
-2
-2
-3
-3
-4
-5
-5
-6
-6
-6
-7
-7
-7
-7
-8
-7
-7
-8
-7
-8
-7
-8
-7
-7
-6
-7
-6
-6
-7
-7
-7
-7
-6
-7
-6
-7
-6
-7
-6
-7
-6
-5
-5
-4
-4
-5
-4
-4
-3
-3
-3
-3
-2
-2
-2
-2
-2
-2
-2
-2
-2
-2
-2
-1
-1
-1
-2
-1
-1
-1
-1
-1
-1
-1
-1
-1
-1
-1
-2
-1
-2
-2
-2
-2
-1
-1
-1
-1
-1
-1
-2
-1
-1
-1
-1
-1
-1
-2
-2
-2
-2
-2
-2
-1
-1
0
0
0
0
0
1
1
1
1
1
1
1
1
0
0
0
0
0
1
1
1
1
1
1
1
1
2
2
2
2
3
2
3
4
4
5
6
7
8
8
9
11
12
12
13
13
13
14
14
14
14
14
13
13
12
12
11
10
10
9
8
8
7
6
5
5
4
3
3
3
3
2
2
1
0
-1
-1
-2
-2
-2
-3
-4
-4
-5
-6
-7
-6
-7
-6
-7
-6
-7
-8
-7
-7
-8
-8
-7
-7
-7
-6
-7
-6
-6
-6
-5
-6
-6
-6
-5
-6
-5
-6
-6
-5
-6
-6
-5
-5
-4
-4
-3
-4
-3
-3
-2
-2
-2
-1
-1
-1
-1
-1
-2
-2
-1
-1
-1
-1
-1
-1
-2
-2
-2
-2
-2
-1
-2
-2
-2
-2
-2
-2
-2
-1
-1
-1
-1
-1
-1
0
-1
-1
-1
-1
-1
-1
-1
-1
-1
-1
-1
-1
-2
-1
-1
-1
-1
-1
-1
-1
-1
-1
-1
-1
-1
0
0
0
0
0
1
1
1
1
1
1
1
1
1
1
1
1
1
0
1
1
1
1
1
2
2
2
3
3
3
3
3
3
3
3
4
4
4
5
5
5
6
7
9
10
10
11
11
11
12
12
12
13
13
13
13
12
12
11
11
11
10
9
9
8
7
7
6
5
5
4
4
2
2
2
2
1
0
0
-1
-1
-2
-3
-4
-4
-4
-4
-5
-5
-6
-6
-6
-7
-8
-8
-9
-8
-9
-8
-8
-8
-8
-8
-7
-7
-7
-6
-6
-5
-6
-5
-5
-5
-4
-5
-4
-4
-4
-4
-4
-3
-3
-3
-3
-3
-3
-3
-2
-2
-2
-3
-2
-2
-2
-2
-1
-1
-1
-1
-1
-1
-1
-1
0
0
0
0
-1
-1
-1
-1
-1
-1
-1
-1
-1
-1
-1
-2
-2
-1
-1
-2
-2
-2
-2
-2
-2
-2
-2
-2
-2
-2
-2
-2
-2
-2
-2
-2
-2
-2
-2
-3
-3
-2
-2
-2
-2
-1
-1
-1
-1
-1
-1
-1
0
0
0
-1
-1
-1
-1
-1
-1
-1
-1
-1
-1
-1
-1
-1
0
1
1
1
1
1
1
2
2
3
3
4
5
6
6
7
8
9
10
11
11
12
12
12
12
11
11
11
10
10
9
8
8
7
7
6
6
6
6
5
4
4
3
3
3
2
2
1
0
0
-1
-2
-2
-2
-3
-3
-4
-4
-5
-5
-6
-6
-6
-6
-6
-6
-7
-6
-7
-6
-7
-7
-7
-7
-6
-7
-7
-6
-7
-6
-6
-6
-6
-5
-4
-5
-4
-5
-4
-4
-4
-3
-3
-4
-3
-3
-3
-3
-2
-2
-1
-1
-1
-1
-2
-2
-1
-1
-1
-1
-1
-1
-1
-1
-1
-1
-1
0
0
0
0
0
0
0
0
0
0
0
0
0
0
0
0
0
-1
-1
-1
-1
-1
-2
-1
-1
-2
-2
-2
-2
-2
-1
-1
-1
-1
-1
0
-1
-2
0
0
0
0
0
0
0
0
0
0
0
-1
1
0
0
0
0
0
0
0
1
1
1
1
2
1
1
2
2
2
3
3
4
4
5
5
6
7
8
9
9
11
12
11
12
12
12
12
12
12
11
11
11
11
9
8
9
8
7
7
6
6
6
6
5
4
3
3
3
1
1
1
-1
-1
-1
-2
-3
-3
-3
-4
-4
-5
-5
-5
-6
-5
-6
-6
-7
-6
-7
-7
-6
-7
-7
-6
-6
-6
-6
-5
-6
-5
-5
-4
-5
-5
-4
-4
-4
-4
-4
-4
-4
-4
-4
-4
-4
-3
-3
-3
-2
-3
-3
-2
-2
-2
-1
-1
-1
-2
-2
-2
-2
-2
-1
-1
-1
-1
-1
-1
-1
-1
0
0
-1
-1
-1
-1
-1
-1
-1
-1
-1
-1
-1
-1
-2
-1
-1
-1
-1
-1
-2
-2
-2
-2
-2
-2
-2
-1
-1
-2
-2
-2
-2
-1
-1
-1
-1
-1
-1
-1
-1
-1
0
0
0
0
0
0
0
0
1
1
1
1
1
1
2
2
2
2
2
2
2
1
2
2
2
2
2
1
2
2
3
4
4
5
6
6
7
7
8
9
10
10
11
11
10
11
11
11
10
10
11
10
10
9
9
8
8
8
7
6
5
5
4
3
4
3
3
2
2
0
0
0
0
0
0
-1
-1
-2
-3
-3
-4
-5
-4
-5
-5
-6
-7
-7
-6
-6
-7
-6
-7
-7
-6
-6
-5
-5
-4
-3
-4
-4
-5
-4
-4
-3
-2
-2
-2
-3
-3
-3
-3
-2
-2
-1
-2
-2
-2
-2
-3
-3
-2
-2
-3
-3
-3
-3
-3
-2
-2
-2
-2
-1
-1
-1
-1
-1
-1
-1
-1
-1
-1
-1
-1
-1
-1
-2
-2
-2
-1
-1
-1
-2
-2
-2
-2
-2
-2
-2
-1
-1
-1
-2
-2
-2
-1
-1
-1
-1
-1
-2
-2
-2
-2
-2
-1
-2
-2
-2
-2
-2
-2
-1
0
-1
-1
-1
-1
-1
0
0
0
0
0
0
-1
-1
0
0
0
0
0
0
0
0
0
0
1
1
2
2
3
4
4
5
6
7
7
8
9
8
9
9
10
9
8
9
8
8
7
7
7
6
6
6
5
4
4
4
3
3
2
2
2
1
1
1
-1
-1
-1
-2
-2
-2
-2
-2
-3
-3
-3
-4
-4
-4
-4
-5
-4
-5
-6
-6
-7
-6
-6
-7
-6
-7
-6
-6
-5
-5
-4
-3
-4
-3
-3
-3
-2
-3
-2
-2
-2
-2
-2
-2
-2
-2
-2
-2
-2
-2
-1
-1
-1
-1
-1
-1
-1
-1
0
0
0
0
0
0
0
0
0
0
-1
-1
-1
-1
-1
-1
-1
-1
-1
-1
-1
-1
-1
0
0
0
0
-1
-1
-1
-1
-1
-1
-1
-1
-1
-2
-2
-2
-2
-1
-1
-1
-1
-1
-2
-2
-2
-2
-1
-1
-1
-1
-1
-1
-1
0
0
1
1
1
1
1
1
1
1
1
1
1
0
1
1
1
1
1
2
2
2
3
3
4
4
5
5
5
6
7
8
8
9
10
10
10
10
10
10
9
10
10
9
9
8
7
7
6
6
6
6
5
5
5
4
4
3
3
3
2
2
2
1
0
0
0
-2
-2
-3
-3
-4
-4
-5
-5
-5
-6
-5
-6
-6
-6
-6
-5
-5
-5
-6
-5
-5
-6
-5
-5
-4
-4
-4
-4
-4
-4
-3
-3
-3
-3
-2
-3
-3
-3
-3
-3
-3
-3
-3
-4
-3
-3
-3
-3
-2
-2
-2
-2
-1
-1
-1
-1
0
0
0
0
0
-1
-1
-1
-1
-1
-1
-1
-1
-1
-2
-2
-2
-2
-1
-1
-1
-1
-1
-2
-2
-2
-2
-1
-1
-1
-1
-1
-2
-2
-2
-2
-1
-1
-1
-1
-1
-1
-1
-1
-1
0
0
0
0
0
0
0
0
0
0
0
0
0
0
0
0
0
0
0
0
0
0
1
1
1
1
1
1
1
1
1
2
2
2
3
2
2
3
3
4
5
5
6
7
6
7
8
8
9
9
9
9
9
8
9
9
8
9
8
7
7
6
6
6
6
5
6
5
4
4
3
3
3
2
2
2
1
1
1
-1
-1
-1
-1
-1
-2
-2
-3
-4
-4
-5
-5
-5
-5
-5
-5
-5
-6
-5
-6
-5
-4
-4
-3
-3
-4
-3
-3
-3
-3
-2
-3
-2
-2
-2
-2
-2
-2
-1
-1
-1
-2
-2
-2
-1
-2
-2
-2
-2
-3
-3
-3
-3
-3
-3
-2
-2
-2
-1
-1
-1
-1
0
-1
-1
-1
-1
0
-1
-1
-1
-1
-1
-1
-2
-2
-1
-1
-1
-1
-1
-1
-1
-1
-2
-2
-2
-1
-1
-1
-1
-1
-1
-1
-1
-1
-1
-1
-1
-1
-1
-1
-1
-1
-1
-1
-1
-1
-1
-1
0
0
0
0
0
0
0
0
0
1
1
1
1
1
1
1
1
1
1
1
1
1
0
0
0
0
0
0
0
1
1
1
1
2
2
3
4
4
5
6
7
7
7
7
8
8
8
8
7
7
8
7
7
6
7
6
6
5
5
5
5
5
4
3
3
1
1
0
0
0
0
0
-2
-2
-2
-2
-3
-3
-2
-3
-3
-4
-4
-5
-5
-5
-5
-6
-6
-6
-6
-7
-6
-6
-6
-6
-5
-6
-5
-5
-5
-5
-4
-5
-4
-4
-4
-3
-3
-3
-3
-3
-3
-2
-2
-2
-2
-2
-1
-1
-1
-1
-1
-1
-1
-1
-1
-1
-1
0
0
-1
-1
-2
-2
-2
-1
-1
-1
-1
-1
-1
-1
-1
-1
-1
0
0
0
0
0
-1
-1
-1
-1
-1
-1
-1
-1
-1
-2
-2
-2
-2
-1
-1
-1
-1
-1
-1
-1
-1
-2
-1
-1
-1
-1
-1
-1
-1
-1
-1
-1
-1
-1
0
0
0
0
0
0
0
1
1
1
1
0
0
0
0
0
1
1
1
1
0
0
0
0
2
2
2
3
3
3
4
4
5
6
6
7
8
8
8
9
9
10
9
8
8
8
8
8
7
7
6
6
5
5
4
4
4
4
4
3
4
4
3
3
3
3
2
2
2
1
1
0
0
-2
-2
-3
-4
-4
-5
-5
-6
-6
-5
-6
-6
-7
-6
-6
-6
-5
-5
-5
-5
-4
-4
-5
-4
-4
-3
-3
-4
-3
-3
-3
-2
-2
-3
-3
-1
-1
-1
-1
-1
0
0
0
0
-1
-1
0
0
-1
-1
-1
-1
-1
-1
-1
-1
-2
-1
-1
-1
-1
-1
-1
-1
-1
-1
-2
-2
-2
-1
-1
-1
-1
-1
-1
-1
-2
-2
-2
-1
-1
-1
-1
-1
-1
-1
-1
-2
-2
-1
-1
-1
-1
-1
-1
-1
-1
-1
-1
-1
0
0
0
0
0
0
0
0
0
0
0
0
0
0
0
0
0
0
0
0
0
0
0
0
1
1
1
1
1
1
2
2
2
2
1
2
2
1
1
1
1
1
1
0
1
1
1
3
3
3
4
5
6
6
7
8
9
8
8
9
8
8
9
8
8
8
8
8
7
6
7
7
6
6
6
5
5
4
3
3
2
1
1
0
0
0
0
-1
-1
-1
-1
-2
-2
-3
-2
-3
-3
-3
-4
-4
-5
-5
-5
-6
-5
-5
-5
-5
-4
-4
-4
-4
-4
-3
-3
-3
-3
-3
-3
-2
-2
-3
-3
-3
-2
-2
-2
-2
-2
-1
-1
-1
-1
-1
0
0
0
0
-1
-1
-1
-1
-1
-1
-1
-1
-1
-2
-2
-2
-2
-1
-1
-1
-1
-1
-1
-1
-1
-1
-1
-1
-1
-1
-1
-1
-1
-2
-2
-2
-2
-2
-2
-1
-1
-1
-1
-1
-2
-2
-1
-1
-1
-1
-1
-1
-2
-1
-1
-1
-2
-1
-1
-1
-1
-1
-1
-1
-1
0
-1
-1
-1
0
0
0
0
0
0
1
1
1
1
1
1
1
1
1
2
2
2
2
1
1
1
1
1
1
1
1
1
0
0
0
1
1
1
1
1
1
2
2
3
3
3
4
5
5
5
6
6
7
7
7
8
7
8
8
8
7
6
7
6
6
6
6
5
5
5
4
4
3
3
3
2
2
1
0
0
0
-2
-2
-2
-2
-3
-3
-3
-4
-4
-4
-5
-5
-6
-5
-5
-6
-6
-5
-6
-6
-5
-6
-5
-4
-5
-4
-4
-4
-4
-4
-4
-4
-4
-4
-3
-4
-4
-3
-3
-3
-3
-2
-3
-3
-2
-3
-3
-3
-2
-2
-2
-2
-2
-3
-3
-1
-1
-1
0
-1
-1
-1
-1
-1
-1
-1
0
0
-1
-1
-1
-1
0
0
0
0
0
0
-1
-1
-1
-1
-1
-1
-1
-1
-1
-1
-1
-1
-1
0
-1
-1
-1
-1
-1
-1
-1
-1
-1
-1
-1
-1
-1
-1
-1
-1
0
0
-1
0
-1
-1
-1
-1
-1
-1
0
0
0
-1
-1
0
0
1
1
1
1
1
1
1
1
1
1
1
1
0
0
0
0
0
1
1
1
1
2
2
3
3
4
5
5
6
7
7
8
8
9
9
9
8
9
8
7
8
7
6
6
5
6
5
4
5
5
4
4
4
3
3
3
2
2
1
1
1
0
0
-1
-1
-1
-1
-2
-2
-2
-3
-3
-3
-4
-4
-4
-4
-4
-4
-4
-3
-4
-4
-3
-4
-4
-3
-4
-4
-3
-4
-4
-5
-5
-4
-4
-4
-3
-4
-4
-3
-3
-3
-2
-2
-1
-1
-1
-1
-1
-1
0
0
0
0
0
0
0
0
0
0
0
0
0
0
0
0
0
0
0
-1
-1
-1
-1
-1
-1
-1
-1
-1
-1
-1
-1
-1
0
0
0
0
-1
-1
-1
-1
-1
-1
-1
-1
-1
-2
-2
-2
-2
-1
-1
-1
-1
-1
-1
-1
-1
-1
0
-1
-1
-1
-1
-1
-1
-1
-1
-1
-1
-1
0
0
1
1
1
1
1
1
1
1
1
1
1
0
0
0
0
0
0
1
1
1
1
2
2
3
3
4
4
5
6
7
6
7
8
8
8
9
8
9
8
9
8
8
7
7
7
6
6
5
4
5
4
4
3
3
2
2
2
1
1
1
1
1
0
0
-1
-1
-2
-3
-3
-3
-4
-4
-4
-4
-5
-5
-5
-5
-5
-4
-4
-4
-4
-4
-4
-4
-4
-3
-3
-3
-2
-2
-2
-1
-1
-1
-1
-1
-1
-1
-1
-1
-1
-1
-1
-1
-2
-2
-2
-1
-1
-2
-2
-2
-2
-2
-2
-2
-2
-1
-1
-1
-1
-1
0
1
1
1
1
1
0
0
0
0
0
0
0
0
-2
-2
-2
-2
-2
-1
-1
-1
-1
-1
-1
-2
-2
-1
-1
-1
-1
-1
-1
-1
-2
-1
-1
-1
0
-1
-1
-1
-1
-1
-1
-1
-1
0
-1
-1
-1
-1
0
0
0
0
1
1
1
1
1
1
2
2
2
2
1
1
2
1
1
1
0
0
0
-1
-1
-1
0
1
1
1
1
1
2
3
4
5
5
6
6
5
5
6
5
6
6
6
7
6
5
6
5
5
5
6
5
5
4
4
3
2
2
2
1
1
1
1
0
0
-1
-1
-1
-1
-1
-2
-2
-3
-3
-4
-4
-5
-5
-4
-5
-5
-5
-5
-4
-5
-4
-4
-4
-4
-3
-4
-4
-3
-3
-4
-4
-4
-3
-3
-4
-3
-3
-3
-2
-3
-3
-3
-2
-2
-2
-2
-2
-1
-1
-1
-1
-1
0
0
-1
-1
-1
-1
-1
-1
-1
-1
-1
-1
-1
-1
-1
0
0
-1
-1
-1
-1
-1
-1
-2
-2
-2
-2
-2
-2
-2
-1
-1
-1
-2
-2
-2
-1
-1
-1
-1
-1
-1
-1
-1
-1
-2
-1
-1
-1
-1
-1
-1
0
0
0
0
0
0
1
1
1
1
1
1
1
0
0
0
0
0
0
0
0
0
0
0
0
1
1
1
1
2
2
2
3
3
3
3
3
4
3
4
4
5
4
5
6
5
6
6
7
7
6
6
6
6
5
5
4
3
4
3
3
2
2
2
2
1
1
1
1
1
0
-1
-1
-1
-1
-1
-1
-1
-1
-1
-1
-1
-2
-1
-1
-1
-1
-2
-2
-2
-3
-3
-3
-4
-4
-3
-3
-4
-4
-4
-3
-4
-4
-3
-3
-2
-1
-1
-1
-1
0
-1
-1
-1
0
0
0
0
-1
-1
0
0
0
0
1
0
0
0
0
0
0
0
0
-2
-1
-1
-1
-2
-1
-1
-2
-2
-2
-2
-2
-2
-1
-2
-2
-2
-1
-1
-1
0
0
0
0
0
0
0
0
0
0
0
0
0
0
0
-1
-1
-1
-1
-1
-1
-1
-1
-1
-1
-1
-1
-1
0
0
0
0
0
0
0
0
0
0
0
0
0
0
0
0
0
0
0
0
1
1
1
1
1
1
1
1
2
2
2
2
3
2
2
3
4
4
5
5
6
5
6
6
6
6
6
6
6
5
5
5
5
4
4
3
4
4
3
3
3
2
2
2
1
1
1
1
1
0
0
0
0
0
-1
-1
-1
-2
-2
-2
-2
-3
-3
-3
-4
-4
-4
-3
-3
-3
-3
-3
-3
-3
-2
-2
-2
-1
-1
-1
-1
-1
-1
-1
-1
-1
-1
-1
-1
-1
-1
-1
-1
-1
-1
-1
0
0
0
-1
-1
-1
-1
-1
-1
-1
-1
-1
-1
-2
-2
-2
-1
0
0
0
0
0
0
-1
-1
-1
0
0
0
0
-1
-2
-1
-1
-1
-1
-1
-1
-1
0
0
0
0
0
1
0
0
0
0
1
1
1
0
-1
-1
-1
-1
-1
-1
-1
-1
-1
-1
-2
-1
-1
0
0
0
0
1
1
1
1
1
1
2
1
2
2
2
2
2
1
1
1
2
2
2
2
2
1
1
1
0
1
1
1
2
1
1
2
2
2
2
2
3
4
4
4
4
4
4
4
4
4
4
5
5
4
4
3
4
4
3
3
3
2
2
2
0
0
0
0
0
-1
-1
-1
-2
-2
-2
-2
-3
-2
-3
-3
-4
-4
-5
-5
-5
-4
-4
-4
-5
-4
-4
-3
-4
-3
-3
-2
-2
-2
-2
-2
-2
-1
-1
-2
-2
-1
-1
-1
-1
-1
-1
-1
-2
-2
-2
-2
-2
-2
-2
-2
-2
-2
-2
-2
-2
-1
-1
-2
-2
-1
-1
-1
-1
-1
-2
-1
-1
-1
-1
-2
-1
-1
-1
-1
-1
-2
-2
-1
-2
-2
-2
-2
-1
-1
-1
-1
-1
-2
-1
-1
-1
-1
-1
-1
-1
-1
-2
-2
-2
-2
-1
-1
-1
-1
-1
-1
-1
-1
-1
1
1
1
1
1
1
1
1
1
1
1
1
1
0
0
0
0
0
0
0
0
0
0
0
0
0
1
1
1
1
2
2
2
3
3
4
4
5
5
4
5
6
6
5
5
6
5
6
5
5
4
4
4
3
2
2
2
3
2
2
0
0
0
0
0
0
0
0
0
0
-1
-1
-2
-1
-1
-2
-2
-2
-2
-2
-2
-3
-3
-3
-4
-3
-3
-4
-3
-3
-3
-3
-3
-3
-2
-3
-3
-2
-2
-2
-1
0
0
0
0
-1
-1
-1
0
0
0
1
1
1
0
0
0
0
0
1
1
1
1
1
-1
-1
-1
-1
-1
-1
0
1
0
0
0
0
0
1
1
1
1
1
1
0
-1
0
0
0
0
-1
-1
-1
-1
-1
-1
-2
-2
-1
-2
-2
-2
-2
-1
-1
-1
-1
-1
-1
0
0
0
0
0
0
0
0
0
-1
-1
-1
-1
-1
-1
-1
-1
-1
-1
0
0
0
1
1
1
1
1
1
1
1
1
1
0
0
0
0
1
1
1
1
1
1
2
2
2
3
3
4
4
4
4
5
5
6
6
5
5
5
5
5
4
4
4
4
4
4
3
4
4
4
4
3
3
3
3
2
2
1
1
1
0
0
0
0
0
-1
-1
-1
-2
-2
-2
-2
-3
-3
-4
-4
-4
-4
-3
-3
-4
-3
-3
-3
-4
-3
-3
-2
-3
-3
-3
-3
-3
-3
-3
-3
-3
-2
-2
-2
-2
-1
-1
-1
-1
-1
0
0
0
0
0
0
0
1
1
1
1
1
0
0
0
0
0
0
0
0
-1
-2
-2
-2
-2
-1
-1
-1
-2
-2
-2
-2
-2
-2
-1
-1
-1
-1
-1
0
0
1
1
1
1
1
1
1
1
0
0
0
-1
-1
-1
-1
-1
-1
-1
-1
-1
-1
0
0
0
0
0
0
0
0
0
1
1
1
1
1
1
2
2
2
2
2
2
3
2
2
2
2
2
2
1
1
1
1
1
1
0
0
0
0
0
0
0
0
0
1
1
1
2
2
3
3
3
4
4
4
5
5
5
5
5
5
5
4
5
5
4
4
4
4
4
3
3
2
1
1
1
0
0
0
0
0
-1
-2
-2
-2
-1
-1
-2
-2
-3
-3
-3
-3
-3
-4
-3
-3
-4
-4
-4
-3
-3
-2
-2
-2
-3
-3
-2
-2
-2
-1
-1
-1
-1
-1
-1
-1
-2
-1
-1
-1
-1
-1
-1
-1
-1
-1
-1
-1
-1
0
0
0
0
0
0
0
0
0
0
0
0
0
0
0
0
0
0
0
0
0
0
0
0
0
-1
-1
-1
-1
-1
-1
-1
-1
-1
-1
-2
-2
-2
-1
-1
-1
-2
-2
-2
-2
-2
-2
-2
-1
-2
-2
-2
-2
-2
-1
-1
-2
-2
-2
-2
-2
-2
-1
-1
-1
-1
-1
-1
-1
0
-1
-1
-1
-1
-1
-1
-1
-1
-1
-1
-1
-1
-1
0
0
0
0
0
0
0
0
0
0
0
0
0
0
0
0
0
1
1
1
2
2
2
3
3
4
4
4
5
5
4
5
5
5
5
5
4
4
3
4
4
3
3
3
2
2
1
1
1
1
1
1
1
1
1
1
1
0
0
0
0
0
0
-1
-1
-2
-2
-2
-2
-3
-2
-2
-3
-3
-3
-4
-3
-3
-3
-3
-3
-3
-2
-2
-2
-1
-1
-1
0
0
-1
-1
-1
-1
0
0
0
0
0
0
0
0
-1
0
0
0
0
-1
-1
-1
-1
-2
-1
-1
-1
0
0
-1
0
0
0
0
0
-1
0
-1
-1
-1
-1
-1
0
-1
-1
-1
-1
-1
0
0
-1
-1
-1
-1
-1
-1
-1
-1
-1
-1
-1
-1
-1
0
0
0
0
0
0
0
0
-1
-1
-1
-1
-1
-1
0
0
0
0
-1
0
0
1
1
1
2
2
2
1
1
2
2
3
2
2
2
2
2
1
1
1
1
1
0
0
-1
0
0
0
0
-1
0
0
0
0
0
0
1
2
1
1
2
2
3
3
3
4
4
5
5
4
4
5
5
4
5
5
4
4
3
3
2
3
3
3
2
2
2
0
0
0
0
1
0
0
-1
-1
-1
-1
-2
-2
-1
-2
-2
-2
-3
-2
-2
-2
-3
-3
-3
-2
-2
-2
-1
-1
-1
-2
-2
-2
-2
-1
-1
-1
-1
-1
-1
-1
-1
-1
0
0
0
0
0
0
0
0
0
0
0
0
0
0
0
-1
-1
-1
-2
-2
-2
-2
-2
-2
-2
-2
-2
-2
-1
-1
-1
0
0
0
0
-1
-1
-1
-1
-1
-1
-1
-1
-1
-1
-1
-1
-1
0
0
0
0
0
0
0
-1
-1
-1
-1
-1
-1
-1
-1
-1
-1
-1
-1
-2
-1
0
0
0
0
0
0
1
1
1
1
1
2
3
2
2
2
2
2
2
2
2
2
2
2
2
1
1
1
1
1
1
1
-1
0
0
0
0
0
0
0
0
0
1
1
1
2
1
1
1
1
2
2
2
3
3
3
3
3
4
4
5
5
6
5
5
6
5
5
4
4
4
3
4
3
3
2
2
2
1
1
1
0
0
0
0
-1
-1
-1
-1
-1
-1
-1
-1
-1
-1
-1
-1
-2
-2
-2
-2
-3
-3
-3
-3
-3
-3
-2
-3
-3
-2
-2
-2
-2
-1
-1
-1
-1
-1
-1
-2
-1
-1
-1
-1
-1
-1
-1
-1
-1
-1
-1
-1
0
0
0
0
0
0
0
0
0
0
0
0
0
0
0
0
0
0
0
0
0
0
0
0
0
0
0
0
0
0
0
0
0
0
0
0
0
0
0
0
0
0
0
0
0
0
0
0
0
0
0
0
0
0
0
0
0
0
0
-1
-1
-1
-1
-2
-2
-2
-2
-2
-3
-3
-3
-3
-2
-2
-2
-2
-1
-1
-1
-1
-1
-1
-1
-1
-1
-2
-2
-2
-2
-2
-2
-2
-2
-2
-1
-1
-1
-1
0
1
1
1
1
1
1
1
1
2
2
2
2
2
1
1
1
1
2
2
2
2
1
1
1
1
1
2
2
2
2
1
1
1
1
0
0
0
0
0
-1
-1
-2
-2
-2
-3
-3
-3
-2
-2
-3
-3
-3
-4
-4
-3
-3
-3
-2
-2
-2
-2
-2
-1
-1
-1
0
0
0
0
0
0
0
0
0
0
0
0
0
0
0
-1
0
0
0
0
0
0
0
0
0
0
0
0
1
0
0
0
-1
-1
-1
-1
-1
-2
-2
-2
-3
-3
-3
-3
-3
-2
-2
-2
-2
-2
-1
-1
-1
0
0
0
0
0
0
0
0
1
1
1
1
1
2
2
2
2
2
3
3
3
2
2
2
3
3
2
3
3
4
4
3
4
4
4
4
5
4
5
5
4
4
3
4
4
3
4
4
5
4
5
4
4
5
5
5
5
5
6
6
6
5
6
5
5
6
5
6
6
5
5
4
4
4
4
3
3
3
2
1
0
0
0
-1
-1
-2
-3
-3
-3
-4
-4
-4
-4
-4
-4
-4
-4
-4
-5
-4
-5
-5
-4
-5
-5
-5
-6
-6
-7
-6
-6
-5
-6
-6
-6
-7
-6
-6
-6
-5
-6
-5
-6
-6
-7
-6
-5
-6
-5
-6
-6
-6
-6
-5
-5
-4
-5
-4
-4
-5
-4
-4
-3
-3
-2
-2
-2
-2
-2
-1
-1
-1
0
0
0
0
0
0
0
0
0
1
1
1
1
1
1
2
2
2
2
2
2
3
2
2
2
2
2
3
2
2
2
2
2
2
2
2
2
2
3
3
2
2
3
3
3
3
3
3
3
3
3
2
3
3
3
2
2
2
3
3
2
3
3
3
3
2
3
3
3
4
4
4
4
5
4
5
5
6
6
6
7
7
7
7
7
7
7
8
8
8
8
8
8
8
8
7
8
7
7
7
6
5
6
5
5
4
3
3
4
3
3
3
2
2
2
1
1
1
1
1
1
0
0
-1
-1
-1
-1
-1
-2
-2
-2
-2
-3
-3
-3
-4
-3
-4
-4
-4
-4
-4
-4
-4
-5
-4
-5
-5
-5
-5
-4
-5
-5
-5
-4
-4
-3
-1
0
3
6
9
12
15
20
24
28
32
36
40
43
46
49
50
51
52
53
52
51
50
49
47
44
42
39
35
32
29
26
22
19
15
12
9
6
4
1
-1
-2
-4
-4
-5
-5
-5
-4
-4
-4
-2
-2
-1
0
0
2
2
2
3
3
3
3
4
3
3
3
3
2
1
0
0
-2
-3
-4
-5
-8
-9
-11
-12
-14
-16
-18
-19
-22
-23
-25
-27
-28
-29
-31
-31
-33
-34
-33
-33
-34
-34
-34
-34
-34
-35
-35
-35
-36
-37
-37
-38
-39
-40
-40
-40
-40
-41
-41
-41
-42
-42
-42
-42
-42
-42
-41
-41
-43
-43
-42
-42
-43
-42
-42
-41
-40
-40
-40
-40
-40
-38
-38
-37
-36
-35
-34
-33
-32
-32
-31
-30
-28
-27
-27
-25
-24
-23
-21
-20
-19
-18
-17
-16
-14
-14
-12
-11
-10
-9
-7
-6
-5
-4
-3
-1
0
1
3
4
7
8
9
9
11
12
13
15
15
17
18
18
19
19
19
20
21
21
22
23
24
25
25
25
27
27
27
29
29
29
30
30
31
31
31
32
32
32
32
33
32
33
33
32
33
32
31
31
30
30
30
31
-1
0
-75
-163
-266
-387
-450
-524
-597
-666
-728
-780
-830
-876
-919
-881
-826
-754
-661
-622
-569
-514
-460
-411
-369
-328
-289
-251
-216
-184
-153
-124
-97
-71
-47
-25
-4
16
35
53
69
84
99
113
125
137
148
158
167
176
185
192
200
206
213
218
223
228
233
237
242
246
249
252
256
258
261
263
266
268
271
273
276
277
279
282
283
284
284
282
279
274
269
262
254
244
235
224
212
201
189
178
168
158
149
141
133
125
119
112
107
101
95
90
85
80
76
72
68
65
62
58
55
52
50
48
45
43
42
40
39
37
35
34
33
32
31
30
28
28
27
25
25
23
22
22
21
20
20
19
18
19
18
17
17
16
17
16
16
16
15
15
15
14
13
13
13
13
13
12
13
13
13
14
13
13
14
14
14
15
15
15
15
15
14
14
14
13
13
13
12
12
11
10
10
9
8
8
7
6
6
6
5
5
4
4
4
3
2
2
1
1
2
2
0
0
0
-1
-2
-3
-3
-2
-2
-2
-2
-4
-4
-4
-4
-4
-3
-3
-3
-3
-3
-4
-4
-5
-4
-4
-4
-4
-4
-5
-5
-4
-4
-5
-4
-4
-3
-4
-4
-3
-3
-3
-3
-3
-3
-3
-2
-3
-3
-3
-2
-2
-2
-2
-2
-1
-2
-2
-2
-2
-1
-1
-1
-1
-1
-1
-1
-1
-1
-1
-1
-1
-1
-1
0
0
0
0
0
0
0
0
1
1
1
1
1
0
0
0
0
0
0
0
1
1
1
1
1
1
2
2
2
2
2
2
2
1
1
1
1
1
1
1
1
1
1
1
1
1
1
1
1
2
2
2
1
1
1
1
1
1
1
1
2
2
1
1
1
2
3
3
3
4
4
5
5
4
4
5
5
6
5
4
4
4
4
4
3
3
3
3
2
2
1
1
1
1
1
0
1
1
1
1
1
1
1
1
1
1
0
0
0
-1
-1
-1
-1
-2
-1
-1
-1
-1
-2
-1
-1
-1
-1
-2
-2
-2
-1
-2
-2
-2
-2
-1
-1
-1
-1
-1
0
0
0
0
0
0
-1
-1
-1
-1
-1
-1
-1
-1
-1
-1
-1
-2
-2
-1
-1
-1
-1
-1
-1
-1
-1
-1
-1
-1
0
1
1
1
1
0
0
0
-1
-1
-1
-1
-1
-1
-2
-2
-1
-1
0
0
0
1
1
1
1
1
1
0
0
-1
-1
-1
-1
-1
-1
-2
-2
-2
-1
-1
0
0
-1
-1
0
0
0
0
1
1
1
0
0
0
0
1
1
0
0
0
0
-1
-1
-1
-1
-1
-1
-1
-1
0
0
0
0
0
1
1
1
1
1
1
1
1
0
0
0
-1
-1
-1
0
0
0
0
0
0
1
1
2
2
3
4
4
3
4
4
5
5
5
4
5
4
4
4
4
4
4
3
3
2
2
2
2
1
1
1
1
0
0
0
0
0
0
0
0
0
0
0
0
-1
-1
-1
-2
-2
-2
-2
-2
-2
-3
-3
-3
-4
-3
-3
-3
-2
-3
-3
-3
-3
-3
-3
-3
-3
-2
-3
-3
-3
-3
-2
-2
-2
-2
-2
-1
-1
-1
-1
-1
-1
-1
0
0
0
0
0
0
0
0
1
1
2
2
2
1
1
1
1
1
1
0
0
-1
-1
-1
-1
-1
-1
-1
-1
-1
-1
-1
0
0
0
0
0
0
0
0
0
0
0
-1
0
0
0
0
-1
-1
-1
-1
-1
-1
-1
-2
0
-1
-1
-1
-2
-1
-1
-1
-1
-1
-1
-1
0
-1
-1
-1
-1
0
0
0
0
0
0
0
0
0
0
0
0
0
0
0
1
1
1
1
1
2
2
2
3
3
3
4
4
4
4
5
5
5
4
4
5
4
4
5
4
4
3
3
2
2
2
2
2
1
1
1
1
1
1
1
1
1
1
1
1
1
1
0
0
-1
-1
-2
-2
-2
-2
-2
-2
-3
-3
-3
-2
-3
-3
-3
-2
-2
-2
-3
-3
-3
-2
-2
-2
-2
-1
-1
-2
-2
-2
-2
-1
-1
-1
-1
-1
-2
-2
-2
-2
0
0
0
0
0
0
0
0
0
1
1
1
1
0
0
0
-1
-1
-1
-1
-1
-1
-1
-1
-1
0
0
0
0
0
0
0
0
0
0
0
0
0
-1
-1
-2
-2
0
0
0
0
0
-1
-1
-1
-1
-1
-1
0
0
-1
-1
-1
-1
-1
-1
0
0
0
0
0
0
0
0
0
0
0
-1
1
0
0
0
0
0
0
0
0
0
0
0
1
0
0
0
0
0
0
0
0
1
1
1
2
2
2
3
3
4
5
5
6
6
7
8
10
10
12
14
14
16
16
17
19
19
21
21
22
22
23
23
23
24
25
26
26
26
27
26
26
26
25
24
23
23
22
20
19
18
17
16
17
16
15
16
16
16
16
16
16
16
16
16
15
13
13
12
10
10
9
7
6
5
4
3
1
1
1
-1
-2
-3
-5
-6
-7
-8
-9
-10
-11
-11
-12
-12
-12
-12
-13
-13
-13
-14
-14
-15
-15
-15
-15
-15
-16
-17
-17
-16
-16
-15
-14
-14
-13
-13
-13
-13
-13
-13
-12
-12
-12
-12
-13
-14
-14
-14
-14
-13
-13
-13
-13
-13
-13
-13
-13
-12
-11
-11
-11
-11
-12
-11
-11
-11
-10
-10
-9
-9
-9
-9
-8
-7
-7
-6
-6
-6
-5
-6
-5
-5
-5
-5
-4
-5
-5
-4
-4
-5
-4
-4
-3
-4
-4
-3
-3
-3
-3
-3
-4
-4
-4
-4
-4
-4
-3
-3
-3
-3
-3
-2
-2
0
0
2
3
3
4
4
5
5
5
6
6
6
6
6
5
4
4
3
3
2
2
2
1
1
1
0
-1
-1
-1
-1
-1
-1
-1
-1
-2
-2
-2
-2
-2
-1
-1
-1
-1
-1
-2
-2
-3
-2
-2
-3
-3
-3
-3
-3
-4
-4
-4
-4
-4
-3
-4
-4
-3
-4
-4
-5
-5
-5
-5
-5
-5
-5
-6
-5
-6
-6
-6
-7
-6
-6
-6
-6
-7
-7
-7
-7
-7
-7
-7
-7
-6
-6
-7
-6
-7
-6
-5
-5
-4
-4
-3
-3
-2
-1
-1
0
1
2
2
3
3
3
4
4
4
5
4
4
5
4
4
4
3
4
4
3
3
3
2
2
2
1
0
0
-1
-1
-3
-3
-4
-4
-5
-6
-7
-7
-8
-8
-9
-9
-10
-10
-11
-10
-11
-10
-10
-9
-10
-9
-8
-7
-5
-4
-3
-1
0
1
2
5
6
8
9
10
12
12
13
15
15
15
17
17
16
16
17
17
17
16
16
15
14
15
15
14
13
13
13
12
12
12
13
13
14
13
12
12
12
12
11
11
10
10
10
8
8
7
7
6
5
5
5
5
4
4
2
1
1
0
0
-1
-1
-2
-3
-4
-5
-5
-6
-6
-7
-8
-9
-10
-10
-11
-11
-12
-12
-12
-13
-13
-13
-13
-13
-13
-13
-12
-12
-12
-12
-12
-12
-11
-11
-11
-11
-11
-10
-10
-11
-11
-11
-10
-9
-9
-9
-9
-8
-8
-7
-8
-7
-7
-6
-6
-6
-6
-6
-6
-5
-6
-5
-5
-5
-5
-4
-5
-4
-4
-5
-4
-4
-4
-4
-4
-4
-3
-3
-2
-1
-1
0
1
2
3
4
6
7
8
9
10
11
12
13
13
14
14
14
13
13
14
13
13
13
11
11
11
10
9
8
8
8
8
6
6
5
5
5
3
3
3
3
3
1
1
0
0
0
-1
-2
-2
-2
-3
-3
-3
-3
-2
-3
-3
-3
-4
-3
-4
-4
-3
-4
-4
-5
-5
-5
-5
-5
-5
-5
-5
-4
-5
-5
-4
-4
-3
-4
-4
-4
-4
-4
-4
-4
-4
-3
-4
-4
-4
-4
-3
-4
-3
-3
-3
-2
-2
-2
-2
-1
-2
-2
-2
-2
-1
-1
-1
-1
-1
-1
-1
-1
-1
0
0
0
0
0
0
0
0
0
0
0
0
0
0
0
0
0
0
0
0
0
0
0
0
0
0
0
0
0
0
0
0
0
0
0
0
0
0
0
1
1
1
2
2
3
3
4
5
5
6
7
8
7
8
9
9
10
9
10
10
9
10
10
10
10
10
10
10
10
9
10
9
9
9
9
8
7
7
7
6
5
4
5
3
3
2
2
1
1
0
-1
-1
-2
-2
-3
-4
-3
-4
-4
-4
-5
-5
-5
-5
-6
-5
-5
-5
-5
-6
-5
-5
-6
-6
-6
-5
-6
-5
-6
-6
-6
-7
-7
-8
-8
-8
-7
-8
-8
-8
-9
-8
-9
-8
-7
-7
-6
-6
-5
-5
-5
-5
-4
-3
-3
-1
-1
-1
0
1
1
1
1
3
3
3
4
4
3
3
4
4
3
4
4
4
3
3
3
2
2
2
2
1
1
1
0
0
0
0
0
0
0
0
0
0
0
0
0
0
0
0
0
0
0
0
0
0
0
0
0
0
0
0
0
0
1
1
1
2
2
2
2
3
3
4
4
4
4
4
4
4
3
4
4
4
3
3
2
2
2
2
1
2
2
2
1
1
0
0
0
0
0
0
0
0
-2
-2
-2
-3
-3
-2
-2
-2
-3
-3
-4
-4
-4
-4
-4
-4
-3
-3
-3
-3
-3
-2
-2
-1
-1
-2
-1
-1
-1
0
0
0
0
0
0
-1
-1
-1
0
0
0
0
-2
-2
-2
-2
-2
-2
-1
-1
-1
-1
-1
-1
-1
0
0
0
0
0
0
0
0
0
0
0
0
0
0
0
0
0
0
0
0
0
0
0
0
0
0
-1
-1
-1
-1
-1
-1
-1
-1
-1
-1
-1
-1
-2
-1
-1
-1
-1
-1
-1
-1
-1
-1
-1
-1
-1
0
0
0
0
0
0
0
0
0
0
0
0
0
1
1
1
1
2
2
2
3
3
4
4
4
5
4
5
5
6
5
6
6
6
6
5
5
5
5
5
4
4
3
3
2
2
1
1
1
1
1
0
0
0
0
0
0
0
0
0
0
0
-1
-1
-1
-1
-2
-2
-2
-2
-2
-2
-2
-3
-3
-2
-2
-3
-3
-2
-2
-2
-3
-2
-2
-2
-1
-1
-1
-1
-1
-1
-1
-1
-1
-1
-2
-2
-2
-2
-2
-2
-2
-2
-2
-1
-1
-1
0
-1
-1
-1
-1
-1
-1
-1
0
0
-1
-1
-1
-1
0
0
-1
-1
-1
-1
-1
-1
-1
-2
-2
-2
-2
-2
-3
-2
-2
-2
-3
-3
-3
-4
-3
-3
-4
-4
-4
-3
-4
-4
-4
-4
-4
-4
-3
-3
-4
-3
-3
-4
-4
-3
-4
-4
-3
-3
-4
-4
-4
-3
-3
-3
-2
-2
-2
-1
-1
-1
0
1
1
2
2
2
2
3
3
3
4
4
4
4
4
4
3
3
3
3
3
3
3
3
3
3
2
2
3
3
3
3
4
3
3
4
3
4
4
4
4
3
3
3
3
2
2
2
1
2
1
1
1
1
1
1
2
2
2
2
3
3
2
2
2
2
3
3
3
2
2
2
3
2
2
2
2
2
2
1
2
2
2
2
2
1
1
1
2
2
2
2
2
1
1
1
1
1
1
1
1
0
0
-1
-1
-1
-1
-2
-2
-2
-2
-1
-1
-1
0
0
1
1
2
2
3
3
4
4
4
4
5
4
5
5
6
5
6
6
7
6
6
5
6
5
5
5
5
4
4
3
3
2
2
2
1
0
0
0
-1
-1
-1
-1
-2
-2
-2
-2
-2
-1
-1
-1
-1
-1
-1
-1
-1
0
0
0
0
1
1
1
1
1
1
0
0
0
0
0
-1
-1
-2
-2
-3
-3
-3
-3
-2
-3
-3
-3
-3
-2
-2
-3
-3
-2
-2
-2
-3
-3
-2
-2
-3
-3
-3
-4
-3
-3
-3
-3
-3
-3
-3
-3
-3
-3
-3
-3
-2
-2
-3
-3
-3
-3
-2
-3
-3
-3
-2
-2
-2
-2
-2
-1
-1
-1
-1
-1
0
-1
-1
-1
-1
-1
-1
-1
-1
-1
-1
-1
-1
-1
0
0
0
0
0
0
0
1
1
1
1
1
1
1
1
2
2
2
2
2
1
1
1
2
2
2
2
2
1
1
1
1
2
2
2
2
1
1
1
1
0
0
0
0
0
-1
-1
-1
-1
-2
-2
-2
-2
-2
-2
-2
-2
-2
-2
-2
-3
-3
-2
-2
-2
-2
-1
-2
-2
-2
-2
-2
-2
-2
-2
-2
-3
-3
-3
-3
-2
-3
-2
-2
-2
-2
-1
-1
0
1
2
2
2
2
3
3
3
3
3
3
3
3
3
2
2
2
2
3
2
2
2
2
2
3
2
2
2
2
1
1
0
0
0
0
0
0
-1
-1
-1
-2
-2
-1
-2
-2
-2
-2
-2
-2
-2
-2
-2
-2
-1
-1
-2
-1
-1
-1
-1
-1
-2
-2
-2
-2
-2
-2
-2
-1
-1
-2
-1
-1
-1
0
0
0
1
1
1
1
1
1
2
1
1
1
0
0
0
-1
-1
-1
0
0
0
0
0
1
1
2
2
2
2
2
2
1
1
1
1
1
0
0
0
0
0
0
0
-1
-1
-1
-1
-1
-1
-1
-1
-1
-1
-2
-2
-2
-1
-1
-1
-1
-1
-1
-1
-1
-1
-1
1
1
1
1
1
1
2
2
2
2
3
3
3
3
3
4
5
5
5
5
5
5
5
5
5
6
5
6
5
5
6
6
6
7
8
9
9
10
10
11
11
12
11
11
12
12
12
11
11
11
11
10
9
9
8
8
8
6
5
4
4
3
2
0
0
-1
-3
-3
-4
-6
-6
-7
-8
-8
-9
-11
-10
-12
-11
-11
-12
-12
-11
-11
-11
-10
-11
-10
-8
-9
-7
-7
-7
-6
-5
-5
-5
-4
-4
-3
-4
-4
-3
-4
-4
-4
-5
-6
-7
-7
-7
-8
-9
-9
-9
-10
-10
-11
-10
-10
-9
-9
-9
-9
-9
-8
-8
-8
-8
-7
-7
-7
-6
-7
-6
-6
-6
-6
-6
-6
-6
-5
-6
-5
-5
-5
-5
-5
-4
-5
-4
-4
-3
-4
-4
-3
-4
-4
-5
-4
-4
-5
-4
-4
-4
-4
-3
-3
-4
-3
-3
-2
-1
-1
0
0
0
0
1
1
1
2
3
3
4
3
4
4
5
5
6
5
6
6
6
6
6
5
5
5
5
5
5
5
5
4
5
6
5
6
6
7
6
7
6
7
6
7
7
6
6
6
5
6
5
5
5
5
4
4
3
3
4
3
3
3
2
2
3
2
2
3
3
3
3
2
2
2
2
3
3
2
2
2
2
2
2
2
2
2
2
2
1
1
1
1
1
0
0
0
0
-1
0
0
0
0
0
-1
-1
-1
-1
-1
-1
-1
-1
-2
-2
-2
-2
-2
-1
-1
-1
-1
-1
-1
-2
-1
-1
-1
-1
-1
-1
0
0
0
0
0
0
1
2
2
2
2
2
2
2
2
2
2
2
2
2
1
2
2
2
2
2
1
0
1
1
1
1
0
0
0
0
0
0
-1
-1
0
-1
-1
-1
-1
0
-1
-1
-1
-1
-1
-1
-1
-1
0
0
0
0
0
1
0
0
0
0
1
1
1
0
-1
-1
-1
-1
-1
-1
-1
-1
-1
-1
-1
0
0
1
2
2
2
2
3
3
3
3
3
4
3
3
3
2
2
2
2
1
1
1
1
1
0
0
0
0
0
1
1
1
1
1
1
1
1
1
1
1
1
1
0
0
0
0
0
0
0
0
0
0
0
0
0
0
0
1
1
1
1
1
1
1
1
1
1
1
1
1
-1
-1
-1
-1
-1
-1
-1
-1
-1
-1
-1
-1
-2
-1
-1
-1
-1
-2
-2
-2
-3
-3
-3
-3
-4
-3
-3
-3
-3
-3
-2
-2
-2
-2
-2
-2
-2
-1
-1
-1
-1
-1
-2
-2
-2
-2
0
0
0
0
0
-1
-1
-1
-1
0
0
0
-1
-2
-2
-2
-2
-2
-1
-1
-1
-1
-1
-1
-1
1
1
1
1
1
1
1
1
1
0
1
1
1
0
-1
0
0
0
0
0
0
0
1
0
0
1
1
2
1
0
0
0
0
0
0
0
0
0
-1
-1
-1
-1
1
1
1
2
2
1
2
2
2
2
2
2
3
2
2
2
1
1
2
1
2
2
2
2
2
1
1
1
1
2
2
2
2
1
1
0
0
0
0
0
1
1
0
0
0
-1
-1
-1
0
-1
-1
-1
-1
-2
-2
-2
-2
-2
-1
-1
-2
-1
0
0
0
0
0
0
0
0
0
0
0
1
0
1
1
1
1
1
1
1
1
1
1
1
1
1
0
0
0
0
0
0
0
-1
-1
-1
-2
-1
-1
-1
-1
-1
-1
-2
-2
-2
0
0
0
1
1
2
3
3
4
5
8
9
10
10
11
13
14
14
15
15
17
17
18
17
18
19
20
21
20
21
22
21
22
22
23
23
23
23
23
22
21
22
21
21
21
20
19
18
17
17
15
14
13
13
11
10
9
8
7
6
5
4
3
3
2
1
0
-1
-1
-3
-3
-4
-5
-6
-7
-8
-9
-11
-11
-12
-13
-14
-15
-16
-17
-17
-17
-18
-18
-19
-18
-19
-20
-19
-20
-20
-21
-21
-21
-22
-22
-22
-22
-23
-23
-22
-23
-22
-22
-21
-21
-21
-19
-18
-19
-18
-17
-16
-15
-14
-14
-12
-12
-10
-10
-10
-9
-7
-6
-5
-5
-5
-4
-2
-2
0
0
1
2
2
3
3
4
6
6
7
7
7
7
8
8
8
8
7
8
7
7
8
7
7
7
7
6
6
6
6
6
6
7
6
5
6
5
5
4
4
4
4
4
3
2
1
1
1
0
0
0
-1
-1
-1
-2
-2
-1
-2
-2
-2
-3
-3
-4
-4
-4
-4
-4
-5
-5
-6
-5
-6
-6
-5
-6
-5
-5
-5
-5
-5
-5
-5
-4
-4
-3
-4
-4
-3
-3
-4
-3
-3
-3
-2
-2
-2
-2
-2
0
0
0
0
1
1
0
0
0
0
0
0
0
-1
-2
-2
-2
-3
-3
-2
-3
-3
-3
-4
-4
-4
-4
-3
-4
-4
-3
-3
-3
-2
-2
-2
-1
-1
-1
0
0
1
2
2
2
2
2
3
3
3
3
3
2
3
3
2
2
2
2
3
2
2
2
2
2
2
1
1
1
1
1
1
0
0
0
0
0
-1
-1
-1
-1
-1
-1
-1
-1
-1
-1
-1
-1
-1
0
0
0
1
1
1
1
1
1
1
1
2
2
2
2
2
1
1
1
1
1
1
1
2
1
1
1
1
1
1
1
1
1
1
1
1
0
0
-1
-1
-1
-1
-1
-1
-1
-1
-1
-1
-2
-2
-2
0
0
0
0
0
0
0
-1
-1
-1
0
0
0
-1
-1
-1
-1
-1
0
0
1
1
1
0
0
0
0
0
0
0
1
0
0
0
0
0
1
1
1
1
1
1
1
-1
-1
-2
-3
-3
-4
-4
-5
-6
-7
-7
-8
-9
-9
-9
-9
-9
-9
-9
-10
-9
-9
-9
-10
-10
-10
-9
-10
-9
-9
-9
-9
-8
-9
-8
-8
-7
-6
-6
-6
-5
-5
-4
-4
-3
-3
-2
-2
-1
-1
-1
0
1
1
1
2
2
3
3
4
4
4
5
5
6
6
6
7
7
7
7
8
7
8
9
8
9
8
8
9
8
8
8
7
7
7
6
5
6
5
5
4
3
3
2
2
2
1
1
1
1
0
0
0
0
0
-1
-1
-1
-1
-1
-2
-2
-2
-2
-3
-3
-3
-3
-2
-2
-2
-2
-2
0
0
0
1
2
3
4
5
6
7
8
9
11
11
12
14
14
15
16
16
17
17
17
17
17
16
17
17
16
16
16
15
15
14
14
13
13
13
12
11
10
10
9
8
8
7
6
5
5
3
2
2
1
0
-1
-1
-2
-4
-4
-5
-5
-6
-6
-7
-7
-8
-8
-9
-10
-9
-9
-10
-10
-11
-11
-11
-11
-12
-12
-12
-12
-12
-13
-13
-13
-12
-12
-12
-11
-11
-10
-9
-9
-8
-8
-7
-6
-6
-6
-5
-4
-4
-3
-3
-2
-1
-1
1
1
1
3
3
3
3
4
5
6
5
6
7
7
7
8
8
9
9
10
9
8
8
8
7
7
6
6
6
5
4
4
3
4
4
4
4
5
4
4
5
4
4
4
4
4
3
3
2
2
2
2
1
0
0
0
0
-1
-1
-1
-2
-2
-3
-4
-4
-4
-4
-5
-5
-6
-6
-6
-7
-7
-8
-8
-8
-9
-9
-9
-9
-9
-9
-8
-9
-9
-8
-7
-7
-8
-7
-6
-7
-6
-7
-6
-7
-6
-6
-6
-7
-7
-6
-7
-8
-7
-8
-7
-8
-7
-7
-7
-7
-7
-6
-6
-5
-5
-5
-4
-5
-4
-4
-5
-4
-4
-3
-3
-4
-4
-3
-3
-3
-3
-3
-3
-2
-2
-1
-1
-1
0
0
0
0
0
1
2
2
2
2
2
2
2
3
3
3
3
3
3
2
2
3
3
2
3
3
2
2
2
2
2
2
2
3
2
2
2
1
1
2
2
2
2
2
2
2
1
1
1
1
2
2
1
1
1
1
1
1
1
1
1
1
1
0
0
0
0
0
0
1
1
1
1
1
1
1
1
1
1
1
1
1
0
1
1
1
1
1
1
1
1
1
1
1
1
1
0
0
0
1
1
1
1
1
2
2
3
3
3
4
4
4
3
3
4
4
4
3
3
2
2
3
2
2
2
2
2
1
2
2
2
2
2
2
1
1
1
1
2
2
2
1
1
1
1
1
0
0
0
-1
-1
-2
-2
-2
-2
-2
-2
-2
-2
-2
-2
-2
-1
-1
-1
0
0
0
0
0
0
0
1
1
0
0
0
0
-1
-1
-1
-1
-1
-1
-1
-1
-1
-1
-1
-1
-1
-1
-1
-1
-1
-1
-1
-1
-1
-1
0
0
0
0
0
0
0
0
0
-1
-1
-1
-1
-1
-1
-1
-1
-1
-1
-1
-1
-1
0
1
1
1
1
1
1
0
0
0
0
0
1
0
-1
-1
-1
-1
-1
-1
0
0
0
0
0
-1
0
0
0
0
1
1
1
1
1
1
1
1
1
1
1
0
0
-1
-1
-1
-1
-1
-1
-1
-1
0
0
0
2
2
2
2
2
3
3
4
4
4
4
4
4
3
3
3
3
3
2
2
1
1
2
1
1
1
1
1
1
1
1
1
1
1
1
0
0
0
0
-1
-1
-1
-1
-1
-1
-1
-2
-1
-1
-1
-1
-2
-1
-1
-1
-1
-2
-2
-2
-1
-2
-2
-2
-2
-1
-1
-1
-1
-1
0
0
0
0
0
0
0
0
0
0
0
0
0
1
1
1
1
1
0
0
0
0
0
-1
-1
-1
-2
-2
-2
-2
-2
-1
-2
-2
-2
-2
-1
0
0
0
0
-1
-1
-1
-1
0
0
0
0
0
-2
-2
-2
-2
-1
-1
-1
-1
-1
-1
-1
0
0
1
1
0
0
0
0
0
0
0
0
0
-1
-2
-1
-1
0
0
-1
-1
-1
0
0
0
0
0
1
1
1
1
1
2
2
2
1
1
1
1
1
0
0
0
0
0
-1
-1
-1
0
0
0
0
0
1
0
1
1
2
3
4
4
3
3
3
4
4
4
4
3
3
2
3
2
2
2
2
2
1
1
1
1
1
1
1
0
0
0
0
0
0
0
-1
-1
-1
-1
-1
-1
-1
-1
-1
-1
-1
-1
-2
-1
-1
-1
-1
-2
-2
-2
-2
-2
-2
-2
-2
-1
-1
-1
-1
-1
0
0
0
0
0
0
0
0
0
0
0
0
0
0
0
0
0
0
0
0
0
0
-1
-1
-1
-2
-1
-1
-1
-1
-1
-1
-1
-1
-1
-1
0
0
1
0
0
-1
-1
-1
-1
-1
-1
-1
0
-2
-2
-2
-2
-2
-1
-1
-1
-1
-1
-1
0
0
1
1
1
1
1
1
1
1
1
1
1
0
0
0
-1
-1
-1
-1
-1
-1
-1
-1
-1
-1
-1
-1
-1
0
1
1
1
1
1
1
1
1
2
2
2
2
2
1
1
1
2
2
2
2
2
1
1
1
1
1
2
2
3
2
2
2
2
2
2
2
2
2
2
1
1
0
0
0
0
0
0
0
0
0
0
1
1
0
0
0
0
0
0
0
0
0
0
0
-1
-2
-1
-1
-1
-2
-2
-2
-2
-3
-3
-2
-2
-2
-1
-1
-1
-1
-1
-1
-1
-1
0
0
-1
-1
-1
-1
-1
-1
-1
1
1
1
1
1
1
1
1
1
1
1
1
1
0
0
0
0
0
0
0
-1
-1
-1
-1
-1
-1
-1
-1
-1
-1
-2
-2
-2
-1
0
0
0
0
0
0
0
0
0
1
2
2
2
1
1
0
0
0
0
-1
0
0
0
-1
-2
-2
-2
-2
-1
-2
-1
-1
0
-1
-1
-1
-1
0
0
1
1
1
2
1
1
1
1
1
1
1
1
1
0
0
0
0
0
0
0
0
0
-1
-1
-1
-1
-1
0
0
0
0
1
1
1
1
2
3
3
3
3
3
3
3
3
2
2
3
3
3
2
2
2
2
1
1
1
1
1
1
0
0
0
0
0
0
0
0
0
0
0
0
0
0
-1
-1
-1
-1
-1
-1
-1
-1
-1
-1
-1
-1
-2
-1
-1
-1
-1
-2
-2
-2
-2
-2
-2
-2
-2
-1
-1
-1
-1
-1
0
0
0
0
0
0
0
-1
-1
-1
-1
-1
0
0
0
0
-1
-1
-1
-1
0
-1
-1
-1
-1
-2
-2
-2
-2
-1
-1
-1
-1
0
1
1
1
1
1
1
1
1
2
2
2
2
0
0
0
0
-1
-1
-1
-1
-1
-2
-2
-2
-2
-1
-1
-1
-1
0
0
0
0
0
0
1
1
1
1
1
1
1
1
1
1
1
1
2
0
0
0
0
0
0
0
1
1
1
1
0
-1
0
0
0
0
0
0
0
-1
-1
-1
-1
0
0
0
0
1
1
1
1
2
2
2
2
2
3
3
3
3
2
3
3
3
3
3
3
3
3
2
2
2
2
2
1
1
1
0
0
0
0
0
0
0
0
0
0
0
0
0
-1
-1
-1
-1
-2
-2
-2
-2
-2
-2
-2
-3
-3
-2
-2
-2
-3
-2
-2
-2
-2
-2
-2
-2
-1
-1
-1
-1
-1
0
0
0
0
0
0
0
0
0
0
0
0
0
0
0
0
0
0
0
0
0
0
0
0
0
-1
-1
-1
-1
-1
-1
-1
-1
-2
-2
-2
-2
-1
0
0
0
0
0
0
0
0
2
2
2
2
1
1
1
1
1
1
0
0
0
0
0
0
0
-1
-1
-1
-1
-2
-2
-1
-1
-1
-2
-2
-2
-2
-1
-1
-1
0
1
1
1
1
1
1
1
1
2
2
2
2
1
1
1
1
0
0
0
0
0
0
0
-1
-1
-1
-1
0
0
1
1
2
2
3
2
2
3
3
3
3
2
2
2
2
1
1
0
0
0
0
0
0
1
1
1
1
1
1
1
1
1
1
0
0
0
-1
-1
-1
-1
-2
-2
-2
-2
-2
-3
-2
-2
-2
-2
-2
-3
-2
-1
-1
-1
-1
-1
0
0
0
0
0
0
1
0
0
0
0
0
0
0
0
0
0
0
0
1
1
1
1
0
0
0
0
0
-1
-1
-1
-1
-2
-2
-2
-2
-1
-1
-2
-2
-2
-1
0
0
0
0
0
0
0
0
0
1
1
1
2
0
0
0
0
0
0
0
0
0
1
1
0
-1
0
0
0
-1
-1
0
0
0
0
-1
-2
-1
-1
-1
-1
0
1
1
0
0
0
0
0
1
2
2
2
2
1
1
1
1
1
1
1
2
2
1
1
1
1
1
1
1
1
1
1
1
0
0
0
0
0
1
1
1
1
1
1
1
1
1
1
1
1
1
0
0
0
0
0
0
0
0
0
0
0
0
0
0
0
0
0
0
0
0
0
0
0
0
-1
-1
-1
-1
-1
-1
-2
-2
-2
-2
-2
-3
-3
-2
-2
-2
-2
-2
-2
0
0
0
0
0
1
1
1
1
1
1
1
1
0
0
0
0
0
1
1
1
1
1
1
1
1
1
1
1
1
1
0
0
0
0
0
0
0
0
0
0
-1
-1
-1
-1
-2
-2
-2
-2
-2
-2
-2
-2
-2
-1
-1
-1
-1
0
0
1
1
1
1
1
1
1
1
1
1
1
1
1
-1
-1
-1
-1
-1
-1
-1
-1
-1
-1
-1
-2
-2
-1
-1
-1
-1
-1
-1
-1
-1
-1
-1
0
1
1
1
1
1
1
1
1
1
2
2
2
1
1
1
1
1
1
1
2
2
2
2
2
2
2
2
2
2
2
3
3
2
2
2
1
1
1
1
1
1
1
1
0
0
0
-1
-1
-1
-1
-1
-1
-1
-1
-1
-1
-1
-1
-1
0
0
0
0
0
0
0
0
0
0
0
0
0
0
0
0
0
0
0
0
0
0
0
0
0
0
0
0
0
0
0
0
0
0
0
0
0
-1
-1
-1
-1
-2
-2
-2
-2
-3
-3
-3
-3
-3
-2
-2
-2
-2
-1
-1
-1
-1
0
0
1
1
1
1
1
1
0
0
0
0
0
0
0
-1
-1
-1
-1
-1
-1
0
0
-1
-1
-1
-1
-1
-1
-1
-1
-1
-1
-1
-1
-1
1
1
1
1
1
1
1
1
1
1
2
2
2
1
1
1
1
1
1
1
2
2
2
1
1
1
1
1
1
1
1
1
1
0
-1
0
0
0
0
0
0
0
0
0
1
1
1
2
1
1
1
1
1
1
1
1
1
0
0
0
0
1
1
1
1
1
1
1
1
1
1
1
1
1
0
0
0
0
0
0
0
0
0
0
0
0
0
0
0
0
0
0
0
0
0
0
0
0
0
0
0
0
0
0
0
0
0
0
0
0
0
0
0
0
0
0
0
-1
-1
-1
-1
-1
-1
-1
-1
-1
-1
-1
-1
-1
0
0
0
0
0
0
0
-1
-1
-1
-1
-1
-2
-2
-2
-2
-2
-2
-3
-3
-2
-2
-2
-2
-2
0
0
0
0
0
0
1
0
0
0
0
0
0
-2
-2
-1
-1
-1
-1
-2
-1
-1
-1
-1
-1
-1
0
0
-1
-1
-1
-1
0
0
0
1
1
1
1
1
1
1
1
1
2
2
2
2
1
1
0
0
0
1
1
1
1
0
0
1
1
1
1
2
2
2
1
2
2
2
2
2
1
1
1
1
1
1
1
1
0
0
0
0
0
0
0
0
0
0
0
0
1
1
1
1
1
0
0
0
0
0
0
-1
-1
-2
-2
-3
-3
-3
-2
-2
-2
-3
-3
-3
-2
-2
-1
-1
0
0
0
0
0
0
1
1
1
1
1
0
0
0
0
0
0
0
0
0
1
1
1
1
1
1
1
1
1
1
1
0
0
-1
-1
-1
-1
-1
-1
-1
-1
-2
-2
-2
-1
-1
-1
-1
-1
-1
-1
-1
-1
-1
0
0
0
1
1
1
1
1
1
1
1
1
1
1
1
1
0
0
0
1
1
1
1
1
1
1
1
0
0
0
0
0
-2
-1
-1
-1
-1
-1
-1
-2
-1
-1
-1
-1
-1
0
-1
-1
-1
-1
-1
-1
0
0
1
1
1
1
1
1
1
1
1
1
1
1
2
1
1
1
2
2
2
2
2
2
3
3
3
2
2
2
2
1
1
1
1
1
1
0
0
0
0
0
0
0
0
-1
-1
-1
-1
-1
-1
-1
-1
-2
-2
-1
-1
-1
0
0
0
0
0
0
0
0
1
1
0
0
0
0
0
0
0
0
0
0
0
0
0
0
0
0
0
0
0
0
0
0
0
0
0
0
0
0
0
0
0
0
0
0
0
0
0
0
-1
-1
-1
-1
-2
-2
-2
-2
-2
-2
-2
-2
-2
-1
-1
-2
-2
-1
-1
-1
-1
-1
-1
0
0
0
0
0
1
1
1
1
1
1
1
1
-1
-1
-1
-1
0
0
0
0
0
0
0
0
0
1
1
1
1
0
0
0
0
0
0
0
-1
-1
-1
-1
-1
0
0
0
0
0
0
0
0
1
1
1
1
2
1
1
2
2
2
2
2
3
3
3
4
4
4
5
5
5
5
5
5
6
5
6
6
5
6
5
4
5
4
4
4
4
3
4
3
3
2
1
1
1
0
0
-1
-1
-1
-2
-3
-3
-3
-2
-3
-3
-4
-4
-4
-4
-4
-4
-4
-4
-5
-5
-5
-5
-5
-4
-5
-5
-4
-4
-4
-4
-4
-3
-3
-3
-2
-2
-2
-2
-2
-2
-2
-2
-1
-1
-1
-1
-1
-1
-1
-2
-1
-1
-1
-2
-2
-2
-2
-2
-3
-2
-2
-2
-1
-2
-2
-2
-1
0
0
0
0
1
0
0
0
1
2
2
2
2
1
1
1
2
2
2
2
2
0
0
0
0
0
0
0
0
-1
-2
-2
-2
-2
-1
-1
-1
-1
-1
-1
-1
-1
0
1
1
1
1
1
1
1
1
1
2
2
2
1
1
1
1
1
1
1
1
1
1
0
0
0
0
0
0
0
0
0
0
1
1
1
2
2
2
2
2
2
3
3
3
4
3
3
3
3
3
3
3
3
4
3
3
3
2
2
2
2
1
1
1
1
0
-1
-1
-1
-1
-1
-1
-1
-1
-1
-2
-2
-2
-1
-2
-2
-2
-2
-3
-3
-3
-3
-3
-2
-2
-2
-2
-1
-2
-2
-2
-1
-1
-1
-1
-1
-1
-1
-1
-1
-1
-1
-1
-1
-1
-1
-1
-1
-1
-2
-2
-2
-2
-3
-2
-2
-2
-2
-2
-3
-2
-2
-1
-1
-1
-1
0
0
0
0
0
0
1
0
0
0
0
-1
-1
-1
-1
-1
-1
-1
-1
-1
-1
-1
-1
-1
0
1
1
1
1
1
1
0
0
1
1
1
1
1
0
0
0
1
1
1
2
2
1
1
1
1
1
1
1
1
0
-1
0
0
0
0
-1
-1
-1
-1
0
0
0
0
1
0
0
0
0
1
2
2
2
1
1
1
2
2
2
2
3
3
3
2
2
2
3
3
3
2
2
2
2
1
1
1
1
1
1
0
0
0
-1
-1
-1
-1
-1
-1
-1
-1
-1
-1
-1
-2
-2
-1
-1
0
0
0
0
0
0
0
0
0
1
1
1
1
0
0
0
0
0
0
0
0
0
0
0
0
0
0
0
0
0
0
0
0
0
0
0
0
0
-1
-1
-1
-1
-1
-1
-2
-2
-2
-2
-3
-2
-2
-1
-1
-1
-2
-2
-2
-1
-1
-1
-1
0
0
0
0
0
0
1
1
1
1
1
0
0
-1
-1
-1
-1
-1
-1
-1
-1
-2
-2
-1
-1
-1
-1
-1
-1
-1
-1
-1
-1
-1
0
1
1
1
1
1
1
1
1
1
2
2
2
2
1
1
1
1
1
1
1
2
2
1
1
1
1
1
1
1
1
1
1
1
0
0
0
0
1
1
1
1
1
1
1
1
1
1
1
1
1
0
0
0
0
0
0
0
0
0
0
0
0
0
-1
-1
-1
-1
-1
-2
-2
-2
-2
-2
-2
-2
-3
-2
-2
-2
-2
-2
-1
-1
-1
-1
-1
-1
-1
0
0
0
0
0
0
0
0
0
1
1
1
1
1
1
1
1
1
1
1
1
1
0
0
1
1
1
1
1
1
1
0
0
0
0
0
0
-1
-1
-1
-1
-1
-1
-2
-1
-1
-1
0
0
0
0
0
0
0
0
0
1
1
1
1
0
1
1
1
1
1
1
1
0
0
0
0
0
0
-1
-2
-2
-2
-2
-2
-2
-1
-1
-1
-1
-1
-1
-1
0
0
0
0
0
0
0
0
0
0
0
0
1
1
1
1
1
1
1
1
1
1
1
1
2
1
1
1
1
1
1
1
1
1
1
1
1
0
0
0
0
0
0
1
1
1
1
1
1
1
1
1
1
1
1
1
0
0
0
0
0
0
0
0
0
0
0
0
0
0
0
0
0
0
0
0
0
0
0
0
0
0
0
0
0
0
0
0
0
0
0
0
0
0
0
0
0
0
0
0
0
0
0
0
0
0
0
-1
-1
-1
-1
-1
-1
-1
-1
-2
-2
-2
-2
-2
-1
-2
-2
-2
-2
-1
-1
-1
0
0
0
0
0
0
1
1
1
1
0
0
0
0
0
0
0
0
0
0
0
0
0
-1
-1
-1
-1
-1
-1
-1
-1
-1
-1
-1
-1
-1
-1
-1
0
0
0
0
0
0
0
0
0
0
1
2
2
1
1
1
1
1
1
1
1
1
1
0
0
1
1
1
1
1
1
1
1
1
1
1
1
1
0
0
0
0
0
1
1
1
1
1
1
1
1
1
1
1
1
1
0
0
0
0
0
0
0
0
0
0
0
0
0
0
0
0
0
0
0
0
0
0
0
0
0
0
0
0
0
0
0
0
0
0
0
0
0
0
0
0
0
0
0
-1
-1
-1
-1
-1
-1
-1
-1
-1
-2
-2
-2
-2
-1
-1
-1
-1
-1
-1
-1
-1
-1
0
0
0
0
0
0
0
0
0
0
0
0
1
1
1
1
1
1
1
1
0
0
0
0
0
-1
-1
-1
-1
-1
-1
-1
-1
-1
-1
-1
-1
-1
-2
-1
-1
-1
-1
-1
-1
-1
0
0
0
0
1
2
1
1
1
1
1
1
1
1
1
1
1
0
1
1
1
1
1
1
1
1
1
1
1
1
1
0
0
0
0
0
0
1
1
1
1
1
1
1
1
1
1
1
1
1
0
0
0
0
0
0
0
0
0
0
0
0
0
0
0
0
0
0
0
0
0
0
0
0
0
0
0
0
0
0
0
0
0
0
0
0
0
0
0
0
0
0
0
0
0
0
0
0
0
0
0
0
0
0
0
0
0
0
0
0
0
0
0
0
0
0
0
-1
-1
-1
-1
-2
-2
-2
-2
-2
-2
-3
-3
-3
-2
-2
-2
-2
0
0
0
0
0
0
1
1
1
1
1
1
1
0
0
0
0
0
1
1
1
1
1
1
1
0
0
0
0
0
0
-1
-1
-1
-1
0
0
0
1
1
1
0
0
0
0
0
0
0
-1
-1
-1
-1
-1
-1
-1
-1
-1
-1
0
0
0
0
0
0
0
0
0
1
1
1
1
0
0
0
0
0
1
1
1
2
2
2
2
2
2
2
2
2
2
1
1
1
0
0
0
0
0
0
0
0
0
0
0
1
1
1
1
0
0
0
0
0
0
0
0
0
-1
-1
-1
-1
0
0
0
0
0
0
0
0
0
0
0
0
0
0
0
0
0
0
0
0
0
0
0
0
0
0
0
0
0
0
0
0
0
0
0
0
0
0
0
0
0
0
0
0
0
0
-1
-1
-1
-1
-1
-1
-1
-1
-1
-2
-2
-2
-2
-1
-1
-2
-2
-2
-2
-2
-2
-2
-1
0
0
0
0
0
1
1
1
1
1
1
1
1
0
0
0
0
0
1
1
1
1
1
1
1
1
1
1
1
1
1
0
0
0
0
0
0
1
1
1
1
1
1
0
0
0
0
0
-1
-1
-2
-2
-1
-1
-1
-1
0
0
0
0
1
2
2
2
2
1
1
1
1
1
1
1
1
0
0
0
0
0
0
0
0
0
0
0
0
0
0
0
0
0
0
-1
-1
-1
-1
-1
-1
-1
-1
-1
-2
-2
-2
-2
-1
-1
-1
-1
-1
-1
-1
-1
0
1
1
1
1
1
1
1
1
1
1
1
1
0
0
0
0
0
0
0
0
0
0
0
0
0
0
0
0
0
0
0
0
0
0
0
0
0
0
0
0
0
0
-1
-1
-1
-1
-1
-1
-1
-1
-1
-1
-1
-1
-1
0
-1
-1
-1
0
0
0
0
0
0
0
0
0
0
1
1
1
0
0
0
0
0
0
1
1
1
1
1
1
1
1
1
1
1
1
1
0
0
0
0
0
0
1
1
1
1
1
1
1
1
1
0
0
0
0
-1
-1
-1
-1
-1
-1
-1
0
0
1
1
2
2
2
2
2
2
2
2
2
1
1
1
1
0
0
0
0
0
0
0
0
0
0
0
0
0
0
0
0
0
0
0
0
0
0
0
-1
-1
-1
-1
-1
-1
-1
-1
-1
-2
-2
-2
-2
-1
-2
-2
-2
-2
-2
-2
-2
-2
-1
-1
-1
-1
-1
0
1
1
1
1
1
1
1
1
1
1
1
1
1
0
0
-1
-1
-1
-1
-1
-1
-1
-1
0
0
0
0
0
1
1
1
1
1
1
1
1
0
0
0
0
0
0
0
0
0
0
0
0
0
0
0
-1
-1
-1
-1
-1
-1
-1
-1
-1
-1
-1
-1
-1
0
0
0
0
-1
-1
-1
-1
-1
-1
0
0
0
0
0
0
0
1
1
1
1
1
1
0
0
1
1
1
1
1
1
1
1
1
1
1
1
1
0
0
0
0
0
0
0
1
1
1
1
1
1
1
1
1
1
1
1
1
0
0
0
0
0
0
0
0
0
0
0
0
0
0
0
0
0
0
0
0
0
0
0
0
0
0
0
0
0
0
0
0
0
0
0
0
0
0
0
0
0
0
0
0
0
0
0
0
0
0
0
0
0
0
0
0
0
0
0
0
0
0
0
0
0
0
0
0
0
0
0
0
0
0
0
0
0
0
0
0
0
0
0
0
0
0
0
0
0
0
0
0
0
0
0
0
0
0
0
0
0
-1
-1
-1
-1
-1
-2
-2
-2
-2
-2
-2
-2
-3
-2
-2
-2
-2
-1
0
0
0
0
0
0
0
1
1
1
1
1
0
0
0
0
0
0
1
1
1
1
1
1
1
1
1
1
1
1
1
0
0
0
0
0
0
1
1
1
1
1
1
1
1
1
1
1
1
1
0
0
0
0
0
0
0
0
0
0
0
0
0
0
0
0
0
0
0
0
0
0
0
0
0
0
0
0
0
0
0
0
0
0
0
0
0
0
0
0
0
0
0
0
0
0
0
0
0
0
0
0
0
0
0
0
0
0
0
0
0
0
0
0
0
0
0
0
0
0
0
0
0
0
0
0
0
0
0
0
0
0
0
0
-1
-1
-1
-1
-1
-1
-1
-2
-2
-2
-2
-2
-2
0
0
0
0
-1
-1
-1
0
0
0
0
0
0
-1
-1
-1
-1
0
0
1
1
1
1
1
1
1
1
1
1
1
1
1
0
0
0
0
0
0
0
-1
0
0
0
0
0
0
0
-1
-1
-1
-1
-1
0
-1
-1
-1
0
0
0
0
1
1
1
1
1
1
1
2
2
1
1
1
1
1
0
0
0
0
1
1
0
0
0
0
0
0
0
1
1
1
1
0
0
0
0
0
-1
-1
-1
-1
-1
-1
-2
-2
-2
-1
-1
-1
-1
0
0
0
0
0
0
1
1
1
0
0
0
0
0
0
0
0
0
0
0
0
0
0
0
0
1
1
1
1
1
1
1
1
1
1
1
1
1
0
0
0
0
0
0
0
0
0
0
0
0
0
0
0
0
0
0
0
0
0
0
0
0
0
0
0
0
0
0
0
0
0
0
0
0
0
0
0
0
0
0
-1
-1
-1
