92
40
97
56
65
88
41
101
49
84
61
72
77
61
88
52
93
48
89
68
56
96
40
104
52
81
77
56
97
53
89
57
89
64
77
84
56
97
45
104
60
72
93
48
105
53
89
64
77
84
65
92
56
97
52
97
72
61
101
45
105
56
84
76
61
97
56
92
61
89
64
81
85
56
100
49
105
60
77
93
49
108
57
93
65
80
80
69
92
57
97
52
100
73
64
101
48
108
60
89
77
65
100
64
97
64
97
65
89
85
60
105
49
108
64
81
93
56
112
61
97
69
88
84
77
97
65
105
56
105
77
73
105
52
116
64
97
80
76
101
68
100
69
104
69
96
88
69
109
57
116
69
89
97
64
116
68
105
73
97
84
85
101
68
112
60
113
81
80
109
61
120
69
104
85
85
104
76
108
72
108
72
104
93
76
117
60
121
72
100
100
72
117
73
109
77
105
84
97
105
76
116
64
121
80
92
112
68
124
72
108
84
96
100
84
109
77
116
72
113
89
80
117
64
124
72
104
93
80
113
77
112
76
109
80
104
101
76
117
64
121
77
97
108
69
124
73
112
81
105
92
92
109
77
116
68
120
85
88
116
64
128
72
109
89
93
108
81
112
77
113
76
112
97
80
120
65
125
76
101
101
76
120
76
112
77
109
84
97
104
73
116
65
120
76
89
108
65
120
68
105
80
93
96
81
105
72
109
65
112
85
76
112
60
120
69
100
88
80
109
73
108
73
105
72
101
93
72
113
61
120
72
92
100
68
117
68
105
77
97
88
84
100
69
112
61
113
80
81
109
60
120
69
101
85
85
100
77
104
73
108
68
104
92
73
112
57
120
72
96
97
73
116
72
108
76
104
80
92
100
73
113
64
117
76
88
108
64
124
69
108
80
93
97
84
108
72
112
68
112
89
80
117
61
125
73
105
92
81
112
76
112
76
112
80
104
100
76
117
64
125
76
100
105
73
124
76
113
84
105
93
93
109
76
120
69
121
84
93
117
68
129
77
113
88
96
109
88
113
80
117
77
116
97
84
124
69
133
80
109
100
88
120
81
120
85
117
88
109
109
85
128
72
133
85
105
117
81
133
84
120
92
113
104
104
117
88
128
77
133
97
101
129
77
137
88
124
100
105
121
97
125
92
128
89
128
109
97
136
81
141
92
121
112
100
133
96
129
97
129
97
124
121
97
140
85
144
96
117
128
92
145
97
133
104
129
112
117
129
97
141
92
144
105
116
136
92
152
100
136
112
124
125
113
137
104
141
96
144
116
112
145
92
156
104
136
121
117
141
108
141
108
144
104
140
128
112
152
97
157
109
137
133
113
152
108
144
112
145
117
136
137
112
152
100
161
116
136
145
108
160
112
148
120
144
129
132
145
113
157
104
160
120
133
152
108
168
113
152
128
140
141
128
152
117
160
113
160
132
128
160
109
169
116
152
132
136
153
125
156
120
161
117
160
140
125
168
108
173
120
153
144
132
165
125
160
129
161
128
156
148
125
169
113
176
129
152
153
128
172
125
164
132
161
137
153
156
129
172
120
177
132
152
165
125
180
129
169
137
161
148
149
164
133
176
125
177
141
149
172
124
184
129
169
144
157
161
145
169
133
177
129
180
149
145
180
124
188
136
169
152
152
169
145
173
141
176
136
177
156
144
184
128
192
137
173
161
148
181
144
180
144
180
144
173
165
144
188
132
193
145
169
169
145
188
144
181
149
181
153
172
172
145
189
136
197
148
169
180
144
197
145
185
153
181
161
169
181
149
192
141
196
157
168
189
144
201
148
189
161
177
173
164
188
153
197
148
196
165
168
197
144
208
152
188
168
176
188
165
192
157
197
152
197
172
164
201
148
213
157
193
177
172
197
165
197
164
200
160
197
184
164
209
149
216
164
193
188
168
208
164
201
168
201
169
196
189
169
213
157
217
169
193
197
169
216
169
208
172
205
180
193
200
172
217
160
220
176
196
205
168
221
172
212
180
204
185
196
204
173
220
165
224
181
197
213
172
228
177
216
185
209
197
197
212
176
221
169
228
185
197
217
172
233
177
217
189
209
200
196
217
180
228
176
229
192
197
221
172
237
181
220
193
209
209
197
221
184
228
180
233
197
200
225
177
240
185
224
196
213
212
201
225
189
233
181
236
201
204
232
180
244
189
228
200
216
216
201
228
192
236
184
236
204
204
233
181
245
192
232
204
217
221
204
229
193
240
188
240
205
208
237
184
249
193
232
208
221
221
209
233
196
240
192
245
208
213
241
188
252
197
237
209
229
224
217
237
201
245
197
252
213
220
244
197
256
204
244
213
233
228
221
241
205
253
200
257
217
229
248
201
261
209
248
217
241
228
229
244
213
257
205
264
221
237
252
209
269
213
256
221
252
233
241
252
217
264
209
272
224
245
256
221
273
221
264
229
260
236
248
256
225
272
217
280
229
253
260
229
277
229
269
237
269
237
261
261
233
281
224
288
237
264
261
241
281
237
277
241
276
241
272
264
241
285
229
292
241
273
265
249
285
245
284
244
285
245
284
264
249
293
233
300
245
281
264
261
284
253
288
253
293
249
292
269
261
297
240
308
252
289
269
276
288
265
296
256
301
253
301
269
272
301
249
312
256
297
269
285
284
272
296
261
308
252
309
269
281
301
257
317
260
304
273
297
284
285
300
265
313
257
317
272
292
304
269
324
269
313
276
309
284
300
305
273
324
265
329
277
305
304
280
325
277
320
281
320
284
312
304
285
329
268
337
280
316
301
297
325
288
325
285
329
285
328
304
297
333
277
344
285
328
301
313
317
301
329
293
337
285
341
301
313
336
289
348
292
336
305
329
312
317
332
297
349
288
353
301
328
332
301
352
301
345
305
344
308
336
329
309
353
293
360
304
341
328
321
348
313
348
309
352
308
356
328
325
360
301
369
312
353
324
341
340
329
352
316
365
309
368
325
341
356
316
372
317
361
328
357
329
353
352
325
373
313
381
325
360
348
336
368
329
368
329
372
325
369
345
340
376
320
389
328
372
344
357
360
345
372
333
381
325
385
341
360
372
333
389
336
381
341
377
348
369
369
341
389
329
396
340
376
364
356
384
348
389
349
392
344
392
364
360
393
337
405
345
389
361
380
373
369
389
352
401
344
405
357
381
385
353
405
353
397
360
396
361
392
381
361
409
345
416
357
400
376
381
393
369
404
360
409
356
412
372
384
405
360
421
365
408
372
405
380
397
397
372
421
360
425
369
404
392
384
416
376
417
376
420
372
420
389
389
424
368
433
373
421
385
413
396
401
413
380
432
373
437
384
416
412
389
433
385
429
388
428
385
429
405
396
437
377
449
388
433
401
420
416
409
429
392
444
385
448
397
425
428
401
448
397
441
400
444
401
441
421
409
452
392
460
401
444
413
433
428
421
444
405
456
396
464
409
437
436
413
457
409
452
413
457
409
456
428
425
461
401
469
409
457
425
449
433
437
452
416
468
405
472
417
452
441
429
461
424
465
420
469
417
473
437
441
468
417
485
424
472
432
468
440
461
460
432
484
421
493
432
473
452
457
468
448
477
437
489
432
493
444
469
472
440
492
440
488
445
488
445
488
465
456
492
436
505
444
492
456
484
465
477
484
452
505
440
513
453
493
473
473
493
465
500
457
509
452
513
465
489
496
461
517
461
509
468
509
464
508
485
477
517
456
529
465
513
477
509
488
500
508
473
529
464
532
473
516
492
500
513
488
520
477
532
472
536
488
512
516
489
536
485
529
489
532
485
537
504
504
536
481
552
488
537
497
532
504
525
524
497
549
484
556
496
540
513
529
529
516
540
500
556
492
560
505
540
532
517
549
513
553
509
557
504
564
520
537
553
509
568
513
561
516
560
516
560
536
529
569
509
580
516
564
528
561
533
552
556
524
577
513
584
525
568
541
557
556
545
568
529
584
521
589
533
569
556
549
577
540
580
536
588
533
593
545
568
580
545
596
544
589
545
592
545
596
561
564
592
540
609
544
597
552
592
556
588
576
561
605
541
613
552
600
564
592
569
585
589
557
613
545
620
557
604
572
589
588
580
605
560
617
553
625
564
605
588
584
605
576
612
568
620
560
625
576
605
600
580
624
573
620
576
624
569
629
584
601
617
576
633
577
625
581
625
581
628
597
597
629
573
644
580
632
588
628
592
625
612
597
641
577
649
584
637
597
629
605
621
624
596
648
580
656
593
641
608
629
621
620
637
597
656
588
661
600
645
620
628
636
617
645
604
661
596
668
605
649
632
628
652
616
656
608
664
605
672
617
649
641
625
664
621
665
616
669
613
677
624
653
657
625
676
624
672
624
673
621
680
633
652
669
628
684
628
676
633
680
628
684
648
657
680
632
697
636
688
641
688
640
688
661
661
693
636
704
640
693
649
693
649
693
669
665
700
641
713
645
700
657
697
657
696
676
665
709
645
717
653
704
664
701
664
700
685
668
713
649
724
661
712
668
708
672
705
692
677
720
657
733
664
717
677
713
680
709
701
681
729
664
741
673
725
685
721
689
716
705
689
737
669
745
677
733
692
728
696
724
712
697
741
677
753
685
737
696
733
701
729
721
700
748
680
757
692
745
701
740
705
736
724
709
757
688
764
697
752
709
749
713
745
729
717
760
696
772
704
757
713
756
717
753
737
725
768
704
776
709
764
720
761
721
760
741
733
773
709
784
717
773
725
768
728
768
745
744
777
717
789
725
777
733
776
732
780
749
752
781
725
796
732
784
737
784
737
788
752
760
785
737
801
737
792
744
792
741
797
753
773
788
749
804
749
800
749
805
749
812
761
788
792
765
812
761
808
757
816
752
820
764
801
788
776
809
769
813
760
821
756
828
769
808
788
793
808
781
817
768
828
761
836
773
820
789
804
805
797
820
776
837
765
844
777
828
792
821
801
813
820
789
845
772
853
784
840
797
833
801
832
817
804
848
781
861
789
845
801
844
800
848
816
821
848
796
865
796
853
805
857
800
861
812
836
845
812
864
808
860
809
865
801
873
812
849
837
833
857
824
864
812
876
804
881
813
865
836
853
848
844
864
820
885
809
892
820
877
836
868
840
864
860
837
889
820
896
828
884
837
884
837
885
852
860
885
833
900
836
893
841
893
836
901
849
880
876
857
897
852
896
845
905
837
912
849
896
872
881
885
872
896
852
917
840
924
853
909
868
901
873
896
892
868
920
849
929
857
917
868
916
869
917
885
893
917
873
936
872
929
877
933
872
940
885
920
908
900
929
892
932
880
945
873
952
884
937
900
925
913
917
928
893
953
877
961
888
945
900
945
900
941
916
916
948
892
961
897
952
900
957
897
964
908
941
933
920
952
913
956
905
968
897
977
908
960
925
953
936
944
953
920
976
905
989
913
972
925
973
925
972
941
949
973
924
988
925
981
924
984
920
992
929
972
953
956
972
945
980
932
996
920
1005
933
988
945
984
952
980
969
953
997
932
1008
936
997
945
1001
941
1004
952
985
980
960
1001
957
1000
948
1012
941
1020
949
1005
968
997
977
988
993
964
1020
948
1028
956
1017
964
1017
964
1021
976
996
1005
976
1021
969
1021
965
1032
960
1037
969
1024
988
1013
1000
1004
1012
981
1037
965
1048
972
1036
984
1033
981
1037
993
1016
1024
993
1041
988
1041
985
1048
977
1060
989
1045
1009
1036
1021
1033
1036
1012
1065
996
1077
1000
1064
1009
1065
1009
1069
1017
1048
1044
1029
1060
1024
1064
1012
1081
1001
1085
1013
1073
1024
1065
1028
1065
1045
1040
1073
1020
1088
1021
1081
1020
1085
1017
1093
1025
1077
1045
1064
1057
1057
1072
1037
1096
1021
1104
1029
1093
1036
1093
1036
1100
1048
1080
1073
1061
1089
1052
1093
1040
1109
1032
1116
1041
1105
1053
1100
1057
1101
1069
1076
1100
1053
1117
1052
1108
1052
1116
1044
1124
1053
1108
1069
1101
1076
1093
1092
1073
1120
1052
1129
1056
1117
1061
1121
1057
1128
1065
1109
1084
1092
1097
1084
1109
1065
1129
1052
1136
1056
1121
1065
1121
1061
1125
1073
1100
1096
1080
1113
1072
1116
1060
1129
1048
1136
1057
1121
1072
1117
1069
1116
1084
1092
1113
1069
1128
1069
1125
1065
1132
1056
1140
1068
1125
1081
1117
1089
1113
1104
1088
1132
1069
1144
1069
1132
1073
1137
1069
1144
1077
1125
1097
1112
1108
1104
1120
1084
1145
1068
1153
1076
1140
1084
1141
1080
1148
1089
1128
1117
1112
1136
1108
1145
1096
1168
1089
1181
1105
1173
1121
1176
1125
1184
1140
1168
1169
1152
1189
1144
1193
1136
1208
1129
1216
1140
1204
1152
1200
1153
1204
1169
1181
1193
1165
1212
1161
1212
1153
1225
1144
1233
1153
1217
1169
1216
1169
1217
1180
1197
1208
1176
1224
1172
1224
1165
1237
1157
1244
1169
1233
1180
1233
1185
1233
1196
1216
1224
1197
1241
1196
1244
1184
1260
1176
1269
1189
1256
1201
1252
1200
1260
1213
1240
1236
1225
1256
1217
1261
1208
1277
1196
1288
1208
1276
1216
1276
1216
1280
1224
1268
1245
1249
1261
1245
1269
1229
1292
1216
1301
1220
1292
1228
1292
1225
1304
1232
1288
1249
1276
1260
1276
1272
1256
1300
1237
1312
1240
1304
1237
1312
1232
1320
1241
1308
1257
1300
1261
1301
1273
1284
1300
1264
1313
1261
1312
1252
1325
1245
1333
1252
1320
1265
1317
1260
1325
1272
1305
1293
1288
1305
1284
1313
1268
1332
1252
1341
1257
1328
1265
1328
1260
1337
1268
1320
1284
1309
1293
1305
1301
1285
1328
1265
1336
1268
1332
1264
1337
1257
1344
1265
1333
1280
1329
1281
1332
1296
1317
1325
1301
1345
1300
1348
1292
1368
1284
1377
1293
1368
1304
1369
1301
1376
1312
1360
1329
1345
1340
1341
1352
1325
1373
1308
1384
1308
1376
1308
1384
1304
1392
1313
1381
1329
1376
1332
1380
1341
1361
1364
1344
1381
1337
1381
1328
1400
1316
1408
1321
1396
1328
1397
1325
1405
1333
1389
1352
1381
1361
1381
1373
1361
1400
1344
1412
1344
1409
1341
1417
1337
1429
1344
1417
1357
1412
1353
1420
1364
1404
1385
1388
1396
1385
1404
1369
1428
1352
1437
1357
1425
1356
1433
1352
1441
1360
1428
1372
1424
1372
1424
1385
1408
1404
1392
1420
1388
1425
1377
1444
1364
1453
1368
1441
1372
1445
1368
1452
1376
1440
1392
1437
1393
1440
1404
1424
1425
1405
1440
1404
1444
1393
1461
1380
1472
1385
1461
1389
1465
1388
1472
1397
1461
1409
1456
1413
1461
1421
1444
1445
1429
1457
1424
1464
1416
1481
1401
1493
1409
1481
1412
1484
1408
1496
1416
1485
1428
1481
1429
1485
1440
1469
1461
1457
1472
1453
1481
1440
1501
1428
1512
1433
1505
1437
1517
1433
1528
1444
1520
1460
1521
1464
1533
1473
1517
1492
1509
1501
1508
1513
1497
1540
1484
1549
1484
1545
1480
1560
1469
1568
1480
1553
1484
1557
1481
1564
1488
1552
1505
1548
1505
1549
1513
1533
1536
1521
1545
1516
1549
1505
1569
1492
1576
1496
1568
1492
1576
1489
1584
1497
1572
1505
1569
1504
1577
1512
1568
1528
1561
1536
1561
1544
1545
1564
1533
1580
1529
1580
1524
1596
1513
1605
1520
1596
1521
1600
1516
1608
1524
1597
1537
1597
1536
1605
1541
1588
1561
1580
1565
1580
1572
1565
1592
1549
1604
1549
1604
1544
1620
1533
1625
1536
1616
1540
1620
1537
1628
1544
1616
1556
1612
1552
1620
1561
1609
1577
1597
1585
1600
1592
1585
1613
1572
1625
1573
1625
1564
1640
1557
1649
1561
1640
1565
1648
1560
1656
1569
1644
1581
1645
1577
1653
1585
1640
1600
1636
1605
1636
1612
1621
1633
1613
1644
1612
1644
1604
1665
1593
1672
1593
1664
1592
1677
1585
1685
1592
1673
1600
1676
1597
1688
1601
1677
1616
1672
1613
1680
1621
1669
1637
1661
1641
1664
1648
1653
1665
1644
1677
1644
1680
1636
1701
1629
1712
1633
1708
1637
1724
1632
1733
1641
1725
1652
1729
1649
1740
1656
1732
1668
1729
1668
1740
1673
1729
1692
1725
1696
1725
1701
1717
1717
1704
1728
1704
1732
1696
1749
1685
1756
1685
1752
1680
1765
1672
1772
1677
1757
1680
1764
1673
1772
1680
1760
1685
1760
1684
1769
1689
1757
1700
1749
1701
1757
1704
1745
1721
1737
1728
1740
1733
1728
1752
1716
1761
1717
1760
1713
1777
1701
1785
1705
1776
1704
1789
1697
1797
1704
1785
1708
1789
1705
1797
1709
1788
1720
1789
1717
1797
1724
1785
1736
1781
1740
1785
1744
1772
1761
1765
1768
1768
1772
1756
1788
1744
1797
1745
1796
1740
1812
1732
1821
1736
1813
1733
1821
1729
1828
1736
1820
1737
1820
1736
1829
1741
1820
1753
1821
1748
1829
1753
1820
1768
1813
1769
1820
1776
1808
1792
1800
1797
1804
1801
1793
1817
1785
1828
1784
1828
1781
1845
1768
1852
1772
1845
1769
1856
1764
1865
1768
1852
1773
1861
1768
1868
1772
1856
1781
1860
1781
1869
1781
1860
1796
1856
1793
1864
1797
1856
1813
1852
1816
1853
1821
1844
1836
1836
1840
1840
1845
1832
1860
1821
1873
1824
1872
1824
1888
1813
1900
1821
1892
1820
1908
1817
1916
1825
1909
1825
1916
1821
1924
1828
1917
1832
1917
1828
1925
1833
1916
1840
1916
1837
1924
1840
1912
1852
1909
1848
1916
1849
1905
1865
1900
1864
1904
1865
1896
1877
1889
1881
1888
1880
1881
1893
1869
1900
1873
1900
1865
1913
1856
1920
1857
1913
1856
1928
1844
1933
1849
1924
1849
1937
1840
1944
1848
1932
1849
1940
1844
1948
1849
1937
1852
1937
1848
1949
1853
1937
1861
1937
1856
1944
1861
1937
1872
1932
1868
1940
1873
1932
1884
1929
1884
1933
1889
1924
1900
1916
1904
1920
1905
1912
1921
1904
1925
1908
1925
1904
1940
1892
1949
1897
1944
1892
1961
1885
1964
1889
1956
1885
1972
1877
1977
1885
1969
1884
1977
1880
1985
1888
1976
1889
1980
1888
1989
1892
1980
1901
1985
1897
1993
1905
1985
1913
1984
1909
1996
1917
1989
1929
1985
1928
1993
1929
1989
1944
1984
1944
1993
1949
1984
1964
1980
1965
1988
1968
1981
1984
1973
1989
1980
1992
1976
2004
1969
2013
1973
2013
1973
2028
1965
2033
1973
2033
1972
2048
1968
2056
1976
2049
1976
2064
1972
2073
1980
2064
1980
2076
1977
2081
1981
2072
1981
2077
1977
2081
1980
2072
1981
2073
1977
2077
1980
2068
1981
2069
1973
2073
1976
2065
1980
2065
1976
2073
1980
2061
1985
2060
1980
2069
1984
2061
1993
2061
1988
2068
1989
2061
2000
2060
1996
2069
2000
2060
2009
2060
2008
2065
2008
2061
2020
2057
2021
2065
2020
2056
2033
2052
2029
2060
2033
2053
2044
2048
2045
2056
2045
2049
2057
2045
2060
2052
2057
2048
2072
2041
2073
2048
2073
2045
2088
2040
2092
2048
2089
2049
2101
2041
2109
2048
2104
2048
2117
2045
2121
2049
2117
2053
2129
2044
2136
2052
2128
2056
2141
2049
2149
2057
2141
2060
2152
2053
2160
2064
2148
2065
2161
2061
2168
2069
2157
2072
2168
2069
2176
2073
2168
2076
2177
2073
2185
2080
2176
2084
2185
2080
2189
2088
2180
2092
2188
2088
2196
2093
2189
2097
2193
2097
2205
2100
2197
2104
2200
2104
2212
2109
2204
2113
2209
2112
2217
2116
2212
2124
2217
2120
2228
2129
2224
2133
2228
2133
2240
2141
2233
2144
2236
2141
2249
2148
2241
2152
2241
2148
2253
2153
2245
2152
2244
2149
2253
2152
2245
2157
2248
2152
2257
2160
2252
2164
2257
2161
2268
2165
2261
2172
2264
2165
2273
2172
2265
2177
2268
2173
2281
2180
2273
2184
2280
2180
2288
2188
2280
2192
2284
2188
2297
2192
2288
2196
2296
2196
2304
2200
2297
2204
2301
2200
2309
2204
2301
2208
2308
2204
2317
2209
2309
2213
2312
2212
2320
2217
2316
2220
2320
2216
2329
2221
2321
2224
2329
2221
2336
2228
2328
2232
2337
2228
2340
2236
2333
2236
2341
2236
2348
2241
2340
2244
2349
2244
2353
2248
2345
2253
2356
2249
2360
2256
2348
2260
2360
2260
2365
2264
2353
2272
2365
2269
2365
2277
2356
2280
2365
2277
2369
2288
2361
2292
2369
2289
2369
2297
2360
2304
2368
2301
2368
2309
2361
2316
2368
2313
2368
2324
2361
2325
2365
2328
2365
2336
2357
2341
2360
2341
2361
2353
2356
2352
2361
2356
2356
2369
2353
2369
2361
2372
2357
2385
2353
2388
2364
2392
2357
2404
2356
2404
2361
2405
2356
2416
2352
2413
2360
2412
2353
2420
2348
2421
2356
2421
2348
2433
2348
2429
2353
2432
2349
2441
2348
2441
2353
2441
2349
2453
2353
2448
2356
2453
2352
2464
2357
2456
2361
2464
2357
2472
2364
2464
2368
2473
2365
2481
2368
2473
2376
2484
2373
2489
2380
2476
2385
2489
2384
2489
2393
2480
2397
2492
2397
2492
2404
2481
2413
2488
2412
2488
2421
2480
2428
2484
2428
2481
2440
2476
2445
2476
2444
2472
2457
2469
2460
2469
2465
2469
2476
2461
2481
2464
2484
2461
2496
2453
2497
2461
2500
2452
2513
2448
2513
2456
2516
2448
2529
2448
2524
2453
2528
2444
2541
2445
2536
2448
2540
2445
2552
2445
2545
2448
2549
2445
2560
2448
2553
2453
2561
2449
2569
2456
2557
2460
2568
2457
2573
2464
2564
2472
2572
2472
2572
2480
2564
2489
2569
2488
2569
2497
2560
2505
2564
2508
2560
2521
2553
2524
2553
2529
2549
2544
2541
2545
2545
2552
2537
2564
2532
2568
2537
2577
2533
2589
2528
2593
2537
2597
2529
2608
2525
2609
2529
2612
2524
2620
2520
2617
2521
2620
2516
2629
2520
2624
2520
2628
2520
2637
2524
2628
2525
2636
2525
2641
2536
2633
2540
2640
2544
2640
2552
2628
2561
2636
2564
2632
2577
2620
2585
2621
2588
2616
2600
2608
2608
2608
2617
2601
2628
2596
2632
2597
2640
2592
2653
2585
2656
2589
2656
2580
2672
2580
2669
2581
2672
2577
2684
2577
2680
2577
2688
2576
2697
2580
2688
2584
2696
2584
2701
2589
2693
2597
2700
2600
2700
2609
2688
2621
2692
2624
2688
2636
2676
2644
2677
2652
2672
2665
2660
2672
2660
2680
2652
2692
2649
2696
2649
2705
2641
2716
2636
2717
2640
2721
2633
2733
2632
2733
2633
2737
2628
2745
2633
2740
2636
2749
2633
2753
2641
2744
2649
2753
2649
2753
2661
2740
2673
2741
2677
2736
2688
2725
2701
2724
2705
2717
2720
2705
2729
2704
2736
2697
2753
2689
2756
2692
2761
2680
2773
2677
2772
2680
2776
2673
2789
2676
2784
2677
2792
2676
2797
2681
2788
2688
2796
2692
2796
2704
2785
2716
2788
2721
2781
2737
2768
2749
2769
2757
2757
2772
2745
2780
2745
2788
2733
2801
2724
2805
2728
2809
2716
2821
2717
2816
2716
2825
2713
2832
2716
2825
2717
2836
2721
2836
2729
2825
2741
2828
2744
2824
2761
2809
2773
2805
2781
2793
2796
2781
2804
2781
2816
2769
2833
2761
2836
2764
2840
2753
2856
2752
2853
2748
2860
2745
2868
2749
2861
2753
2869
2757
2873
2764
2860
2777
2864
2781
2856
2797
2844
2809
2837
2817
2829
2836
2813
2845
2812
2852
2801
2869
2793
2872
2793
2876
2784
2892
2781
2888
2784
2897
2780
2904
2784
2897
2789
2904
2793
2905
2805
2893
2817
2893
2824
2881
2840
2868
2852
2864
2865
2852
2881
2841
2889
2840
2897
2828
2912
2824
2916
2824
2920
2816
2936
2816
2932
2817
2940
2820
2945
2829
2933
2837
2940
2840
2932
2856
2921
2869
2913
2880
2904
2897
2889
2908
2888
2921
2873
2936
2865
2941
2865
2949
2857
2964
2852
2961
2852
2968
2852
2977
2857
2969
2864
2976
2868
2972
2881
2957
2897
2956
2905
2945
2925
2929
2936
2924
2948
2913
2968
2904
2973
2900
2980
2893
2997
2888
2993
2888
3001
2884
3009
2884
3000
2892
3004
2896
3001
2912
2988
2924
2981
2936
2969
2952
2953
2964
2948
2977
2937
2997
2925
3001
2924
3008
2913
3025
2912
3021
2912
3028
2909
3036
2917
3028
2928
3032
2932
3028
2948
3013
2964
3004
2977
2993
2993
2976
3005
2976
3017
2961
3036
2952
3040
2948
3048
2940
3060
2940
3056
2944
3065
2944
3068
2952
3057
2965
3057
2976
3045
2993
3029
3005
3020
3020
3005
3040
2992
3049
2989
3057
2976
3073
2968
3076
2968
3081
2965
3092
2968
3085
2976
3089
2980
3085
2996
3069
3009
3065
3024
3052
3044
3032
3057
3028
3068
3012
3088
3004
3092
3000
3101
2992
3113
2993
3108
2996
3117
2996
3121
3009
3108
3024
3105
3032
3092
3052
3077
3068
3068
3084
3053
3101
3040
3112
3036
3120
3025
3137
3021
3133
3020
3145
3020
3149
3028
3141
3041
3140
3049
3132
3068
3117
3084
3109
3100
3092
3121
3080
3136
3076
3144
3061
3161
3056
3161
3053
3169
3048
3177
3052
3169
3061
3173
3068
3165
3085
3149
3101
3140
3117
3125
3137
3109
3149
3101
3161
3088
3181
3081
3184
3077
3193
3072
3201
3073
3193
3084
3201
3092
3196
3108
3180
3125
3169
3136
3157
3160
3137
3172
3133
3185
3116
3204
3108
3208
3105
3216
3100
3228
3100
3221
3108
3229
3116
3221
3132
3205
3149
3196
3164
3181
3184
3164
3196
3157
3209
3144
3229
3132
3233
3128
3244
3121
3253
3125
3245
3133
3252
3141
3248
3156
3232
3172
3221
3192
3205
3213
3188
3224
3181
3240
3165
3257
3156
3260
3152
3268
3148
3280
3153
3273
3161
3277
3169
3268
3188
3252
3205
3241
3220
3221
3240
3204
3253
3200
3265
3185
3285
3176
3285
3172
3296
3172
3304
3177
3293
3189
3297
3201
3285
3217
3268
3236
3257
3253
3240
3273
3220
3288
3217
3300
3204
3313
3200
3316
3197
3324
3197
3329
3209
3321
3224
3317
3236
3304
3260
3285
3276
3273
3292
3256
3313
3240
3324
3237
3333
3225
3344
3221
3345
3225
3353
3228
3352
3241
3337
3260
3329
3273
3312
3297
3292
3309
3284
3329
3265
3348
3256
3352
3248
3365
3245
3373
3245
3369
3256
3373
3265
3365
3281
3349
3300
3337
3317
3320
3341
3297
3353
3293
3364
3277
3385
3273
3385
3269
3397
3269
3400
3276
3388
3292
3385
3304
3372
3328
3352
3345
3341
3361
3320
3381
3309
3392
3300
3404
3292
3416
3289
3413
3296
3421
3300
3416
1
0
0
0
0
0
0
0
0
0
0
0
0
0
0
0
0
0
0
0
1
1
0
0
0
0
0
0
0
1
1
1
1
-1
0
1
1
1
1
1
1
1
0
0
0
1
2
1
1
0
1
1
1
1
1
1
1
1
1
1
1
1
2
2
2
2
2
2
2
2
2
1
1
1
2
2
1
1
0
0
0
0
0
0
0
0
0
-1
-1
-1
-1
0
0
0
-1
0
0
0
0
-1
-1
-1
-1
-1
-1
-1
-1
0
-1
-1
-1
-1
0
0
0
0
0
0
0
0
0
0
0
0
-1
0
0
0
0
-1
0
0
0
0
-1
0
0
1
0
-1
0
0
1
0
-1
0
0
1
0
0
0
0
1
1
1
1
0
2
1
1
1
1
1
1
1
1
0
0
0
1
0
0
1
1
1
1
1
1
1
1
1
1
1
1
1
0
0
0
0
0
1
1
1
1
0
0
0
0
1
1
1
1
1
0
0
0
0
1
1
1
1
0
0
0
0
0
0
0
0
0
0
1
1
1
1
1
1
1
2
2
2
2
2
2
1
1
1
1
2
2
2
1
0
0
0
0
0
0
0
0
0
-1
-1
-1
-1
0
0
0
-1
-1
-1
-1
-1
-1
-1
-1
-1
-1
-1
-1
-1
0
0
0
0
0
0
0
0
0
0
0
0
0
0
0
0
0
0
0
0
0
0
0
0
0
0
-1
-1
-1
-1
-1
0
0
0
0
0
0
0
0
1
1
1
1
1
0
0
0
0
0
0
0
0
0
0
0
0
0
0
0
0
0
0
0
1
1
1
1
1
1
0
0
0
1
1
1
1
0
0
0
0
0
0
1
1
1
0
0
0
0
0
0
0
0
0
0
0
0
0
0
0
0
0
0
1
1
1
1
1
1
1
1
1
2
2
2
2
1
2
2
2
2
2
2
2
2
1
1
1
1
1
-1
-1
-1
-1
-1
-1
-1
-1
-2
-2
-2
-2
-1
-1
-1
-1
-1
-1
-1
-1
-1
0
0
0
0
-1
0
0
0
0
0
0
0
0
0
0
0
0
0
1
1
1
1
1
1
1
1
1
1
1
1
0
0
0
0
0
0
0
0
0
0
0
0
0
1
0
1
1
1
1
0
1
1
1
1
1
1
1
0
-1
-1
-1
-1
0
-1
-1
-2
-2
-2
-2
-2
-1
-1
-1
-2
-2
-2
-2
-2
-1
-1
-1
-1
-1
-1
-1
-1
0
0
0
0
-1
-1
-1
-1
-1
-1
-1
-1
-1
-1
-1
-1
-1
0
0
-1
-1
-1
-1
-1
-1
-1
-1
-1
-1
-1
-1
-1
0
0
0
0
0
0
0
0
0
0
1
1
1
1
1
2
2
2
2
2
2
2
2
1
1
1
1
1
0
0
0
0
0
0
0
0
0
0
0
0
0
0
0
0
0
0
0
0
1
1
1
1
1
1
1
1
2
2
2
2
2
1
1
1
1
1
1
1
1
0
0
0
0
0
0
0
0
0
0
0
0
0
0
0
0
0
0
0
0
0
-1
0
0
0
0
-1
-1
0
-1
-1
-1
-1
-1
0
-1
-1
-1
-1
0
0
-1
0
0
0
0
0
0
0
0
0
0
0
0
-1
-1
-1
-1
-1
-1
-1
-1
-1
-1
-1
-1
-1
0
0
0
0
0
0
0
0
0
1
1
1
1
0
0
1
1
1
1
0
0
1
0
0
0
-1
0
1
0
0
0
0
1
1
0
1
1
1
2
2
2
2
2
2
2
2
2
2
1
1
1
1
1
0
0
0
0
0
-1
-1
-1
-1
-1
-2
-2
-2
-2
-2
-2
-2
-2
-1
-2
-1
-1
-1
0
-1
-1
0
0
0
0
0
0
1
1
1
1
2
3
3
3
3
3
4
4
4
4
3
3
4
3
3
3
2
2
2
1
1
1
1
1
1
0
0
0
0
0
0
0
0
0
0
0
0
0
-1
-1
-1
-1
-1
-1
-1
-1
-1
-2
-2
-2
-2
-2
-2
-2
-2
-2
-2
-2
-3
-3
-2
-2
-2
-2
-1
-2
-2
-2
-2
-2
-3
-2
-2
-2
-2
-2
-2
-2
-2
-2
-2
-2
-2
-1
-1
-1
-2
-2
-1
-1
-1
0
0
0
0
0
0
0
0
1
2
1
1
2
2
2
2
2
3
3
3
3
4
3
3
3
2
2
2
2
2
2
2
2
1
0
0
0
0
1
1
1
1
0
0
0
0
1
1
1
1
1
0
0
0
0
1
0
1
1
1
1
1
1
1
1
1
2
2
2
2
1
1
1
1
1
1
1
1
1
0
0
-1
-1
-1
-1
-1
-1
-1
-1
-1
-1
-1
-1
-1
0
0
0
0
0
0
0
0
0
1
1
1
1
1
1
1
1
1
1
2
2
2
1
1
1
1
1
1
1
0
0
0
-1
0
0
0
0
0
0
0
0
0
1
1
1
1
0
0
0
0
0
0
0
0
0
0
0
0
0
0
0
-1
-1
-1
-1
-1
-1
-1
-1
-1
-1
-1
-1
-1
0
1
1
1
1
2
2
2
2
2
2
3
3
3
2
2
2
2
0
0
0
0
0
0
-2
-2
-2
-3
-3
-3
-3
-3
-3
-3
-3
-3
-4
-3
-3
-4
-3
-4
-4
-4
-4
-4
-4
-4
-4
-4
-4
-4
-3
-3
-3
-3
-3
-2
-2
-2
-3
-3
-2
-1
-1
-1
-1
0
0
0
-1
-1
-1
0
0
0
-1
-1
-1
-1
-1
-1
-1
1
1
1
1
1
1
1
2
2
2
2
2
2
1
2
2
2
2
2
3
2
2
3
3
3
3
4
3
3
4
4
4
3
3
3
2
3
3
3
2
2
2
1
1
1
2
2
2
2
1
1
1
1
1
1
1
2
2
1
1
1
1
1
1
1
1
1
1
1
0
0
0
-1
-1
0
0
0
0
0
0
0
0
1
1
1
3
3
2
3
3
3
4
4
4
4
3
3
3
2
1
1
0
0
0
-2
-2
-2
-2
-2
-2
-2
-3
-2
-2
-2
-2
-2
-1
-2
-2
-2
-2
-2
-2
-1
-2
-1
-1
-1
-1
-1
0
0
0
-1
-1
-1
0
1
0
0
0
0
0
0
0
0
1
1
1
0
0
0
0
0
0
0
0
0
0
0
0
0
0
0
0
0
0
0
1
1
1
1
1
1
1
1
1
1
1
1
1
0
0
0
0
-1
-1
-1
-1
-1
-1
-1
-1
-1
-1
-2
-2
-2
-1
-1
-1
-1
-1
-1
-2
-2
-2
-2
-1
-1
-1
-2
-2
-2
-2
-2
-2
-1
-1
-1
-1
-1
-1
-2
-1
-1
-1
-1
-1
-1
-1
-1
-1
-1
-1
-1
0
0
0
0
0
0
0
1
1
1
1
2
2
3
3
4
4
5
5
5
5
5
5
6
5
5
4
4
3
3
2
2
2
0
0
0
-1
-2
-2
-2
-2
-2
-2
-2
-2
-2
-1
-2
-2
-2
-1
-1
-2
-2
-2
-2
-2
-2
-2
-2
-1
-2
-2
-2
-2
0
0
0
0
0
0
-1
-1
-1
1
1
1
1
0
0
-1
-1
-1
-1
0
0
0
-1
-1
-1
-1
-1
-1
-1
-1
-1
-1
-1
-1
-1
-1
-1
-1
-1
-1
-1
0
0
0
0
0
0
1
1
1
1
1
1
1
1
1
1
1
2
2
1
1
1
1
1
1
1
1
0
0
0
-1
0
0
0
0
-1
-1
-1
-1
-1
0
0
0
0
-1
-1
-1
-1
0
0
0
0
0
0
0
0
0
0
0
0
0
0
0
1
1
1
1
1
1
1
1
2
2
2
3
3
2
3
3
4
4
5
5
6
5
5
5
4
5
5
4
4
3
3
2
2
0
0
0
-1
-1
-2
-2
-3
-3
-3
-3
-4
-4
-3
-3
-3
-2
-2
-3
-3
-2
-3
-3
-3
-2
-2
-2
-2
-3
-3
-3
-2
-2
-2
-1
-2
-1
-1
-1
-1
-2
-1
-1
-1
-1
-1
-1
-1
0
-2
-2
-2
-1
0
0
0
-1
-1
-1
-1
-1
-1
0
0
0
-1
-1
-1
-1
0
0
0
0
0
0
1
1
1
1
1
1
1
1
1
1
1
1
1
0
0
0
0
0
0
0
0
0
0
1
1
1
1
1
1
1
1
1
1
1
1
1
0
0
0
0
0
0
0
1
1
1
1
1
1
1
1
1
1
1
1
1
0
0
0
0
0
0
0
0
0
0
0
0
0
0
0
0
0
0
0
1
1
1
2
2
2
3
3
4
4
5
6
6
6
6
6
6
6
7
6
6
5
5
4
3
3
2
2
1
0
0
-1
-1
-2
-2
-2
-3
-3
-3
-4
-4
-3
-4
-4
-4
-4
-4
-4
-4
-4
-4
-4
-3
-3
-4
-3
-3
-3
-3
-3
-3
-3
-2
-3
-3
-3
-3
-2
-2
-2
-2
-2
-1
-2
-2
-2
-1
-1
-2
-2
-2
-2
-2
-2
-2
-2
-1
-1
-1
-1
-1
0
0
0
0
0
0
0
0
0
0
1
1
1
1
1
1
1
1
1
1
1
1
1
0
1
1
1
1
1
1
1
1
1
1
2
2
2
1
1
1
1
1
1
1
1
1
1
0
0
0
0
0
0
0
0
0
0
0
0
0
0
0
0
0
0
0
0
0
0
0
0
0
0
0
-1
-1
-1
-1
-1
-1
-1
-1
-1
-1
-1
-1
-1
0
0
0
0
0
0
0
0
0
0
1
1
2
2
2
3
3
4
4
5
5
6
6
6
7
6
6
7
6
7
6
6
6
6
5
5
4
2
2
2
0
0
-1
-2
-2
-3
-3
-3
-3
-4
-3
-3
-4
-3
-3
-3
-3
-3
-3
-3
-3
-4
-3
-3
-3
-3
-3
-3
-3
-2
-2
-2
-2
-2
-1
-1
-1
-1
0
-1
-1
-1
-1
-1
-1
-1
-1
-1
-1
-2
-2
-2
-1
-1
-1
-1
-1
-1
-1
-1
-1
-1
0
0
-1
-1
-1
-1
0
0
0
0
0
0
0
0
0
1
2
2
1
0
0
0
0
0
0
1
1
1
1
0
0
1
1
1
1
1
1
1
0
0
0
0
0
0
0
0
0
0
0
0
0
0
0
0
0
0
0
0
0
0
0
0
0
0
0
0
1
1
1
1
0
0
0
1
1
1
1
0
0
-1
-1
-1
-1
1
1
1
0
0
0
0
2
2
2
3
3
4
3
4
4
5
5
6
7
6
7
7
7
7
6
6
6
6
5
5
4
3
3
2
2
0
0
0
-1
-2
-2
-3
-3
-4
-4
-4
-5
-5
-4
-5
-5
-4
-5
-5
-4
-5
-4
-4
-4
-3
-4
-4
-4
-4
-4
-3
-3
-3
-2
-2
-2
-3
-3
-2
-2
-1
-1
-2
-2
-2
-2
-2
-2
-2
-1
-1
-1
-2
-2
-2
-1
-1
-1
-1
-1
-1
-1
-1
-1
-1
0
0
0
-1
-1
-1
-1
0
0
0
0
0
0
0
0
0
1
1
1
1
0
0
0
0
0
1
1
1
1
1
1
1
1
1
1
1
1
1
0
0
0
0
0
0
0
0
0
0
0
1
1
1
1
1
1
1
1
1
1
1
1
1
0
0
0
0
0
0
0
1
1
1
1
1
1
0
1
1
1
1
1
1
0
0
1
1
2
2
3
3
4
4
5
6
6
7
8
7
8
7
8
8
8
7
7
6
5
5
4
3
3
2
2
1
1
-1
-1
-1
-2
-2
-3
-3
-4
-4
-5
-5
-6
-6
-6
-6
-6
-6
-6
-5
-5
-5
-5
-4
-5
-4
-4
-3
-4
-4
-3
-4
-4
-4
-3
-3
-3
-3
-3
-3
-3
-2
-2
-2
-1
-1
-2
-2
-2
-2
-1
-1
-2
-2
-2
-2
-2
-2
-2
-1
-1
-1
-1
-1
-1
0
0
0
0
0
0
0
0
0
0
1
1
1
1
1
1
2
2
2
2
2
2
2
1
1
1
2
2
2
1
0
1
1
1
1
1
1
1
1
0
0
0
0
1
0
0
0
0
0
0
0
1
1
1
1
1
1
1
1
1
1
1
1
1
0
0
0
0
0
0
0
0
0
1
0
0
0
0
0
0
0
0
0
0
0
0
-1
0
0
0
1
1
1
2
2
2
3
3
4
5
6
6
7
7
8
8
8
9
10
9
9
9
8
8
8
7
6
5
5
4
3
1
1
1
0
0
-1
-2
-2
-3
-3
-3
-4
-5
-4
-4
-5
-5
-6
-6
-6
-6
-6
-6
-7
-7
-6
-6
-7
-6
-6
-6
-6
-5
-5
-5
-5
-4
-4
-4
-4
-4
-4
-4
-3
-3
-3
-3
-3
-3
-3
-2
-2
-2
-1
-2
-2
-2
-2
-2
-2
-1
-1
-1
-1
-1
-1
-1
0
0
0
0
0
0
0
0
0
1
1
1
1
1
1
1
1
1
1
1
1
1
1
1
1
2
2
2
2
2
2
2
2
2
2
2
2
2
1
1
1
1
1
1
1
1
1
1
0
1
1
1
1
0
1
1
1
1
1
1
1
1
0
0
0
0
1
0
0
0
0
0
0
0
0
0
0
0
0
0
0
0
1
0
0
0
0
0
0
0
0
1
1
1
0
-1
1
1
1
1
1
1
2
2
1
2
2
4
5
5
5
6
7
8
9
9
9
10
9
10
9
8
7
7
7
6
5
4
2
2
1
1
0
0
0
0
0
-2
-2
-2
-3
-2
-3
-3
-4
-4
-5
-5
-5
-6
-6
-6
-6
-6
-6
-6
-6
-5
-6
-5
-5
-6
-5
-5
-5
-5
-5
-5
-5
-5
-5
-4
-4
-4
-4
-4
-3
-3
-3
-3
-3
-2
-3
-3
-3
-3
-3
-3
-3
-3
-3
-3
-3
-3
-3
-1
-1
-1
-1
-1
0
0
0
0
0
1
1
1
0
0
0
0
1
1
1
1
1
1
1
1
1
1
2
2
2
1
1
1
1
1
1
1
1
1
1
1
1
1
1
1
1
1
1
1
1
1
2
2
1
1
1
1
1
1
1
1
1
1
1
0
0
0
0
0
0
0
0
0
0
1
1
1
1
0
1
1
1
1
1
1
1
1
0
0
0
0
0
0
0
0
0
0
0
1
1
2
2
2
3
5
4
5
6
7
7
8
8
9
9
10
10
10
9
9
9
8
7
8
7
6
5
5
3
3
2
2
2
0
0
0
-1
-1
-2
-2
-3
-2
-2
-3
-3
-3
-3
-3
-4
-4
-5
-4
-5
-5
-6
-6
-5
-6
-6
-6
-6
-6
-6
-5
-6
-5
-6
-5
-5
-5
-4
-5
-4
-4
-4
-4
-4
-3
-3
-3
-3
-3
-4
-4
-3
-3
-3
-2
-2
-3
-3
-3
-2
-2
-2
-1
-1
-2
-2
-2
-2
-2
-1
-1
-1
-1
-1
-1
-1
-1
0
0
-1
-1
-1
-1
0
0
0
0
0
0
0
0
0
1
1
1
2
1
1
1
1
1
1
1
1
1
1
1
1
1
1
1
1
1
1
1
1
1
1
1
1
1
0
0
0
0
0
1
1
1
1
1
1
1
1
1
1
1
1
1
0
0
0
1
1
1
1
1
1
1
1
1
1
1
2
1
1
0
0
1
0
1
1
1
1
1
2
1
3
2
4
5
4
6
6
7
7
8
9
9
9
9
10
9
8
9
8
8
7
7
6
5
4
4
3
3
3
3
1
1
0
-1
-1
-1
-1
-1
-1
-1
-3
-3
-3
-2
-3
-4
-3
-4
-4
-5
-5
-5
-6
-5
-6
-7
-7
-6
-6
-6
-5
-6
-5
-6
-6
-5
-6
-5
-4
-4
-5
-4
-4
-5
-4
-4
-4
-4
-4
-3
-4
-4
-4
-4
-4
-4
-4
-4
-4
-3
-3
-4
-4
-3
-3
-3
-3
-3
-3
-2
-2
-2
-2
-2
-1
-1
-1
-1
-1
0
0
0
0
0
0
0
0
1
1
1
2
2
2
2
2
2
2
2
3
3
2
2
2
1
1
2
2
2
2
2
2
2
2
2
2
2
2
2
1
1
2
2
2
2
1
1
1
1
1
1
2
2
2
1
1
1
1
1
1
1
1
1
1
1
1
1
1
1
1
1
1
1
1
1
1
1
0
0
0
0
0
0
0
1
1
1
2
2
3
4
4
5
6
7
8
8
8
9
10
9
9
9
8
8
8
7
7
6
7
6
5
4
4
4
2
2
2
1
1
0
0
-1
-2
-2
-2
-3
-3
-2
-3
-3
-3
-3
-4
-4
-5
-4
-5
-5
-4
-5
-5
-5
-5
-6
-6
-5
-6
-5
-6
-5
-5
-6
-5
-5
-4
-5
-4
-4
-5
-4
-4
-4
-4
-4
-4
-4
-4
-4
-3
-4
-4
-3
-3
-4
-3
-3
-3
-3
-3
-3
-3
-3
-2
-3
-3
-3
-2
-2
-3
-3
-2
-2
-2
-2
-2
-2
-1
-1
-1
-1
-1
0
0
0
-1
-1
-1
-1
-1
-1
0
0
0
0
0
0
0
1
1
1
2
2
2
1
1
1
2
2
2
2
2
2
2
1
1
1
2
2
2
1
1
1
1
2
2
2
2
2
2
1
1
1
2
2
2
2
1
1
1
1
2
1
1
1
1
0
0
0
0
0
0
0
1
0
1
2
2
3
4
5
6
7
8
9
10
10
11
12
11
12
12
11
11
10
9
9
8
8
7
6
5
5
4
3
3
2
2
2
1
0
-1
-1
-1
-1
-2
-2
-2
-3
-3
-3
-4
-4
-3
-4
-4
-4
-4
-4
-4
-4
-4
-4
-4
-3
-4
-4
-3
-4
-4
-4
-4
-4
-5
-4
-5
-5
-5
-5
-5
-5
-5
-5
-6
-5
-6
-5
-5
-4
-5
-5
-4
-5
-5
-4
-5
-4
-4
-3
-4
-4
-4
-3
-4
-4
-3
-3
-3
-3
-3
-3
-3
-2
-2
-2
-3
-2
-2
-2
-2
-2
-1
-1
-1
-2
-2
-2
-2
-1
-1
-1
-1
-1
-1
-1
-1
-1
0
0
0
1
1
1
1
1
1
1
1
2
2
2
2
2
2
2
2
2
2
2
2
3
2
2
2
2
3
2
2
2
2
2
2
2
1
1
2
2
2
1
1
1
1
1
1
1
1
1
2
1
1
1
1
1
2
2
2
1
1
1
1
1
1
1
1
2
2
1
2
3
5
5
6
7
7
8
9
10
10
10
11
11
10
10
11
10
10
9
9
8
7
7
7
6
5
5
4
3
3
2
2
1
1
1
-1
-1
-1
-1
-1
-1
-1
-1
-2
-2
-2
-3
-3
-2
-2
-3
-3
-4
-4
-5
-6
-5
-5
-5
-4
-5
-5
-5
-5
-5
-5
-5
-4
-4
-4
-4
-5
-6
-6
-6
-6
-6
-6
-5
-5
-5
-5
-5
-6
-5
-5
-4
-4
-4
-4
-4
-4
-5
-5
-4
-5
-4
-4
-3
-4
-4
-4
-4
-4
-4
-4
-4
-4
-3
-4
-4
-4
-4
-4
-4
-3
-3
-3
-2
-2
-2
-2
-1
-1
-1
-1
-1
-1
-1
-1
-1
0
0
0
0
-1
-1
-1
0
0
0
1
1
1
0
0
0
1
2
2
2
2
3
3
2
2
2
3
3
3
2
3
3
3
3
2
2
2
3
3
2
2
2
2
1
1
1
1
1
2
2
1
1
1
2
2
2
2
2
3
3
3
2
2
3
4
4
4
5
6
6
8
8
9
10
11
11
10
10
11
11
10
10
10
9
8
8
7
6
6
7
6
5
4
5
4
4
3
3
2
2
2
2
1
1
1
1
-1
-1
-2
-2
-2
-2
-3
-3
-3
-3
-3
-4
-4
-4
-5
-4
-4
-5
-5
-4
-5
-5
-5
-6
-5
-6
-5
-4
-5
-5
-4
-5
-5
-4
-5
-5
-5
-5
-4
-5
-5
-5
-5
-6
-5
-6
-7
-6
-6
-5
-6
-6
-6
-6
-5
-6
-5
-5
-5
-4
-4
-4
-4
-4
-4
-3
-4
-4
-3
-3
-3
-2
-3
-3
-3
-3
-2
-2
-2
-2
-2
-2
-2
-2
-2
-1
-1
-1
-1
-1
-1
-1
0
-1
-1
-1
-1
-1
-1
0
0
0
0
0
0
0
1
1
1
1
2
2
1
1
2
2
2
2
2
2
2
2
2
1
2
2
2
1
2
2
2
2
2
2
2
2
3
2
2
2
2
1
2
2
3
3
4
4
4
4
5
6
8
9
10
10
11
11
12
11
12
13
12
12
12
11
10
9
9
8
8
7
8
7
7
7
6
6
5
5
5
4
5
4
4
3
2
1
1
1
0
0
0
0
-1
-2
-3
-3
-3
-3
-3
-3
-4
-4
-5
-5
-6
-5
-6
-6
-6
-7
-6
-6
-7
-6
-7
-6
-7
-6
-7
-6
-6
-7
-6
-7
-7
-7
-7
-6
-7
-6
-7
-6
-7
-6
-5
-6
-5
-6
-5
-5
-6
-5
-6
-5
-5
-4
-5
-5
-4
-5
-4
-4
-4
-3
-4
-3
-3
-3
-3
-3
-3
-3
-2
-2
-2
-2
-3
-2
-2
-2
-2
-2
-1
-1
-1
-2
-2
-2
-2
-1
-1
-1
-1
-1
-1
-1
-1
-1
0
0
0
0
1
1
1
1
1
1
1
2
2
2
2
2
2
1
1
2
2
2
2
2
1
2
2
2
2
2
2
2
1
1
1
2
2
2
1
1
1
1
1
2
2
2
3
3
3
4
5
6
7
8
9
10
10
11
12
13
13
13
12
12
12
12
12
12
12
11
11
11
9
10
9
10
9
8
8
7
6
5
5
4
3
3
2
2
1
0
0
-1
-2
-2
-2
-2
-3
-3
-4
-4
-5
-5
-4
-5
-5
-4
-5
-5
-6
-5
-6
-6
-6
-5
-6
-6
-6
-6
-6
-6
-6
-6
-7
-6
-6
-6
-7
-6
-6
-6
-6
-6
-6
-6
-5
-5
-5
-5
-5
-5
-5
-5
-5
-5
-5
-5
-5
-5
-5
-5
-4
-5
-4
-4
-4
-4
-4
-4
-3
-3
-4
-3
-3
-3
-3
-3
-3
-3
-2
-3
-3
-3
-3
-2
-2
-2
-2
-1
-2
-2
-2
-2
0
0
0
0
-1
-1
-1
-1
-1
0
1
1
1
0
-1
-1
0
1
1
1
1
1
2
1
1
1
1
2
2
1
1
1
2
2
2
1
2
2
2
2
2
2
2
2
3
2
2
2
2
1
1
1
2
2
2
2
2
1
1
2
2
3
3
4
5
5
6
7
8
9
10
11
11
12
12
13
12
12
12
12
12
12
12
12
12
11
11
10
9
9
8
8
7
6
5
4
4
3
2
1
1
1
1
1
0
-1
-1
-2
-2
-4
-4
-3
-4
-4
-5
-5
-6
-6
-6
-6
-6
-6
-6
-6
-7
-6
-7
-6
-7
-6
-6
-6
-6
-6
-6
-6
-6
-6
-6
-6
-7
-6
-6
-7
-6
-6
-6
-6
-6
-6
-5
-6
-5
-4
-4
-4
-3
-4
-4
-3
-4
-3
-3
-4
-3
-3
-3
-4
-4
-4
-3
-3
-3
-3
-3
-3
-2
-2
-3
-3
-2
-2
-2
-2
-3
-3
-2
-2
-2
-2
-2
-1
-1
-1
-1
-1
-1
0
0
0
0
0
0
0
0
0
0
0
0
0
0
0
0
0
0
0
0
1
1
1
1
1
1
1
1
0
1
1
1
1
0
0
0
0
1
1
1
1
2
1
1
2
2
2
2
2
3
2
3
4
5
6
7
8
8
9
10
11
12
12
13
12
12
12
12
12
12
12
11
11
10
10
9
8
9
8
7
7
6
5
4
4
3
4
3
3
2
1
1
0
-1
-1
-1
-1
-1
-2
-3
-4
-4
-4
-4
-4
-4
-4
-5
-6
-6
-7
-6
-7
-6
-6
-6
-6
-6
-6
-6
-5
-5
-5
-5
-5
-5
-5
-6
-5
-5
-5
-4
-5
-5
-4
-5
-4
-4
-4
-4
-4
-4
-4
-5
-5
-4
-4
-4
-4
-4
-4
-3
-4
-3
-3
-3
-2
-2
-3
-3
-3
-2
-2
-3
-3
-2
-2
-2
-2
-3
-3
-2
-2
-2
-2
-2
-1
-1
-1
-1
-1
-1
-1
-1
-1
-1
-1
-1
-1
-1
-1
-1
-1
-1
-1
0
0
0
0
0
0
0
0
0
0
0
0
0
1
1
1
1
1
1
1
1
1
1
1
1
2
1
1
1
1
1
1
1
1
1
1
2
2
1
1
0
1
1
1
1
1
1
1
1
0
0
1
1
3
3
3
4
5
6
7
8
9
10
11
11
12
11
11
12
12
12
12
11
11
10
10
9
9
8
8
8
7
6
5
4
5
4
4
3
3
2
1
1
0
0
0
0
0
-2
-2
-2
-3
-3
-4
-3
-4
-4
-4
-5
-5
-6
-5
-6
-6
-6
-6
-5
-5
-5
-5
-5
-4
-5
-4
-4
-4
-4
-4
-4
-5
-5
-4
-5
-5
-5
-4
-5
-5
-4
-5
-4
-4
-4
-4
-4
-3
-3
-3
-4
-3
-3
-3
-2
-3
-3
-2
-2
-2
-3
-3
-3
-2
-2
-2
-3
-3
-2
-2
-2
-2
-2
-1
-1
-2
-2
-2
-2
-1
-1
-1
-1
-1
-1
-1
-1
-2
0
0
0
0
0
0
0
0
0
0
0
0
1
0
0
0
0
0
0
0
0
0
0
1
1
1
1
1
1
1
1
1
1
1
2
2
1
1
1
1
1
1
1
1
1
1
1
0
0
0
0
0
0
0
-1
-1
0
0
0
0
0
0
1
1
2
3
4
6
7
7
7
8
9
11
11
11
11
11
10
10
10
10
9
10
9
8
7
7
6
7
6
6
6
5
4
4
3
2
2
1
1
0
-1
-1
-1
-2
-2
-2
-2
-3
-2
-2
-3
-4
-3
-4
-4
-4
-4
-5
-5
-5
-5
-5
-6
-5
-4
-5
-4
-4
-4
-5
-4
-4
-4
-4
-4
-4
-4
-4
-4
-4
-4
-5
-4
-4
-4
-5
-4
-4
-4
-4
-4
-3
-3
-3
-3
-3
-3
-3
-3
-3
-3
-2
-3
-3
-3
-3
-3
-3
-3
-3
-3
-2
-2
-2
-2
-1
-1
-1
-1
-1
0
-1
-1
-1
-1
-1
-1
-2
-2
-2
-2
-2
-2
-2
-1
-1
-1
-1
-1
-1
0
0
0
0
0
0
0
0
0
0
0
0
0
0
0
0
1
1
1
0
1
1
1
1
1
1
1
1
1
0
0
0
1
0
0
0
1
1
1
1
1
1
1
1
1
1
1
2
2
1
2
3
4
5
6
6
7
8
9
10
10
10
11
10
10
9
9
9
9
8
8
7
6
5
6
5
6
5
5
5
4
4
4
3
3
3
3
1
1
0
-1
-1
-2
-2
-3
-3
-3
-4
-4
-4
-3
-4
-4
-3
-3
-4
-4
-3
-4
-4
-3
-3
-3
-4
-3
-4
-4
-4
-3
-4
-4
-3
-3
-3
-4
-4
-3
-3
-2
-3
-3
-3
-3
-3
-3
-3
-4
-3
-3
-3
-3
-3
-2
-2
-3
-2
-2
-2
-2
-1
-2
-2
-2
-2
-2
-3
-3
-2
-2
-2
-2
-2
-2
-1
-1
-1
-1
-1
0
0
-1
-1
-1
-1
-1
-1
-1
-1
-1
-1
-1
-1
-2
-1
-1
-1
-1
-1
-1
-1
-1
-1
-1
-1
-1
0
0
0
0
0
0
0
0
0
0
1
1
1
1
1
1
1
1
0
1
1
1
1
0
0
0
0
0
0
0
0
1
0
0
0
0
0
0
-1
-1
-1
-1
-1
-1
-1
-1
0
0
0
1
1
3
4
4
5
6
7
7
8
8
8
9
9
10
9
8
9
9
8
7
8
7
7
7
7
6
6
6
6
5
4
4
4
3
3
2
2
1
1
0
-1
-1
-1
-1
-1
-2
-2
-2
-3
-3
-4
-4
-5
-4
-4
-4
-4
-5
-4
-4
-4
-3
-3
-2
-2
-2
-2
-2
-2
-2
-2
-2
-3
-3
-3
-4
-4
-4
-3
-3
-4
-4
-4
-3
-3
-3
-3
-3
-2
-2
-2
-2
-3
-2
-2
-2
-3
-3
-2
-2
-2
-2
-2
-2
-3
-2
-2
-2
-2
-1
-1
-1
-1
-1
-1
-1
-2
-1
-1
-1
-1
-1
-1
-1
-1
-1
-1
-2
-2
-1
-1
-1
-1
-1
-1
-1
-1
-1
-1
-1
0
0
0
0
0
0
0
0
0
0
0
0
0
0
0
0
0
0
0
0
0
0
0
0
1
1
1
1
1
1
1
1
1
1
0
0
0
0
0
0
0
0
0
0
0
0
0
1
1
1
0
0
0
0
1
1
1
2
2
3
4
5
5
6
7
7
8
7
8
9
8
8
7
6
6
6
6
5
6
5
5
4
3
3
3
3
4
3
3
2
2
1
1
1
1
1
1
1
1
-1
-1
-1
-2
-2
-2
-2
-3
-3
-3
-4
-4
-4
-3
-3
-3
-3
-3
-3
-4
-3
-3
-3
-3
-3
-3
-3
-3
-3
-2
-2
-2
-2
-2
-2
-2
-1
-1
-2
-2
-2
-2
-3
-3
-3
-2
-2
-2
-3
-3
-3
-3
-3
-3
-3
-2
-2
-2
-3
-3
-3
-2
-2
-2
-1
-1
-1
-1
-1
-2
-2
-1
-1
-1
-1
-1
-1
-1
-1
-1
-1
-1
0
-1
-1
-1
-1
-1
-1
-1
-1
-1
-1
-1
-1
-1
0
0
0
0
0
0
0
0
0
1
1
1
1
1
1
1
1
1
1
1
1
1
0
0
0
0
0
0
0
0
0
0
0
0
0
0
0
0
1
1
1
0
0
0
0
0
0
0
0
1
1
0
1
1
3
4
4
5
6
6
7
8
7
8
8
8
8
8
7
7
7
6
6
6
5
6
5
5
5
5
4
4
4
3
3
3
2
2
1
1
1
0
-1
-1
-1
-1
-1
-1
-2
-2
-2
-3
-3
-3
-3
-2
-3
-3
-4
-4
-4
-3
-3
-3
-3
-3
-3
-3
-4
-3
-3
-2
-2
-2
-3
-3
-3
-2
-2
-3
-3
-2
-2
-2
-2
-2
-3
-2
-2
-2
-3
-3
-2
-2
-2
-2
-2
-2
-3
-2
-2
-2
-2
-1
-2
-2
-2
-2
-2
-2
-2
-1
-1
-1
-2
-2
-2
-1
-1
-1
-1
-1
-1
-1
-1
-1
-2
-1
-1
-1
-1
-1
-1
-1
-1
-1
-1
-1
-1
0
0
0
0
0
0
0
0
0
0
0
0
0
0
0
0
0
0
0
0
0
0
0
0
1
1
1
1
1
1
1
1
1
1
1
1
1
0
0
0
0
0
0
0
0
-1
-1
-1
0
0
0
0
0
0
0
0
0
0
1
1
2
1
2
3
3
4
5
5
6
6
7
7
8
8
8
7
6
6
6
6
6
6
6
5
6
5
4
4
5
5
5
4
3
3
2
2
2
1
1
1
1
0
-1
-1
-1
-1
-1
-2
-2
-2
-2
-2
-3
-3
-3
-3
-3
-3
-4
-4
-3
-3
-4
-4
-4
-4
-4
-4
-3
-3
-4
-3
-3
-3
-3
-2
-2
-2
-1
-1
-2
-2
-2
-1
-2
-2
-2
-2
-2
-3
-3
-3
-3
-2
-2
-2
-2
-2
-2
-2
-2
-2
-1
-1
-1
-2
-2
-2
-2
-2
-1
-1
-1
-1
-1
-1
-1
-1
0
0
-1
-1
-1
-1
-1
-1
-1
-1
-1
-1
-1
-1
-1
0
0
0
0
0
0
0
0
0
0
0
0
0
0
0
0
0
0
0
0
0
0
0
0
0
0
0
0
0
0
0
0
1
1
1
1
1
1
1
0
0
0
0
0
0
-1
-1
-1
-1
-1
-1
-1
0
0
0
0
0
0
0
0
0
0
1
1
1
2
2
3
3
4
4
5
5
6
7
6
7
7
7
7
6
7
6
7
6
7
6
5
5
4
4
3
3
3
2
2
1
1
0
0
0
0
1
0
0
0
0
0
0
-1
-1
-1
-1
-2
-2
-3
-2
-3
-3
-3
-3
-3
-2
-2
-2
-3
-2
-2
-2
-2
-1
-1
-1
-1
-1
-2
-2
-3
-2
-2
-2
-3
-3
-3
-3
-3
-4
-3
-2
-2
-1
-2
-2
-2
-1
-2
-2
-2
-2
-1
-2
-2
-2
-3
-2
-2
-2
-2
-1
-1
-1
-1
-1
-2
-2
-2
-1
-1
-1
-1
-1
-1
-2
-2
-2
-2
-1
-1
-1
-1
-1
-1
-1
-1
-1
-1
-1
-1
-1
-1
-1
-1
-1
-1
0
0
0
0
1
1
1
0
0
0
0
0
0
-1
0
0
0
0
0
0
1
1
1
1
1
1
1
0
0
0
0
0
0
0
0
0
0
0
0
0
0
0
0
0
0
0
0
0
1
1
1
1
2
2
3
3
3
4
5
5
6
6
6
6
7
7
7
6
6
7
6
5
6
5
4
5
5
5
4
4
4
4
3
3
3
2
2
2
1
1
0
0
0
-1
-1
-1
-1
-1
-1
-1
-2
-2
-2
-2
-3
-3
-2
-2
-3
-3
-3
-3
-3
-2
-2
-2
-3
-2
-2
-2
-2
-2
-2
-2
-2
-2
-2
-2
-2
-1
-2
-2
-2
-2
-2
-2
-2
-2
-2
-3
-2
-2
-2
-1
-2
-2
-2
-1
-2
-2
-2
-2
-1
-2
-2
-3
-3
-2
-2
-2
-3
-2
-2
-2
-2
-2
-2
-2
-1
-1
-1
-1
-2
-1
-1
-1
-1
-1
-1
-1
-1
-1
-1
-1
-1
0
0
0
0
0
0
0
0
0
0
0
0
0
0
0
0
0
0
0
0
0
0
0
0
0
0
0
0
0
0
1
1
1
1
1
1
1
1
1
1
1
1
1
0
0
0
0
0
0
0
0
0
0
0
0
1
1
1
2
2
3
3
3
4
4
5
6
6
6
6
7
6
6
6
6
6
5
6
5
4
4
4
4
3
3
3
3
3
3
3
2
2
2
2
1
1
1
1
1
-1
-1
-1
-1
-2
-2
-2
-2
-3
-3
-3
-3
-3
-3
-3
-3
-3
-2
-2
-2
-2
-1
-1
-1
-1
-1
0
0
-1
-1
-1
-2
-2
-2
-3
-3
-4
-4
-4
-4
-4
-3
-3
-3
-2
-2
-2
-2
-2
-1
-2
-2
-2
-2
-2
-2
-2
-2
-2
-2
-2
-2
-2
-1
-1
-1
-1
-1
-1
-1
-1
-1
-1
0
0
0
0
0
0
-1
-1
-1
-1
-1
-1
-1
-1
-1
-1
-1
-1
-1
0
0
0
0
0
0
0
0
0
0
0
0
0
0
0
0
0
0
0
0
0
0
0
0
0
0
0
0
0
0
0
0
1
1
1
1
0
0
0
0
0
0
0
0
0
-1
-1
-1
-1
1
1
1
1
1
1
2
2
3
3
3
4
4
4
4
5
5
6
6
6
6
5
5
5
5
5
4
4
4
4
3
4
3
3
3
3
3
2
2
2
2
1
1
1
0
0
0
-1
-1
-1
-1
-2
-2
-2
-2
-2
-3
-3
-3
-3
-2
-2
-3
-3
-2
-2
-2
-2
-2
-1
-2
-2
-2
-2
-2
-2
-2
-2
-2
-2
-3
-3
-3
-2
-2
-2
-2
-2
-1
-1
-1
-1
-1
0
-1
-1
-1
-1
-1
-2
-2
-2
-2
-2
-2
-2
-3
-2
-2
-2
-2
-2
-1
-1
-1
-1
-1
-1
-1
0
0
-1
-1
-1
-1
-1
-1
-1
-1
-1
-1
-1
-1
-1
0
0
0
0
0
0
0
0
0
0
0
0
0
0
0
0
0
0
0
0
0
0
0
0
0
0
0
0
0
0
0
0
1
1
1
1
0
0
0
0
0
0
0
0
1
0
0
0
-1
1
1
1
1
1
1
1
1
0
1
1
2
3
2
3
3
4
5
5
6
6
6
6
6
5
6
6
5
5
5
4
4
3
4
4
3
3
3
3
3
3
3
2
2
2
2
1
1
1
1
1
0
0
0
0
0
0
-1
-1
-1
-2
-2
-2
-2
-3
-3
-3
-3
-3
-4
-3
-3
-3
-2
-2
-2
-3
-2
-2
-2
-2
-2
-1
-1
-1
-1
-1
-1
-1
-1
-1
-1
-1
-2
-2
-2
-2
-3
-3
-3
-3
-3
-2
-3
-3
-3
-2
-2
-2
-3
-2
-2
-2
-2
-2
-2
-1
-1
-1
-2
-2
-2
-1
-1
-1
-1
-1
-1
-1
-1
-1
-1
0
-1
-1
-1
-1
-1
-1
-1
-1
-1
-1
-1
-1
-1
0
0
0
0
0
0
0
0
0
0
0
0
0
0
0
0
0
0
0
0
0
0
0
0
0
0
0
0
0
0
0
0
0
0
0
0
1
1
1
1
0
1
1
1
1
0
0
0
0
0
0
0
0
2
1
1
2
2
4
4
5
5
5
6
6
6
6
6
6
6
6
6
6
5
6
5
4
5
5
4
4
4
4
4
3
3
3
2
2
2
1
1
1
1
1
0
0
-1
-1
-1
-1
-1
-2
-2
-2
-3
-3
-4
-4
-4
-3
-3
-3
-3
-3
-2
-2
-2
-1
-1
0
-1
-1
-1
-1
-2
-2
-2
-2
-2
-3
-3
-3
-3
-3
-3
-3
-3
-2
-2
-3
-3
-3
-2
-3
-3
-3
-2
-2
-2
-2
-2
-3
-2
-2
-2
-2
-1
-1
-1
-2
-2
-2
-2
-2
-1
-1
-1
-1
-1
-1
-1
-1
0
0
0
0
0
0
0
0
-1
-1
-1
-1
-1
-1
-1
-1
-1
-1
-1
-1
-1
0
0
1
1
1
1
1
1
1
1
1
1
1
1
1
0
0
0
0
0
1
1
1
1
1
1
1
1
1
0
0
0
0
-1
-1
-1
-1
-1
-1
-1
-1
-1
0
0
0
0
0
0
0
0
0
0
0
0
1
1
1
2
2
2
3
3
4
5
5
6
6
5
6
6
5
6
6
5
5
4
4
4
3
3
3
2
3
3
2
2
2
2
2
1
1
1
1
1
1
0
0
-1
-1
-1
-2
-2
-2
-2
-2
-3
-3
-3
-3
-3
-2
-2
-2
-1
-2
-2
-2
-2
-1
-2
-2
-2
-2
-2
-2
-2
-2
-1
-1
-1
-2
-2
-1
-1
-1
-2
-2
-2
-2
-2
-2
-2
-2
-1
-2
-2
-2
-3
-2
-2
-2
-2
-2
-2
-2
-2
-2
-1
-1
-1
-1
-1
-1
-1
-1
-1
-1
-1
-1
-1
-1
-1
-2
0
0
0
-1
-1
-1
-1
-1
-1
-1
-1
-1
0
-1
-1
-1
0
0
0
0
0
0
0
0
0
0
0
0
0
0
0
1
1
1
1
1
1
1
1
1
1
1
1
1
0
0
0
0
0
0
0
0
0
0
0
0
0
0
0
0
0
-1
0
0
0
0
0
0
0
0
0
0
0
0
0
0
0
0
0
0
0
0
0
0
0
0
0
0
0
0
0
0
0
0
0
0
0
0
0
0
0
0
0
0
0
0
0
0
0
0
0
0
0
0
0
0
0
0
0
0
0
0
0
0
163
118
72
27
-17
-62
-107
-152
-198
-242
-287
-333
-378
14
-32
-33
-33
-33
-32
-33
-33
-33
-33
-33
-33
-33
-33
-33
-33
-31
-32
-32
-31
-31
-32
-32
-31
-32
-32
-32
-31
-32
-32
-32
-32
-32
-32
-32
-32
-32
-32
-32
-32
-32
-32
-32
-32
-33
-33
-33
-33
-32
-33
-33
-32
-33
-34
-33
-34
-33
-33
-33
-34
-34
-33
-34
-33
-33
-33
-34
-34
-34
-34
-33
-34
-34
-33
-34
-34
-34
-34
-34
-34
-34
-34
-34
-33
-34
-33
-33
-33
-33
-34
-34
-34
-34
-34
-34
-34
-33
-34
-33
-34
-34
-33
-33
-33
-33
-33
-34
-34
-33
-33
-33
-33
-33
-32
-32
-32
-32
-32
-33
-32
-33
-32
-32
-32
-32
-32
-32
-32
-32
-33
-32
-32
-32
-32
-32
-32
-32
-32
-33
-32
-32
-32
-32
-32
-32
-31
-32
-33
-32
-32
-32
-32
-32
-32
-31
-32
-32
-32
-32
-31
-31
-31
-31
-32
-31
-31
-31
-31
-31
-31
-30
-31
-31
-31
-31
-30
-30
-30
-31
-31
-30
-30
-30
-29
-30
-29
-29
-29
-28
-28
-29
-29
-28
-28
-28
-28
-28
-28
-28
-27
-28
-28
-28
-28
-28
-28
-29
-28
-28
-28
-28
-29
-28
-28
-28
-28
-29
-29
-29
-29
-28
-29
-29
-29
-29
-29
-29
-30
-30
-29
-29
-30
-30
-30
-29
-29
-30
-30
-30
-29
-29
-30
-30
-30
-29
-29
-30
-30
-30
-30
-29
-30
-30
-30
-30
-29
-30
-30
-30
-30
-29
-30
-30
-30
-30
-29
-30
-30
-30
-30
-29
-29
-30
-29
-30
-29
-29
-28
-29
-29
-29
-29
-28
-29
-29
-29
-28
-28
-29
-28
-28
-28
-28
-28
-28
-28
-28
-27
-28
-28
-27
-27
-27
-28
-27
-27
-27
-28
-27
-27
-27
-27
-27
-27
-27
-26
-27
-27
-27
-27
-27
-27
-27
-26
-27
-27
-26
-26
-27
-27
-27
-26
-27
-27
-26
-26
-27
-26
-26
-27
-26
-26
-26
-26
-26
-26
-25
-26
-25
-25
-25
-25
-25
-24
-25
-24
-24
-25
-24
-24
-24
-24
-24
-23
-24
-24
-24
-24
-24
-24
-24
-25
-24
-25
-25
-24
-24
-25
-25
-24
-25
-25
-25
-26
-25
-25
-26
-26
-25
-25
-26
-25
-25
-26
-26
-25
-26
-26
-25
-25
-26
-26
-25
-26
-25
-25
-26
-25
-25
-26
-26
-25
-26
-26
-25
-25
-26
-26
-25
-26
-26
-26
-26
-26
-26
-26
-26
-25
-25
-26
-25
-25
-25
-26
-25
-25
-26
-25
-25
-26
-26
-25
-25
-25
-25
-25
-26
-25
-25
-24
-26
-25
-25
-25
-25
-25
-25
-25
-25
-24
-25
-24
-25
-25
-25
-25
-25
-25
-24
-25
-25
-24
-25
-24
-24
-24
-25
-24
-24
-24
-24
-24
-25
-24
-24
-24
-24
-24
-25
-24
-24
-25
-24
-24
-24
-24
-24
-24
-24
-23
-24
-24
-23
-24
-23
-23
-23
-23
-22
-23
-22
-21
-22
-22
-21
-22
-21
-22
-22
-21
-22
-21
-21
-22
-22
-22
-22
-22
-23
-22
-22
-23
-23
-23
-23
-23
-23
-23
-22
-24
-23
-23
-23
-23
-24
-23
-23
-24
-23
-23
-23
-23
-23
-24
-23
-24
-23
-23
-23
-23
-23
-23
-23
-23
-23
-22
-23
-23
-22
-23
-22
-23
-23
-22
-23
-23
-23
-23
-22
-23
-22
-22
-23
-22
-23
-22
-22
-22
-22
-22
-22
-22
-21
-22
-22
-22
-22
-21
-22
-22
-21
-22
-22
-22
-22
-22
-22
-22
-22
-23
-23
-23
-23
-23
-24
-24
-23
-24
-24
-24
-24
-24
-25
-24
-24
-25
-25
-24
-25
-25
-24
-25
-25
-24
-25
-25
-25
-25
-25
-25
-25
-25
-25
-26
-25
-25
-26
-26
-25
-26
-26
-26
-27
-26
-26
-27
-27
-27
-26
-27
-27
-26
-27
-27
-27
-26
-27
-26
-26
-27
-26
-26
-26
-26
-26
-25
-26
-25
-25
-24
-25
-25
-24
-25
-24
-24
-24
-24
-24
-24
-25
-24
-24
-25
-25
-24
-24
-25
-24
-24
-25
-25
-24
-25
-24
-24
-25
-24
-24
-25
-24
-24
-23
-24
-23
-23
-24
-23
-23
-23
-23
-22
-23
-23
-22
-23
-22
-23
-22
-22
-23
-22
-22
-22
-22
-22
-23
-22
-23
-22
-22
-23
-22
-22
-22
-22
-23
-22
-22
-23
-22
-22
-23
-23
-23
-23
-22
-23
-23
-23
-23
-23
-22
-24
-23
-23
-23
-23
-24
-23
-23
-24
-24
-23
-24
-23
-23
-24
-23
-24
-23
-24
-24
-24
-23
-24
-24
-24
-24
-24
-24
-24
-24
-25
-24
-24
-25
-24
-24
-24
-24
-24
-25
-24
-24
-24
-24
-24
-24
-24
-23
-24
-24
-24
-24
-24
-23
-24
-24
-24
-24
-24
-23
-24
-24
-24
-24
-24
-23
-24
-24
-23
-24
-23
-23
-23
-22
-23
-22
-21
-22
-22
-21
-21
-21
-22
-21
-21
-21
-21
-21
-21
-21
-22
-22
-21
-22
-22
-22
-23
-22
-23
-23
-23
-24
-23
-23
-23
-24
-23
-24
-24
-24
-24
-23
-24
-24
-24
-24
-24
-23
-24
-23
-24
-23
-23
-23
-22
-22
-22
-21
-21
-21
-20
-20
-19
-20
-19
-20
-19
-18
-19
-18
-19
-18
-19
-18
-19
-18
-18
-18
-18
-18
-18
-18
-18
-19
-18
-18
-18
-18
-18
-18
-19
-18
-19
-19
-19
-19
-19
-19
-19
-20
-20
-19
-20
-20
-21
-20
-21
-21
-22
-21
-21
-22
-21
-22
-22
-23
-22
-23
-23
-22
-23
-23
-24
-23
-24
-24
-24
-24
-24
-25
-25
-24
-25
-25
-25
-25
-25
-26
-25
-25
-26
-26
-26
-26
-26
-25
-26
-26
-25
-26
-26
-25
-26
-25
-25
-25
-25
-24
-24
-24
-23
-24
-23
-22
-23
-22
-22
-22
-22
-21
-21
-21
-21
-21
-21
-21
-21
-21
-20
-21
-21
-22
-21
-21
-21
-21
-20
-21
-21
-21
-21
-20
-21
-20
-21
-20
-20
-21
-20
-21
-20
-20
-20
-20
-20
-19
-19
-20
-19
-19
-19
-19
-19
-19
-18
-19
-19
-18
-18
-18
-18
-18
-19
-18
-19
-18
-19
-19
-19
-19
-19
-19
-20
-19
-20
-19
-20
-20
-19
-20
-19
-19
-19
-20
-19
-20
-19
-20
-19
-18
-19
-18
-18
-18
-19
-18
-18
-18
-18
-18
-18
-17
-18
-18
-18
-17
-18
-17
-18
-18
-18
-18
-18
-18
-18
-17
-18
-17
-18
-18
-18
-17
-18
-17
-18
-17
-17
-17
-18
-17
-17
-17
-17
-17
-18
-17
-18
-17
-18
-17
-18
-18
-18
-18
-18
-18
-18
-18
-18
-18
-18
-18
-18
-18
-18
-18
-18
-17
-18
-16
-17
-16
-16
-17
-16
-16
-15
-16
-16
-16
-15
-16
-16
-16
-16
-17
-16
-17
-17
-17
-18
-17
-19
-18
-19
-19
-19
-20
-19
-20
-20
-20
-21
-21
-21
-22
-22
-23
-23
-23
-23
-23
-24
-24
-24
-24
-24
-25
-25
-25
-25
-25
-25
-26
-26
-26
-26
-26
-26
-25
-26
-26
-25
-26
-26
-26
-26
-26
-27
-26
-26
-26
-26
-26
-26
-26
-26
-26
-26
-25
-25
-26
-25
-25
-25
-25
-24
-25
-24
-24
-24
-24
-24
-23
-24
-23
-22
-23
-22
-22
-22
-21
-21
-21
-21
-20
-20
-20
-19
-20
-19
-19
-19
-19
-19
-18
-19
-18
-18
-18
-18
-18
-18
-18
-17
-17
-17
-17
-17
-17
-17
-17
-17
-17
-17
-16
-17
-17
-17
-16
-17
-16
-17
-16
-17
-17
-17
-16
-17
-17
-17
-17
-17
-16
-17
-16
-17
-17
-16
-16
-15
-15
-15
-15
-14
-14
-14
-13
-13
-12
-13
-13
-12
-13
-12
-13
-13
-13
-14
-13
-14
-14
-14
-15
-14
-15
-14
-15
-15
-15
-16
-15
-16
-15
-16
-16
-16
-16
-16
-17
-16
-17
-17
-17
-17
-16
-17
-16
-17
-16
-17
-17
-17
-17
-17
-17
-16
-17
-16
-16
-17
-17
-17
-16
-17
-16
-16
-17
-17
-17
-16
-17
-16
-17
-17
-16
-17
-16
-16
-16
-16
-16
-16
-16
-16
-16
-16
-16
-15
-16
-16
-16
-15
-16
-15
-16
-15
-16
-15
-16
-16
-15
-16
-16
-16
-16
-16
-16
-16
-16
-17
-16
-17
-17
-17
-18
-17
-18
-17
-18
-17
-18
-18
-18
-18
-18
-18
-18
-19
-19
-19
-19
-19
-19
-19
-19
-20
-19
-20
-19
-20
-20
-20
-20
-20
-20
-20
-20
-20
-20
-20
-20
-20
-20
-20
-20
-20
-20
-20
-21
-20
-20
-19
-20
-19
-19
-18
-17
-18
-17
-16
-16
-15
-15
-15
-15
-14
-14
-13
-14
-13
-13
-13
-14
-13
-13
-14
-14
-14
-14
-15
-15
-15
-15
-16
-15
-16
-15
-16
-15
-16
-16
-16
-17
-16
-17
-17
-17
-17
-17
-17
-17
-17
-17
-18
-18
-18
-18
-18
-18
-18
-17
-18
-17
-18
-18
-18
-18
-18
-18
-17
-18
-17
-18
-18
-18
-18
-18
-18
-18
-19
-18
-19
-18
-19
-18
-19
-19
-19
-19
-19
-19
-19
-19
-19
-19
-20
-19
-19
-19
-19
-19
-19
-19
-19
-19
-19
-19
-18
-19
-18
-19
-18
-18
-18
-18
-18
-18
-18
-17
-18
-18
-18
-17
-18
-17
-18
-18
-18
-18
-18
-18
-18
-17
-18
-18
-18
-18
-18
-18
-18
-18
-19
-18
-19
-18
-19
-18
-18
-18
-18
-18
-19
-18
-18
-18
-18
-18
-18
-18
-18
-18
-18
-18
-18
-17
-18
-17
-18
-17
-17
-17
-17
-16
-16
-15
-16
-15
-14
-14
-13
-13
-12
-12
-12
-11
-11
-11
-11
-11
-10
-10
-10
-10
-11
-10
-11
-11
-12
-12
-12
-12
-12
-13
-14
-13
-14
-14
-14
-14
-14
-15
-14
-15
-15
-15
-16
-16
-16
-17
-16
-17
-16
-17
-17
-17
-18
-17
-18
-17
-18
-18
-18
-18
-17
-18
-18
-18
-19
-18
-18
-18
-19
-18
-19
-19
-19
-19
-19
-19
-18
-19
-19
-19
-19
-19
-19
-20
-19
-20
-19
-20
-19
-20
-19
-19
-19
-19
-19
-19
-19
-19
-19
-18
-19
-19
-19
-18
-18
-18
-18
-19
-18
-19
-18
-19
-18
-19
-18
-18
-18
-18
-18
-18
-18
-18
-17
-18
-17
-18
-17
-17
-17
-18
-17
-17
-17
-17
-17
-17
-17
-17
-17
-17
-17
-17
-16
-17
-16
-16
-16
-17
-16
-16
-17
-16
-17
-16
-17
-16
-17
-16
-16
-16
-17
-16
-16
-16
-17
-16
-16
-17
-16
-17
-16
-16
-16
-16
-15
-15
-15
-14
-14
-13
-13
-12
-12
-11
-10
-10
-10
-9
-9
-8
-7
-8
-8
-7
-7
-8
-7
-7
-7
-7
-8
-8
-9
-8
-9
-9
-9
-10
-10
-10
-10
-11
-11
-12
-12
-12
-12
-13
-13
-13
-14
-13
-14
-15
-14
-15
-15
-15
-16
-15
-16
-16
-16
-16
-17
-17
-17
-17
-17
-18
-17
-18
-18
-17
-18
-18
-18
-19
-18
-19
-18
-19
-20
-19
-20
-19
-20
-19
-19
-19
-20
-19
-20
-19
-19
-19
-19
-19
-19
-19
-19
-19
-19
-19
-19
-18
-18
-19
-18
-19
-18
-18
-18
-18
-18
-19
-18
-18
-18
-17
-18
-17
-17
-17
-17
-17
-17
-17
-17
-16
-17
-16
-17
-16
-17
-16
-17
-17
-16
-17
-16
-17
-16
-17
-16
-17
-16
-17
-16
-16
-16
-17
-16
-16
-16
-16
-17
-16
-16
-16
-17
-16
-17
-16
-17
-16
-17
-17
-17
-17
-17
-17
-17
-18
-17
-18
-17
-18
-17
-18
-17
-18
-18
-18
-17
-18
-17
-18
-18
-17
-18
-16
-16
-15
-16
-15
-14
-14
-13
-13
-12
-12
-12
-10
-10
-10
-9
-9
-8
-8
-8
-7
-7
-7
-6
-6
-7
-6
-7
-8
-8
-8
-9
-9
-9
-9
-10
-9
-10
-10
-10
-11
-11
-11
-11
-12
-11
-12
-13
-12
-13
-13
-13
-13
-14
-14
-14
-15
-14
-15
-15
-14
-15
-15
-14
-15
-15
-14
-15
-15
-15
-15
-16
-15
-15
-16
-15
-15
-16
-16
-16
-16
-16
-16
-16
-16
-17
-16
-17
-16
-17
-17
-16
-17
-17
-17
-17
-17
-17
-17
-16
-17
-16
-17
-16
-17
-16
-16
-16
-16
-15
-16
-17
-16
-16
-16
-16
-16
-16
-15
-16
-15
-16
-15
-16
-16
-15
-16
-15
-16
-15
-15
-16
-16
-16
-15
-16
-15
-15
-16
-15
-15
-15
-15
-15
-15
-16
-15
-15
-15
-15
-15
-15
-15
-15
-16
-15
-15
-15
-15
-14
-15
-15
-15
-15
-15
-15
-14
-15
-15
-15
-15
-15
-15
-15
-15
-15
-14
-15
-14
-14
-14
-14
-14
-13
-13
-13
-12
-11
-11
-10
-10
-10
-8
-8
-8
-6
-6
-6
-6
-5
-5
-5
-5
-4
-4
-4
-4
-4
-4
-5
-5
-5
-5
-6
-7
-6
-7
-7
-8
-8
-9
-9
-9
-9
-10
-11
-10
-11
-11
-12
-11
-12
-13
-12
-13
-13
-13
-14
-14
-15
-14
-15
-15
-14
-15
-15
-14
-15
-16
-15
-15
-16
-16
-16
-16
-16
-16
-16
-17
-16
-16
-17
-17
-17
-17
-17
-18
-17
-17
-17
-17
-18
-17
-18
-17
-18
-17
-18
-18
-18
-18
-18
-18
-18
-17
-18
-17
-18
-17
-18
-17
-18
-17
-17
-17
-17
-17
-17
-17
-17
-17
-17
-16
-17
-16
-17
-16
-17
-16
-17
-16
-17
-17
-16
-17
-16
-16
-16
-16
-16
-16
-16
-16
-16
-16
-16
-15
-16
-16
-16
-15
-16
-15
-15
-16
-15
-15
-15
-15
-15
-15
-15
-15
-15
-15
-15
-14
-15
-14
-15
-15
-15
-15
-14
-15
-14
-14
-15
-14
-14
-13
-13
-13
-12
-12
-11
-10
-10
-9
-8
-8
-7
-6
-6
-5
-5
-4
-4
-3
-4
-3
-3
-3
-3
-3
-3
-3
-3
-4
-3
-4
-4
-5
-4
-5
-6
-6
-7
-7
-8
-8
-9
-9
-10
-10
-11
-11
-11
-12
-11
-12
-12
-13
-13
-13
-14
-13
-14
-14
-15
-14
-15
-16
-15
-15
-16
-16
-16
-16
-16
-16
-16
-16
-16
-17
-17
-17
-17
-18
-17
-18
-18
-18
-18
-18
-18
-19
-19
-19
-18
-19
-19
-19
-18
-19
-18
-19
-18
-19
-18
-19
-18
-19
-18
-17
-18
-17
-17
-17
-17
-17
-17
-16
-17
-16
-17
-16
-16
-16
-16
-16
-16
-15
-16
-16
-16
-16
-15
-16
-15
-16
-15
-16
-15
-15
-16
-15
-15
-15
-15
-15
-15
-15
-15
-15
-15
-15
-14
-15
-14
-15
-14
-15
-15
-14
-15
-14
-14
-14
-14
-15
-14
-14
-14
-14
-15
-14
-14
-13
-14
-15
-14
-14
-14
-14
-14
-14
-14
-14
-14
-14
-14
-14
-14
-14
-14
-13
-13
-13
-12
-12
-12
-10
-10
-10
-8
-7
-7
-6
-5
-5
-4
-3
-2
-2
-2
-2
0
0
-1
-1
-1
0
0
-1
-1
-1
-1
-1
-1
-1
-2
-3
-3
-3
-3
-4
-5
-5
-6
-5
-6
-7
-7
-8
-8
-9
-9
-10
-11
-11
-12
-12
-12
-12
-13
-13
-14
-13
-14
-14
-15
-15
-15
-16
-16
-16
-16
-16
-17
-16
-17
-17
-17
-17
-18
-17
-17
-18
-18
-18
-18
-18
-18
-19
-18
-18
-18
-18
-18
-18
-18
-18
-18
-18
-18
-18
-18
-18
-18
-18
-18
-18
-17
-18
-18
-18
-17
-18
-17
-18
-17
-18
-17
-16
-17
-16
-16
-15
-16
-16
-15
-16
-16
-16
-15
-15
-15
-15
-14
-15
-14
-15
-15
-14
-15
-14
-14
-14
-14
-14
-14
-14
-13
-14
-14
-14
-14
-13
-14
-14
-13
-14
-13
-14
-13
-13
-14
-13
-13
-14
-13
-14
-13
-13
-13
-13
-13
-13
-13
-13
-13
-14
-12
-13
-13
-13
-13
-13
-13
-13
-14
-13
-13
-12
-13
-13
-13
-13
-13
-12
-13
-13
-12
-12
-12
-11
-11
-11
-9
-9
-9
-7
-6
-6
-5
-4
-3
-2
-2
-1
-1
0
0
0
1
1
1
1
1
1
1
0
0
0
1
0
0
-1
-1
-1
-2
-2
-2
-3
-3
-4
-5
-5
-5
-5
-6
-7
-7
-8
-7
-8
-9
-9
-10
-10
-10
-10
-11
-12
-12
-12
-12
-13
-14
-14
-14
-14
-14
-15
-14
-15
-15
-16
-15
-16
-16
-16
-16
-17
-17
-18
-17
-18
-18
-18
-19
-18
-19
-19
-19
-19
-19
-19
-18
-19
-19
-19
-18
-19
-18
-19
-18
-19
-18
-19
-18
-19
-18
-18
-18
-17
-17
-17
-18
-17
-17
-17
-17
-17
-17
-16
-17
-16
-16
-16
-16
-16
-16
-17
-16
-16
-16
-16
-15
-16
-15
-16
-15
-15
-15
-15
-15
-15
-15
-14
-15
-14
-15
-14
-15
-15
-14
-15
-14
-14
-14
-14
-15
-14
-15
-14
-14
-14
-14
-14
-14
-14
-13
-14
-14
-14
-14
-13
-14
-14
-13
-14
-13
-14
-14
-13
-14
-14
-14
-14
-13
-13
-14
-13
-13
-12
-12
-12
-11
-11
-10
-10
-8
-8
-8
-6
-5
-5
-4
-2
-2
-1
-1
0
0
2
1
2
2
2
2
3
3
3
3
2
3
2
2
2
1
2
1
1
1
0
0
0
-1
-2
-2
-1
-2
-3
-3
-4
-4
-5
-6
-6
-6
-6
-7
-7
-8
-8
-9
-10
-9
-10
-10
-11
-11
-12
-12
-11
-12
-12
-13
-13
-13
-13
-13
-14
-14
-14
-15
-15
-15
-15
-16
-15
-16
-16
-15
-16
-17
-16
-16
-16
-16
-17
-17
-17
-17
-17
-18
-17
-17
-17
-18
-17
-18
-17
-18
-17
-18
-18
-18
-18
-18
-18
-18
-17
-18
-17
-18
-17
-18
-17
-18
-17
-17
-17
-17
-16
-17
-16
-16
-17
-17
-17
-16
-17
-16
-16
-16
-16
-15
-16
-15
-16
-16
-15
-16
-15
-16
-15
-15
-15
-15
-16
-15
-15
-15
-15
-14
-15
-14
-14
-15
-14
-15
-14
-14
-14
-14
-15
-14
-14
-14
-14
-13
-13
-14
-14
-14
-13
-13
-14
-13
-13
-12
-13
-14
-12
-13
-13
-13
-13
-12
-13
-12
-12
-12
-11
-10
-10
-9
-8
-8
-7
-7
-5
-4
-4
-3
-3
-1
-1
0
0
0
2
2
2
2
2
2
2
2
3
3
3
3
3
3
2
2
2
1
1
1
2
1
1
0
0
0
-1
-2
-2
-3
-4
-4
-4
-4
-5
-5
-6
-7
-7
-8
-8
-8
-8
-9
-9
-10
-10
-11
-11
-11
-11
-12
-12
-12
-13
-13
-13
-13
-14
-14
-15
-14
-15
-15
-16
-16
-16
-16
-17
-17
-18
-17
-18
-18
-18
-18
-18
-19
-19
-19
-19
-19
-19
-19
-19
-19
-20
-19
-19
-19
-19
-19
-19
-19
-19
-19
-19
-19
-19
-19
-19
-18
-18
-18
-17
-18
-17
-17
-17
-17
-17
-17
-16
-17
-16
-16
-16
-16
-16
-15
-15
-15
-15
-15
-15
-14
-15
-14
-14
-14
-14
-14
-14
-14
-13
-14
-13
-13
-14
-13
-13
-13
-13
-13
-12
-13
-12
-13
-12
-12
-13
-12
-12
-12
-12
-12
-12
-11
-12
-11
-12
-12
-11
-12
-12
-11
-11
-12
-11
-11
-11
-11
-11
-12
-10
-11
-11
-10
-10
-9
-9
-8
-7
-7
-6
-5
-4
-3
-3
-2
-1
0
1
1
1
2
2
2
3
4
4
4
4
4
4
4
4
4
3
3
3
3
3
3
3
3
2
2
2
1
1
0
0
0
-1
-1
-2
-3
-3
-3
-4
-4
-4
-5
-5
-6
-6
-7
-7
-7
-8
-8
-9
-9
-9
-9
-10
-10
-10
-11
-11
-11
-12
-12
-12
-12
-13
-13
-14
-13
-13
-14
-15
-14
-14
-15
-16
-15
-16
-16
-16
-17
-17
-16
-17
-17
-17
-17
-17
-18
-18
-18
-18
-18
-18
-19
-18
-19
-18
-19
-19
-19
-18
-19
-18
-19
-19
-19
-19
-19
-19
-19
-19
-19
-18
1000
-18
-18
-18
-18
-18
-18
-18
-18
-17
-18
-17
-17
-17
-17
-16
-17
-16
-17
-17
-16
-17
-16
-16
-15
-16
-15
-16
-15
-15
-15
-15
-14
-15
-14
-14
-14
-14
-14
-14
-14
-13
-14
-13
-13
-14
-13
-13
-12
-13
-14
-13
-13
-13
-13
-14
-13
-13
-13
-13
-13
-12
-12
-12
-10
-10
-9
-8
-7
-6
-6
-4
-3
-2
-1
-1
1
2
2
3
3
4
4
4
5
5
6
5
6
5
5
5
5
5
5
5
5
5
4
4
4
4
4
3
3
3
2
2
2
1
1
0
0
-1
-1
-1
-2
-2
-2
-2
-3
-3
-3
-4
-4
-4
-5
-5
-5
-6
-6
-7
-7
-8
-8
-8
-9
-9
-9
-10
-10
-11
-11
-12
-11
-12
-12
-13
-13
-13
-13
-14
-15
-14
-15
-15
-15
-15
-16
-16
-16
-17
-16
-17
-17
-17
-18
-17
-18
-17
-18
-18
-18
-19
-18
-19
-18
-19
-18
-19
-19
-19
-19
-19
-19
-19
-19
-20
-19
-20
-19
-20
-19
-20
-19
-19
-19
-19
-18
-19
-18
-18
-18
-18
-18
-18
-17
-18
-17
-17
-16
-17
-16
-16
-16
-16
-16
-16
-15
-16
-15
-15
-14
-15
-15
-14
-15
-14
-15
-14
-14
-14
-14
-13
-13
-14
-13
-14
-13
-13
-13
-13
-13
-13
-13
-12
-12
-13
-12
-12
-11
-12
-12
-12
-12
-12
-12
-12
-11
-11
-11
-11
-10
-10
-9
-8
-7
-7
-6
-4
-3
-3
-2
-1
0
1
2
2
3
4
4
5
5
6
6
7
7
7
7
7
7
7
7
7
7
7
7
7
7
7
7
6
6
6
6
6
6
6
6
5
5
5
4
4
4
4
3
3
1
1
1
0
0
0
-1
-1
-2
-2
-2
-3
-3
-4
-4
-4
-4
-5
-6
-7
-7
-8
-8
-8
-9
-8
-8
-9
-10
-10
-10
-11
-11
-12
-11
-12
-12
-13
-12
-13
-14
-14
-14
-14
-15
-15
-15
-16
-15
-16
-17
-17
-17
-18
-17
-18
-18
-19
-19
-19
-19
-19
-19
-19
-20
-19
-20
-19
-20
-19
-20
-20
-20
-20
-20
-20
-20
-20
-20
-19
-20
-20
-20
-20
-20
-20
-20
-20
-20
-19
-20
-19
-19
-19
-19
-18
-18
-18
-18
-18
-17
-18
-17
-17
-16
-17
-16
-16
-15
-16
-15
-16
-15
-15
-15
-15
-14
-15
-14
-14
-14
-14
-15
-14
-14
-14
-14
-13
-13
-13
-13
-13
-12
-13
-12
-12
-12
-11
-12
-11
-11
-10
-9
-9
-8
-8
-6
-5
-5
-3
-2
-1
0
0
1
1
3
4
4
4
5
6
6
6
6
7
7
7
7
8
8
8
8
8
8
8
8
8
8
8
8
8
8
8
8
7
6
6
6
6
6
5
5
5
5
5
4
3
2
2
2
2
1
1
1
0
0
-2
-2
-2
-3
-3
-3
-3
-4
-4
-5
-5
-5
-6
-6
-7
-7
-7
-8
-9
-9
-9
-10
-11
-11
-12
-11
-12
-12
-13
-14
-13
-14
-14
-15
-14
-15
-16
-15
-16
-16
-16
-17
-17
-17
-17
-17
-17
-18
-18
-18
-18
-18
-19
-18
-19
-19
-19
-19
-19
-19
-19
-19
-20
-19
-20
-19
-20
-19
-20
-20
-20
-20
-20
-20
-20
-20
-20
-19
-20
-19
-20
-19
-19
-19
-19
-19
-19
-19
-18
-18
-18
-18
-17
-18
-17
-18
-17
-17
-17
-17
-17
-17
-16
-16
-16
-16
-15
-16
-15
-16
-15
-15
-15
-15
-14
-14
-15
-14
-14
-13
-14
-12
-12
-12
-11
-11
-10
-8
-7
-7
-5
-4
-3
-2
-1
0
1
1
2
4
4
5
5
6
6
6
7
7
8
8
9
9
10
10
10
10
10
11
11
11
11
11
11
11
10
10
10
10
10
10
10
10
9
8
8
8
8
7
7
6
6
5
5
4
4
3
2
2
2
1
1
0
-1
-1
-2
-2
-3
-3
-4
-4
-6
-6
-7
-7
-7
-8
-8
-8
-9
-10
-10
-10
-10
-11
-11
-12
-12
-13
-13
-13
-14
-14
-15
-14
-15
-15
-16
-16
-16
-17
-16
-17
-17
-17
-18
-17
-18
-18
-18
-19
-18
-19
-18
-19
-18
-19
-20
-19
-20
-19
-20
-19
-20
-20
-20
-20
-20
-20
-20
-20
-20
-20
-20
-20
-20
-20
-20
-20
-20
-21
-19
-20
-19
-20
-19
-20
-19
-18
-19
-18
-18
-18
-18
-18
-18
-18
-18
-17
-18
-17
-17
-17
-17
-16
-17
-16
-17
-16
-16
-16
-16
-16
-16
-15
-16
-15
-15
-15
-15
-15
-15
-14
-14
-14
-13
-12
-11
-10
-10
-8
-7
-6
-4
-4
-2
-2
0
1
1
2
3
3
4
6
7
7
8
9
9
10
10
11
11
12
12
12
1000
13
12
12
12
12
12
12
12
12
12
11
11
11
10
10
10
10
9
8
8
8
7
7
7
6
6
5
5
4
4
3
2
2
2
2
1
0
-1
-1
-1
-2
-2
-4
-4
-4
-5
-5
-6
-6
-6
-7
-7
-7
-8
-8
-8
-9
-10
-10
-10
-11
-11
-11
-11
-12
-12
-13
-13
-13
-14
-14
-14
-14
-15
-15
-15
-16
-15
-16
-16
-16
-16
-17
-17
-17
-17
-17
-18
-18
-18
-18
-18
-18
-18
-19
-18
-19
-19
-19
-19
-19
-19
-19
-18
-19
-19
-19
-19
-19
-19
-19
-19
-19
-18
-19
-19
-19
-19
-19
-18
-19
-18
-18
-18
-18
-17
-18
-17
-18
-17
-18
-17
-17
-17
-17
-16
-16
-16
-16
-15
-16
-15
-16
-15
-15
-15
-15
-14
-15
-15
-14
-14
-14
-14
-14
-13
-13
-13
-14
-13
-13
-12
-12
-12
-11
-10
-10
-8
-7
-6
-4
-3
-3
-2
-1
1
2
2
3
4
5
6
7
8
9
10
10
11
11
12
11
12
12
12
12
12
13
13
13
13
13
12
12
12
12
12
12
12
11
10
10
10
9
9
8
8
7
7
6
6
6
4
4
4
4
3
2
2
1
1
0
0
0
-2
-2
-2
-3
-3
-4
-4
-5
-6
-6
-7
-7
-7
-7
-8
-9
-8
-9
-10
-10
-10
-10
-11
-10
-10
-11
-12
-12
-11
-12
-13
-13
-13
-13
-14
-14
-14
-14
-15
-14
-15
-15
-15
-15
-15
-16
-16
-16
-16
-17
-16
-17
-17
-17
-17
-17
-18
-17
-17
-17
-18
-17
-18
-17
-18
-18
-17
-18
-17
-18
-17
-18
-17
-18
-17
-17
-18
-17
-18
-17
-18
-17
-18
-17
-17
-17
-17
-16
-17
-16
-17
-16
-17
-17
-17
-17
-16
-17
-16
-16
-16
-16
-16
-16
-15
-16
-15
-15
-15
-15
-15
-14
-15
-14
-14
-13
-13
-12
-11
-10
-10
-8
-7
-6
-5
-4
-3
-2
-1
0
1
2
3
4
5
6
6
7
7
8
8
9
9
9
10
10
10
11
10
10
11
11
11
11
11
11
10
10
9
9
9
9
9
9
9
8
7
7
7
6
6
5
5
4
3
3
2
2
2
1
1
1
0
-1
-1
-2
-2
-2
-3
-3
-4
-5
-5
-5
-5
-5
-6
-6
-6
-7
-7
-7
-8
-8
-8
-9
-9
-10
-10
-10
-10
-10
-11
-11
-11
-11
-12
-12
-12
-12
-12
-12
-13
-13
-13
-14
-13
-14
-14
-14
-14
-15
-14
-15
-15
-15
-15
-15
-15
-16
-15
-16
-15
-15
-16
-15
-16
-16
-16
-17
-16
-16
-16
-16
-17
-16
-17
-16
-17
-16
-17
-17
-16
-17
-16
-17
-16
-16
-17
-16
-17
-16
-16
-16
-16
-15
-16
-16
-15
-16
-15
-16
-15
-15
-15
-15
-15
-14
-15
-14
-14
-14
-14
-15
-14
-14
-14
-14
-13
-14
-14
-14
-14
-13
-14
-13
-13
-14
-13
-13
-13
-13
-13
-12
-11
-11
-9
-9
-8
-6
-5
-5
-4
-3
-1
0
0
1
2
3
4
5
5
6
6
7
8
8
8
8
9
9
10
9
10
10
10
10
10
10
10
10
10
9
9
9
9
9
9
9
8
8
8
6
6
6
6
5
5
4
4
4
3
2
2
1
1
1
1
1
0
-1
-1
-1
-2
-2
-2
-3
-3
-4
-4
-5
-5
-5
-5
-5
-6
-6
-7
-7
-7
-8
-8
-8
-8
-9
-8
-9
-9
-9
-10
-10
-9
-10
-10
-11
-11
-10
-11
-11
-12
-11
-11
-12
-12
-12
-12
-13
-12
-13
-13
-12
-13
-13
-13
-13
-14
-13
-13
-14
-13
-14
-14
-13
-14
-14
-14
-14
-13
-14
-14
-13
-14
-14
-13
-13
-14
-13
-14
-14
-13
-14
-13
-14
-14
-13
-13
-14
-13
-13
-13
-12
-13
-12
-13
-12
-12
-12
-13
-12
-12
-11
-12
-12
-11
-11
-12
-11
-12
-12
-11
-12
-12
-11
-12
-11
-12
-12
-11
-12
-12
-12
-12
-12
-11
-12
-12
-11
-11
-11
-9
-9
-8
-8
-6
-5
-4
-4
-3
-1
0
1
1
2
2
3
4
5
6
6
6
7
7
7
8
8
8
9
9
9
9
9
10
9
8
8
8
8
8
7
8
7
7
7
7
7
7
6
6
5
4
4
4
1000
3
3
3
2
2
1
1
1
-1
-1
-1
-1
-2
-2
-2
-2
-2
-3
-4
-4
-4
-5
-5
-5
-6
-6
-6
-6
-7
-7
-7
-7
-8
-9
-9
-8
-8
-9
-9
-9
-10
-9
-10
-10
-11
-11
-10
-11
-12
-12
-11
-12
-12
-13
-12
-12
-13
-12
-12
-13
-12
-13
-13
-12
-13
-13
-13
-13
-14
-13
-14
-14
-14
-14
-14
-14
-14
-14
-14
-15
-14
-15
-15
-14
-15
-15
-14
-15
-14
-15
-15
-14
-15
-15
-14
-15
-14
-14
-15
-14
-14
-13
-14
-14
-14
-14
-13
-14
-14
-13
-14
-13
-13
-13
-13
-13
-13
-13
-13
-13
-13
-13
-12
-13
-12
-13
-12
-12
-13
-12
-12
-12
-12
-11
-11
-10
-9
-8
-8
-6
-5
-5
-4
-3
-2
-1
-1
0
0
2
2
3
3
4
4
4
4
5
5
5
7
6
7
7
7
7
7
7
7
7
7
7
7
6
6
5
5
5
5
5
4
4
4
3
3
3
3
2
2
2
2
1
1
1
0
0
0
-1
-2
-2
-2
-2
-3
-3
-3
-3
-3
-4
-4
-4
-4
-4
-5
-5
-5
-6
-6
-6
-6
-7
-7
-7
-7
-7
-8
-8
-7
-8
-8
-8
-9
-9
-8
-9
-9
-9
-10
-9
-10
-10
-10
-10
-10
-10
-10
-10
-10
-11
-11
-10
-11
-11
-10
-11
-11
-11
-11
-11
-12
-11
-11
-12
-11
-11
-11
-12
-12
-12
-12
-12
-12
-12
-12
-12
-12
-12
-12
-12
-12
-12
-12
-13
-12
-12
-13
-12
-12
-12
-12
-12
-12
-11
-12
-12
-12
-11
-12
-12
-12
-12
-11
-12
-12
-11
-11
-12
-11
-12
-12
-11
-12
-12
-11
-11
-12
-11
-12
-12
-12
-12
-12
-12
-12
-12
-12
-12
-12
-11
-11
-11
-9
-9
-9
-8
-7
-6
-5
-5
-4
-3
-3
-2
-1
-1
1
1
2
2
3
3
3
4
4
5
6
6
6
6
6
7
7
6
6
6
6
6
6
6
6
6
6
5
5
5
5
5
4
4
4
3
2
2
2
1
1
1
1
1
0
0
0
0
0
-1
-1
-1
-1
-1
-1
-2
-2
-3
-3
-4
-4
-4
-4
-4
-5
-5
-5
-5
-5
-6
-6
-6
-7
-7
-7
-6
-7
-7
-7
-7
-8
-8
-8
-8
-8
-9
-9
-8
-9
-9
-9
-9
-9
-10
-10
-10
-9
-10
-10
-10
-9
-10
-10
-11
-10
-10
-11
-11
-10
-11
-11
-10
-11
-11
-12
-11
-11
-12
-11
-11
-12
-12
-11
-11
-12
-11
-11
-11
-12
-11
-11
-12
-11
-11
-12
-11
-11
-11
-11
-11
-11
-12
-11
-11
-11
-11
-11
-11
-11
-11
-11
-10
-11
-11
-10
-10
-11
-10
-11
-11
-11
-11
-11
-11
-10
-11
-11
-10
-10
-11
-10
-11
-11
-10
-11
-11
-11
-10
-11
-10
-9
-9
-9
-9
-7
-7
-6
-6
-4
-4
-3
-3
-3
-2
-1
0
0
0
1
1
1
1
3
3
3
3
3
3
3
3
4
4
4
4
4
4
4
4
4
4
4
4
4
4
4
4
3
3
3
2
2
2
2
1
1
0
0
0
-1
0
-1
-1
-2
-2
-2
-2
-3
-3
-3
-3
-3
-3
-3
-3
-3
-4
-4
-4
-4
-4
-4
-5
-5
-5
-5
-6
-6
-6
-6
-7
-6
-6
-7
-7
-8
-8
-8
-8
-8
-8
-8
-9
-9
-9
-9
-9
-10
-10
-9
-10
-10
-10
-9
-10
-10
-11
-10
-10
-11
-10
-10
-10
-11
-10
-11
-11
-10
-11
-11
-12
-11
-11
-11
-12
-11
-11
-11
-11
-11
-11
-11
-11
-11
-11
-11
-11
-11
-11
-11
-11
-11
-10
-11
-11
-10
-10
-11
-10
-10
-11
-11
-10
-11
-11
-10
-10
-11
-10
-10
-10
-10
-10
-10
-10
-10
-10
-10
-10
-10
-10
-9
-10
-10
-11
-10
-10
-11
-10
-10
-10
-10
-9
-9
-8
-8
-7
-6
-6
-6
-4
-3
-3
-3
-2
-2
0
0
1
1
2
2
2
3
3
3
4
4
5
5
5
5
5
5
5
5
5
5
5
5
5
5
5
5
5
4
4
4
4
4
4
3
3
3
2
2
2
2
2
0
0
0
0
0
-1
-1
-1
-1
-2
-2
-2
-2
-2
-2
-3
-3
-3
-3
-3
-4
-4
-4
-4
-4
-4
-4
-5
-5
-5
-6
-5
-6
-6
-7
-7
-6
-6
-6
-7
-7
-7
-7
-7
-7
-8
-8
-8
-8
-8
-8
-8
-8
-9
-8
-9
-9
-9
-9
-9
-9
-10
-9
-9
-9
-10
-9
-10
-10
-10
-10
-10
-10
-10
-10
-10
-10
-10
-10
-10
-11
-10
-10
-10
-11
-11
-10
-11
-11
-10
-10
-10
-11
-10
-10
-10
-10
-10
-10
-10
-10
-10
-10
-11
-10
-10
-10
-9
-10
-10
-10
-9
-10
-10
-9
-10
-10
-9
-9
-10
-10
-9
-9
-10
-9
-10
-10
-10
-10
-10
-10
-9
-10
-10
-10
-9
-9
-10
-10
-9
-9
-9
-9
-7
-7
-7
-6
-5
-4
-4
-4
-3
-3
-1
-1
0
0
0
1
1
1
3
3
3
4
4
4
4
5
5
5
5
5
5
5
5
5
5
5
5
5
5
5
5
5
4
4
4
4
4
3
3
3
3
3
2
2
2
1
1
1
0
0
-1
-1
-2
-2
-2
-2
-2
-3
-3
-3
-3
-3
-3
-3
-3
-3
-3
-4
-4
-4
-4
-5
-5
-5
-5
-5
-6
-6
-6
-6
-6
-6
-6
-6
-7
-7
-7
-7
-7
-7
-7
-7
-8
-8
-8
-8
-8
-9
-9
-8
-9
-9
-9
-8
-9
-9
-9
-8
-9
-9
-10
-9
-9
-10
-10
-9
-9
-10
-10
-9
-9
-9
-10
-9
-9
-10
-10
-10
-9
-10
-10
-10
-9
-9
-10
-9
-9
-9
-9
-10
-9
-9
-10
-9
-9
-9
-10
-9
-9
-9
-9
-9
-9
-9
-9
-8
-9
-9
-8
-9
-9
-9
-9
-9
-9
-9
-9
-9
-10
-8
-9
-9
-10
-9
-9
-9
-10
-9
-9
-9
-9
-9
-9
-9
-9
-8
-8
-8
-7
-6
-6
-5
-5
-4
-4
-3
-2
-2
-1
-1
0
0
0
2
2
3
3
3
3
4
3
3
3
3
3
3
3
3
3
3
3
3
4
4
4
4
3
3
3
3
3
3
2
2
2
2
1
1
1
1
0
0
0
0
0
-1
-1
-1
-1
-1
-1
-1
-1
-1
-1
-1
-2
-3
-3
-3
-3
-4
-4
-4
-4
-4
-5
-5
-5
-5
-4
-5
-5
-5
-5
-6
-6
-6
-7
-7
-6
-6
-6
-7
-7
-7
-7
-7
-7
-8
-8
-8
-7
-8
-8
-8
-8
-8
-8
-9
-9
-8
-9
-9
-9
-9
-9
-9
-9
-9
-9
-9
-10
-10
-9
-10
-10
-10
-11
-10
-10
-10
-10
-10
-10
-10
-10
-9
-10
-10
-9
-10
-10
-10
-10
-10
-10
-10
-10
-10
-10
-9
-9
-10
-10
-9
-9
-9
-10
-9
-9
-10
-9
-9
-9
-9
-9
-9
-9
-9
-9
-9
-9
-9
-9
-9
-10
-9
-9
-9
-9
-9
-9
-9
-9
-8
-8
-8
-8
-7
-6
-6
-6
-6
-4
-3
-3
-3
-2
-2
-1
0
0
1
1
1
2
2
2
2
3
4
4
4
5
4
4
4
4
4
4
4
4
4
4
4
4
4
4
4
3
3
3
3
3
3
3
2
2
2
2
1
1
1
1
0
0
0
0
0
-1
-1
-1
-1
-1
-2
-2
-2
-2
-2
-2
-2
-2
-2
-3
-3
-3
-3
-4
-4
-4
-4
-4
-5
-5
-5
-5
-4
-5
-5
-5
-6
-5
-6
-6
-7
-6
-6
-6
-7
-7
-7
-7
-7
-8
-8
-8
-8
-8
-8
-8
-8
-9
-8
-9
-8
-9
-9
-9
-9
-9
-10
-9
-9
-9
-10
-9
-9
-9
-9
-10
-9
-9
-10
-10
-9
-10
-10
-10
-9
-10
-10
-10
-9
-9
-10
-10
-9
-10
-9
-10
-9
-9
-10
-9
-9
-9
-9
-9
-9
-9
-9
-8
-8
-9
-9
-8
-8
-9
-8
-8
-9
-9
-8
-8
-9
-9
-8
-8
-8
-9
-8
-8
-8
-9
-7
-8
-7
-7
-7
-6
-5
-5
-5
-5
-3
-3
-2
-2
-1
-1
-1
1
1
1
1
2
2
2
2
3
3
3
3
3
4
4
4
4
4
4
4
4
4
4
4
4
4
4
4
4
3
3
3
3
2
2
2
2
1
1
1
1
1
0
0
0
0
0
0
0
0
0
0
0
0
-1
-1
-1
-2
-2
-2
-2
-3
-4
-4
-4
-4
-4
-4
-5
-5
-4
-5
-4
-5
-5
-5
-6
-6
-6
-6
-6
-7
-6
-6
-6
-6
-7
-7
-7
-7
-7
-7
-7
-8
-7
-7
-7
-8
-8
-8
-7
-7
-8
-8
-7
-8
-8
-8
-8
-8
-8
-8
-8
-9
-8
-8
-8
-8
-9
-8
-8
-9
-9
-8
-9
-9
-9
-8
-8
-9
-9
-9
-8
-8
-8
-8
-8
-8
-8
-8
-8
-8
-8
-9
-8
-8
-8
-9
-9
-8
-8
-8
-8
-7
-8
-8
-8
-8
-8
-8
-8
-8
-8
-8
-8
-8
-8
-8
-8
-8
-7
-8
-8
-7
-7
-6
-6
-6
-5
-5
-4
-4
-3
-3
-2
-2
-2
0
0
0
0
1
1
1
1
1
2
2
3
3
3
3
3
3
4
3
3
3
3
3
3
3
3
3
3
3
3
2
2
2
2
1
1
1
1
1
0
0
0
-1
-1
-1
-1
-1
-1
-1
-1
-2
-2
-2
-2
-2
-3
-3
-3
-3
-3
-4
-4
-4
-4
-4
-4
-4
-4
-4
-4
-5
-5
-5
-4
-5
-5
-5
-5
-5
-6
-6
-6
-6
-6
-6
-6
-7
-7
-7
-7
-7
-7
-7
-7
-8
-7
-7
-7
-8
-8
-7
-8
-8
-8
-9
-8
-8
-8
-8
-8
-8
-8
-8
-8
-8
-8
-8
-9
-9
-8
-8
-9
-9
-8
-8
-9
-9
-9
-8
-8
-9
-9
-8
-8
-8
-9
-9
-8
-8
-9
-9
-8
-8
-9
-9
-8
-8
-8
-8
-7
-8
-8
-8
-8
-8
-8
-8
-8
-8
-8
-8
-7
-8
-8
-8
-8
-7
-8
-8
-8
-7
-7
-7
-7
-7
-6
-5
-5
-5
-5
-4
-3
-2
-2
-2
-1
-1
-1
1
1
1
1
2
2
2
2
3
3
3
3
3
4
4
4
4
4
4
4
4
4
4
4
4
4
4
4
4
4
4
4
4
4
4
3
3
3
2
2
2
2
1
1
1
1
1
0
0
0
0
-1
-1
-1
-1
-1
-1
-1
-1
-1
-1
-1
-1
-1
-2
-2
-2
-2
-3
-3
-3
-3
-4
-4
-4
-4
-4
-4
-5
-5
-5
-6
-5
-5
-6
-6
-6
-6
-6
-7
-6
-6
-6
-6
-7
-7
-7
-7
-7
-7
-8
-8
-7
-7
-8
-8
-8
-7
-8
-8
-8
-9
-8
-8
-8
-9
-9
-8
-8
-8
-9
-9
-8
-8
-8
-8
-9
-8
-8
-9
-9
-8
-9
-9
-9
-8
-9
-9
-9
-8
-8
-8
-9
-9
-8
-8
-8
-8
-8
-8
-8
-9
-8
-8
-8
-8
-8
-8
-8
-8
-7
-8
-8
-8
-8
-7
-8
-8
-8
-8
-8
-8
-8
-7
-7
-7
-7
-6
-6
-5
-5
-5
-4
-4
-2
-2
-2
-1
-1
0
0
0
2
2
2
3
3
3
4
4
4
4
4
5
5
5
5
5
5
5
5
5
5
5
5
5
5
5
5
5
5
4
4
4
4
4
3
3
2
2
2
1
1
1
1
1
1
1
1
1
1
1
1
1
1
0
-1
-1
-1
-2
-1
-2
-2
-2
-2
-3
-3
-3
-3
-3
-3
-4
-4
-4
-4
-5
-5
-5
-6
-6
-5
-5
-5
-6
-6
-6
-6
-6
-7
-6
-6
-7
-7
-7
-7
-7
-7
-7
-7
-7
-8
-7
-7
-7
-7
-8
-7
-7
-8
-8
-8
-7
-8
-8
-8
-8
-8
-8
-8
-8
-8
-8
-8
-8
-8
-8
-8
-8
-8
-8
-7
-7
-8
-8
-8
-7
-8
-8
-8
-7
-7
-8
-8
-8
-7
-7
-7
-7
-6
-6
-7
-7
-7
-6
-7
-7
-7
-7
-7
-7
-7
-7
-7
-7
-7
-7
-7
-7
-7
-7
-7
-8
-7
-7
-7
-8
-8
-7
-7
-7
-7
-7
-6
-6
-5
-5
-5
-5
-3
-3
-2
-2
-2
-1
-1
-1
1
1
1
1
1
2
2
2
2
2
2
3
3
3
3
3
3
3
3
3
3
3
3
3
3
3
3
3
3
2
2
2
1
1
1
1
1
0
0
0
0
0
0
-1
-1
-1
-1
-1
-2
-2
-2
-2
-2
-2
-2
-2
-2
-3
-2
-3
-3
-3
-3
-3
-4
-4
-4
-4
-4
-5
-5
-5
-4
-5
-5
-5
-6
-6
-6
-6
-7
-7
-6
-6
-6
-7
-7
-7
-6
-7
-7
-7
-8
-8
-7
-7
-8
-8
-8
-7
-7
-8
-8
-8
-8
-7
-8
-8
-9
-8
-8
-8
-8
-8
-8
-8
-8
-8
-8
-8
-8
-8
-9
-8
-8
-8
-9
-8
-8
-8
-8
-9
-8
-8
-8
-8
-7
-7
-8
-8
-8
-7
-8
-8
-8
-7
-7
-8
-8
-7
-7
-8
-8
-8
-7
-7
-8
-8
-7
-8
-8
-8
-7
-8
-8
-8
-8
-7
-7
-7
