-1
0
3
4
3
1
-2
-1
0
2
4
2
0
-2
-1
0
2
3
2
1
-1
1
2
4
5
4
2
0
1
1
4
5
4
2
-1
0
1
3
3
2
0
-2
0
0
2
2
0
-1
-3
-1
0
2
2
0
-1
-2
0
1
2
2
0
-1
-3
-1
1
2
2
0
-1
-2
0
1
2
1
0
-1
-2
0
0
1
0
-1
-1
-1
1
1
2
0
0
0
0
3
3
4
1
0
-1
0
3
2
3
0
-1
-1
-1
1
0
1
-1
0
-1
0
1
0
0
-1
-1
0
1
1
0
0
-2
0
-1
1
1
1
1
0
0
-1
1
1
0
0
-1
0
-1
1
0
-1
-1
-1
1
0
1
0
1
0
0
1
0
0
0
1
0
0
0
0
2
0
2
2
2
2
3
4
3
4
3
4
3
3
4
3
3
1
1
1
1
1
1
0
-2
-1
-1
0
-1
-1
-1
-2
-2
-2
-1
-2
-2
-2
-2
-1
-1
0
-2
-1
-1
0
1
1
1
0
0
0
1
2
2
1
0
1
1
2
1
0
-1
0
1
0
1
-1
-1
-2
-2
0
0
1
-1
-1
-2
0
1
0
0
-2
-1
0
1
2
0
-1
-2
0
0
2
0
-1
-1
-1
1
2
1
-1
-1
0
1
2
2
1
-1
-1
1
2
2
1
-1
-1
0
1
2
0
-2
-3
-1
1
1
0
-3
-2
-2
1
2
1
-1
-2
0
2
3
3
1
0
1
4
5
5
3
1
2
4
6
6
3
1
2
3
5
4
1
-2
-1
2
4
3
-1
-3
-3
0
2
1
-2
-4
-3
-1
2
0
-2
-4
-2
1
2
2
-2
-3
-2
2
4
2
0
-3
-1
1
3
3
0
-1
0
3
3
3
-1
-3
-1
2
3
1
-2
-4
-2
1
3
1
-2
-3
-1
2
3
1
-2
-3
-1
3
3
0
-3
-4
-1
2
3
-1
-3
-3
0
3
2
0
-3
-2
1
4
3
-1
-2
-1
2
4
2
-2
-4
-2
2
3
1
-3
-4
-1
2
4
0
-3
-3
1
4
4
0
-4
-1
2
4
2
-3
-4
-1
3
4
1
-4
-3
0
4
4
0
-2
0
4
7
6
1
1
4
9
11
7
4
4
7
10
10
5
2
3
6
8
5
0
-2
0
4
5
0
-5
-4
-1
2
1
-4
-7
-4
0
2
-2
-7
-7
-2
1
1
-3
-7
-4
0
3
0
-4
-5
-1
4
3
-1
-5
-3
1
3
1
-5
-6
-3
1
2
-3
-6
-5
0
3
1
-3
-5
-1
4
4
0
-5
-3
1
4
1
-5
-5
-1
3
3
-2
-5
-3
2
4
1
-3
-3
2
5
3
-1
-4
-1
3
4
0
-4
-3
2
4
2
-3
-4
-1
3
3
-2
-4
-2
3
4
-1
-4
-5
0
3
1
-4
-6
-2
2
2
-3
-6
-3
1
4
0
-5
-4
1
4
2
-4
-5
-1
4
4
1
-2
2
9
11
8
6
7
14
18
15
11
10
1
1
1
1
0
0
0
-1
-1
-1
-1
-1
-1
-1
-1
-1
-1
-1
-2
-2
-1
-1
-1
-2
-2
-2
-2
-2
-2
-2
-1
0
0
1
2
3
5
6
6
7
8
9
10
10
11
11
11
11
11
10
10
10
10
9
9
8
7
6
6
5
4
3
3
2
2
1
0
-1
-1
-1
-1
-1
-1
-2
-2
-2
-2
-3
-3
-2
-2
-2
-2
-3
-3
-3
-2
-2
-3
-3
-2
-3
-3
-3
-4
-4
-3
-4
-4
-4
-4
-3
-4
-4
-3
-3
-3
-2
-2
-3
-2
-2
-2
-2
-2
-2
-1
-1
-1
-1
-2
-2
-1
-1
-1
-1
-1
-1
0
-1
-1
-1
-1
0
0
0
0
0
0
0
0
0
0
0
0
0
0
0
0
0
1
0
0
0
0
0
0
0
0
0
0
0
0
-1
0
0
0
0
0
0
0
0
0
0
0
1
1
1
2
2
3
3
4
5
6
6
7
8
8
9
9
9
9
9
10
9
9
8
8
7
6
5
4
4
3
3
2
1
1
0
0
0
0
0
-1
-1
-1
-1
-1
-1
-1
-1
-2
-2
-2
-2
-2
-1
-2
-2
-2
-2
-2
-3
-3
-2
-2
-2
-3
-3
-3
-3
-3
-3
-3
-3
-3
-3
-3
-3
-3
-3
-3
-3
-2
-2
-2
-2
-3
-1
-2
-2
-2
-2
-1
-1
-1
-1
-1
-1
-1
-1
-2
-1
-1
0
0
0
0
-1
-1
-1
-1
-1
0
0
0
0
-1
-1
-1
-1
0
0
0
1
1
1
1
1
1
1
1
1
1
1
1
1
0
0
0
0
0
0
0
0
0
0
0
0
0
0
0
0
1
1
1
1000
0
0
0
0
0
0
0
0
0
0
0
0
0
0
0
0
0
0
0
0
0
0
0
0
0
0
0
0
0
0
0
0
0
0
0
0
0
0
0
0
0
0
0
0
0
0
0
0
0
0
0
0
0
0
0
0
0
0
0
-38
-39
-39
-38
-37
-36
-36
-36
-35
-34
-33
-33
-32
-32
-31
-31
-31
-29
-30
-29
-30
-28
-28
-28
-28
-28
-28
-28
-28
-27
-27
-27
-27
-27
-27
-27
-27
