268
268
265
268
268
268
268
268
268
268
268
268
268
268
269
265
268
268
268
268
268
269
268
268
268
268
269
269
268
268
268
268
268
268
268
268
269
265
268
268
268
268
268
269
268
268
268
268
269
268
269
268
268
269
268
268
268
269
268
268
268
268
268
268
265
268
269
268
268
268
268
268
268
268
268
269
268
268
268
268
268
268
268
269
268
268
268
268
269
268
269
268
268
268
268
269
268
269
268
269
268
268
268
268
268
268
268
268
268
268
268
269
268
268
268
268
268
268
268
268
269
268
268
268
268
268
268
