2
-7
-5
-2
8
8
4
1
-9
-7
-5
6
5
3
0
-9
-8
-4
5
5
3
1
-8
-5
-2
9
7
5
3
-6
-4
-1
9
7
5
3
-7
-5
-3
8
6
3
1
-9
-6
-3
8
6
3
2
-7
-3
-1
9
6
4
2
-6
-3
-1
7
5
2
-1
-9
-5
-3
6
3
2
-1
-7
-4
1
7
4
3
0
-6
-1
3
8
4
2
-2
-6
-2
2
6
2
0
-4
-8
-4
1
3
0
-2
-6
-8
-3
2
3
-1
-2
-6
-6
-1
4
3
1
-1
-6
-5
-1
4
3
0
-1
-6
-5
-1
3
1
-1
-4
-7
-6
-3
0
-3
-6
-7
-9
-5
-2
-1
-3
-4
-5
-4
2
4
6
3
-1
0
0
7
7
7
5
-1
0
0
8
6
6
4
-4
-2
-2
5
2
1
1
-5
-3
-4
3
1
1
1
-3
0
2
5
4
3
2
0
4
5
6
4
4
1
0
2
5
3
2
1
-3
-3
-2
-2
-2
-5
-5
-6
-4
-4
-4
-5
-7
-3
-4
0
0
-1
1
-2
0
-1
3
3
4
5
1
3
2
4
4
3
4
1
4
3
4
2
1
0
-1
0
1
0
0
0
-1
-2
-2
-4
-4
-5
-4
-5
-3
-4
-4
-5
-7
-3
-4
-1
0
1
2
-1
2
1
3
4
4
5
1
4
2
3
2
2
4
2
2
2
1
2
3
2
0
-1
-1
-1
-1
1
0
0
-4
-4
-5
-7
-2
-4
-2
-3
-2
0
-2
0
-2
-2
0
1
3
2
3
0
0
1
0
2
2
-1
-2
-1
-1
3
2
2
-3
-2
-1
-2
2
0
0
0
0
2
1
3
-1
-2
-3
-3
-1
-1
-2
-6
-4
-3
-1
1
1
-3
-3
-1
0
5
5
5
1
1
2
1
6
3
2
1
4
5
5
6
1
0
2
4
6
5
1
-4
-2
-1
3
5
3
-4
-4
-4
-4
2
0
-3
-4
-2
-1
0
2
-4
-6
-3
0
4
5
2
-4
-2
1
4
8
7
-1
0
2
1
7
5
-1
-2
0
-1
1
0
-9
-11
-10
-8
-3
-3
-10
-15
-13
-10
-4
1
-1
-7
-4
1
3
10
5
-2
-1
3
6
10
6
-5
-4
1
4
11
8
-4
-2
1
3
11
8
-4
-4
0
1
8
5
-9
-6
-3
2
9
6
-7
-6
-2
-1
8
4
-8
-7
-5
-2
5
3
-10
-7
-3
1
10
8
-5
-4
0
3
12
8
-5
-4
-1
2
9
6
-8
-4
0
4
13
9
-5
-3
1
2
11
5
-9
-9
-8
-7
0
-7
-21
-18
-13
-8
2
-2
-12
-8
-1
4
16
10
0
4
9
12
18
10
-4
-1
2
6
13
5
-7
-2
1
4
13
3
-6
-2
2
7
13
1
-10
-5
-4
4
10
-4
-12
-7
-4
1
5
-10
-13
-9
-4
4
5
-10
-14
-8
-6
5
6
-8
-9
-5
0
8
7
-8
-6
0
6
16
11
-4
-1
4
8
17
9
-4
0
4
9
15
2
-12
-6
-4
5
10
-4
-12
-7
-3
5
7
-9
-11
-4
1
9
6
-10
-12
-6
-3
6
0
-13
-11
-5
1
8
-2
-14
-8
-3
7
13
-3
-10
-5
1
10
11
-6
-5
2
9
20
12
-1
2
8
16
23
8
-3
3
6
14
16
-3
-9
-3
1
11
5
-12
-10
-4
2
12
-4
-17
-10
-6
6
8
-10
-14
-7
-1
10
2
-16
-11
-5
6
14
-5
-13
-6
-1
10
8
-11
-10
-3
5
13
-3
-18
-14
-10
0
0
-19
-24
-16
-8
2
-6
-20
-15
-6
7
14
-2
-7
2
11
20
14
-1
-1
7
15
21
5
-5
1
8
17
14
-3
-4
2
10
17
5
-8
-1
4
15
13
-4
-9
-1
5
13
2
-12
-7
0
8
7
-12
-17
-10
-3
5
-6
-20
-14
-7
3
4
-11
-13
-3
7
17
9
-4
3
12
22
21
4
0
7
15
20
6
-8
-4
4
13
6
-12
-14
-6
3
6
-8
-18
-10
-1
8
-1
-16
-14
-5
7
6
-8
-15
-7
5
11
0
-12
-6
2
15
9
-8
-10
-5
7
10
-6
-16
-9
-1
8
-1
-18
-14
-7
7
8
-6
-11
-2
8
14
3
-10
-3
6
16
10
-6
-6
1
12
10
-3
-12
-5
5
10
-1
-14
-8
2
11
4
-11
-11
-4
10
7
-5
-13
-5
8
13
1
-10
-3
5
17
9
-7
-5
0
13
10
-5
-12
-4
7
9
0
-12
-3
7
15
9
-6
-2
8
19
11
-4
-9
-2
9
3
-9
-19
-13
2
3
-7
-18
-11
1
9
2
-12
-6
3
13
8
-7
-9
-1
10
4
-6
-12
-4
12
6
-1
-10
-4
12
14
6
-5
2
14
17
9
-6
0
10
15
7
-8
-10
1
9
1
-10
-12
-4
10
1
-8
-11
-3
9
2
-8
-14
-6
6
-1
-8
-20
-11
3
-3
-10
-20
-15
1
-3
-10
-19
-13
2
-1
-8
-20
-13
5
4
0
-12
-8
10
14
9
0
7
21
27
21
9
14
29
32
26
11
10
23
27
18
7
4
14
18
8
-5
-6
5
9
-1
-13
-17
-4
3
-5
-14
-16
-3
4
-5
-14
-14
-1
4
-4
-13
-17
-3
5
-2
-9
-10
3
9
1
-7
-7
9
10
3
-6
-11
4
6
-3
-10
-13
-1
-1
-10
-22
-22
-5
-8
-13
-24
-24
-5
-6
-10
-15
-12
6
5
0
-11
-6
13
10
6
-5
-3
13
8
4
-5
2
17
13
9
-2
5
18
12
10
0
8
18
11
7
1
14
23
18
14
8
19
21
14
9
4
21
18
9
0
-7
6
2
-7
-12
-11
2
-2
-7
-18
-11
-1
-7
-9
-19
-7
-5
-12
-15
-24
-8
-8
-13
-15
-19
-3
-4
-9
-14
-9
6
4
3
-5
1
8
2
-1
-10
4
9
4
2
-6
7
5
-2
-5
-7
9
7
4
-4
-4
3
-3
-8
-15
-3
3
-1
-3
-13
0
-2
-8
-9
-12
6
5
1
-5
-6
2
-3
-8
-15
-3
3
-1
-2
-13
0
-1
-7
-7
-9
10
10
7
3
5
14
11
10
5
20
27
24
25
15
30
29
23
21
18
29
26
20
11
16
15
8
4
-8
3
1
-5
-5
-9
-2
-4
-10
-17
-7
-8
-12
-11
-21
-9
-10
-15
-17
-15
-13
-14
-16
-24
-10
-8
-11
-6
-10
-1
0
-3
-7
2
3
2
3
-5
5
4
-2
-4
0
0
-2
-4
-12
0
-2
-5
-4
-6
0
-2
-6
-13
-3
-4
-8
-5
-13
-5
-7
-10
-14
-5
-3
-3
-2
-10
0
1
-3
0
5
10
9
10
0
11
12
8
12
10
12
11
6
-2
10
10
7
10
5
7
6
2
-1
11
12
13
17
12
18
18
16
13
20
21
20
21
15
14
11
5
-2
-2
-5
-9
-9
-7
-8
-9
-11
-16
-13
-15
-16
-17
-14
-13
-13
-12
-19
-15
-15
-16
-15
-8
-5
-5
-1
-4
-3
-3
-5
-7
-2
-3
-4
-2
0
1
2
1
-2
2
1
-1
-1
2
3
4
5
0
3
3
1
2
7
8
9
11
6
7
5
2
-1
0
-2
-3
-4
-2
-2
-2
-3
-6
-6
-6
-8
-11
-8
-9
-10
-9
-10
-9
-9
-9
-7
-3
-2
-1
3
4
6
7
8
4
4
3
2
0
1
1
1
2
4
6
8
9
11
13
14
14
14
13
12
11
8
6
4
2
0
-1
-3
-3
-4
-4
-3
-3
-2
-2
-3
-3
-3
-3
-4
-5
-5
-4
-4
-8
-8
-9
-9
-8
-9
-9
-9
-4
-3
-2
-1
0
-1
0
0
0
-4
-4
-4
-6
-7
-7
-7
-5
-2
0
1
4
6
7
9
10
11
9
9
10
7
7
5
5
5
5
1
1
0
-1
-2
-3
-5
-4
-2
-1
0
1
5
5
6
8
9
4
4
5
2
-2
-4
-5
-8
-8
-9
-9
-8
-3
-4
-1
1
6
4
6
7
9
6
6
7
6
6
7
6
6
7
6
6
8
9
5
4
3
2
-5
-7
-8
-9
-14
-16
-17
-18
-17
-17
-15
-14
-7
-6
-4
0
4
5
7
11
13
10
10
11
10
3
3
2
-1
-4
-7
-7
-10
-8
-11
-10
-9
-3
-4
-3
0
4
2
5
7
10
5
7
8
7
3
3
3
1
0
0
-1
-2
-1
-2
-1
-1
1
-1
0
1
4
0
1
2
3
-1
0
-1
0
-4
-5
-5
-7
-9
-10
-11
-11
-10
-11
-11
-9
-6
-5
-3
-1
5
5
8
10
14
13
15
17
19
15
16
16
17
11
10
10
8
3
0
-1
-4
-7
-9
-10
-11
-13
-14
-14
-15
-14
-15
-14
-13
-11
-11
-9
-8
-6
-7
-5
-3
-1
-1
2
3
5
5
6
7
8
7
8
9
9
8
8
8
9
7
7
7
6
5
4
4
4
3
3
3
3
2
1
1
1
0
0
1
1
0
-1
-1
0
-2
-3
-2
-2
-4
-3
-4
-4
-4
-4
-3
-3
-4
-3
-2
-2
-2
-2
-2
-2
-2
-2
-3
-2
-2
-2
-3
-3
-2
-3
-2
-2
-1
-1
-1
0
-1
0
0
1
2
1
2
3
3
3
3
3
4
4
3
3
3
2
2
1
0
0
0
0
0
-1
-1
-1
-1
-1
-1
-1
-1
-1
-1
-2
-2
-2
-2
-3
-3
-3
-3
-3
-3
-2
-2
-2
-1
0
0
0
1
1
1
0
0
0
0
0
0
0
0
0
0
0
0
0
1
1
1
0
1
1
1
-1
0
0
0
0
0
0
0
-1
0
-1
-1
-2
0
-1
-1
-2
-1
-1
-1
-3
-1
-1
-1
-3
-2
-3
-4
-5
-4
-5
-5
-7
-5
-5
-6
-7
-4
-4
-4
-4
-2
-1
-1
-1
2
4
4
5
8
8
9
10
12
12
12
13
14
14
13
13
14
13
11
11
11
10
8
8
8
6
3
3
2
1
-4
-2
-3
-6
-9
-8
-10
-12
-13
-11
-12
-13
-16
-11
-12
-13
-13
-8
-8
-7
-5
-2
-1
0
1
6
5
6
8
12
11
10
12
13
12
10
10
12
9
7
7
7
5
1
3
2
-1
-5
-3
-4
-6
-7
-4
-5
-6
-7
-3
-3
-5
-3
2
2
0
1
4
3
0
1
3
1
-4
-3
-4
-5
-11
-8
-9
-10
-12
-7
-8
-8
-7
-1
0
0
2
10
10
8
10
15
13
9
9
10
7
1
2
0
-4
-9
-5
-7
-11
-12
-6
-7
-8
-6
1
1
0
2
9
8
5
8
11
8
4
6
6
3
-2
1
1
-3
-6
-1
-2
-6
-4
2
0
-5
-2
4
1
-5
-3
-1
-4
-10
-6
-7
-9
-10
-4
-5
-6
-4
4
5
2
6
13
12
6
8
10
6
-1
-1
-2
-7
-12
-7
-9
-12
-12
-3
-4
-7
-3
6
6
2
6
12
10
4
7
7
3
0
4
3
-2
-2
4
3
-5
-3
4
1
-6
-3
0
-3
-9
-5
-5
-6
-8
0
0
-4
0
10
8
1
4
10
7
-1
0
2
-3
-7
-2
-4
-8
-7
2
1
-3
1
11
9
3
8
11
7
1
3
3
-3
-3
3
-1
-9
-7
-1
-5
-13
-11
-5
-7
-12
-5
-5
-9
-6
2
1
-5
-1
8
6
-3
0
4
-2
-6
-2
-4
-8
-8
1
-1
-6
-2
8
5
-1
4
8
5
1
6
6
0
0
5
2
-6
-3
5
2
-7
-4
0
-4
-6
0
1
-3
-1
9
7
-3
0
10
5
-1
3
5
4
3
3
3
2
2
2
1
1
1
0
0
0
0
-1
-1
-1
-2
-2
-2
-3
-3
-4
-4
-5
-5
-6
-5
-5
-6
-5
-5
-6
-5
-6
-5
-6
-5
-6
-5
-6
-6
-6
-6
-7
-6
-6
-6
-7
-6
-7
-6
-7
-6
-7
-6
-7
-6
-6
-7
-6
-5
-6
-5
-5
-5
-6
-5
-6
-5
-5
-5
-5
-5
-6
-6
-6
-6
-5
-5
-5
-4
-5
-5
-5
-5
-5
-4
-4
-4
-4
-4
-3
-4
-4
-4
-4
-4
-3
-4
-4
-4
-4
-4
-4
-4
-4
-4
-3
-4
-4
-4
-3
-3
-3
-3
-3
-4
-4
-3
-3
-3
-2
-2
-2
-2
-2
-1
-1
-1
0
0
0
0
0
0
0
0
0
0
-1
-1
-1
-1
-1
-1
-1
-1
-1
-2
-2
-2
-2
-1
-1
-1
-1
-1
-1
-1
-2
-2
-1
-2
-2
-2
-2
-2
-3
-3
-3
-3
-3
-3
-3
-3
-2
-2
-2
-2
-2
-1
-1
-1
-1
-1
0
0
0
0
0
0
0
0
0
0
0
0
0
0
0
0
0
0
0
0
0
0
0
0
0
0
0
0
0
0
0
0
0
0
0
0
0
0
0
0
0
0
0
0
0
0
0
0
0
0
0
0
0
0
0
0
0
0
0
0
0
0
0
0
0
0
0
0
0
0
1
1
1
1
1
1
1
1
1
1
2
2
1
0
0
0
0
0
0
-1
-1
-1
-1
-1
-2
-1
-1
-1
0
0
0
0
1
1
0
0
-1
0
0
0
0
-1
-1
-1
-1
-1
-1
0
0
0
0
0
0
0
0
0
0
0
0
0
0
0
0
0
0
0
0
0
0
0
0
0
0
0
0
0
0
0
0
0
0
0
0
0
0
0
0
0
0
0
0
0
0
0
0
0
0
0
0
0
0
0
0
0
0
0
0
0
0
0
0
0
0
0
0
0
1
1
1
1
1
1
1
1
1
2
2
2
1
0
0
0
0
0
0
0
0
0
-1
-1
-1
0
0
0
0
0
0
-1
-1
-1
-1
-1
-1
-1
-1
-1
-1
-1
-1
-1
0
0
0
0
0
0
1
0
0
0
0
0
0
0
0
0
0
0
0
-1
0
0
0
0
0
0
0
0
0
0
0
0
0
0
0
0
0
0
0
0
0
0
0
0
0
0
0
0
0
0
0
0
0
0
0
0
0
0
0
0
0
0
0
0
0
0
0
0
0
0
0
0
0
0
0
0
0
0
0
0
1
1
1
1
2
2
2
2
2
3
3
3
3
2
1
1
1
0
0
0
0
0
-1
-2
-2
-2
-2
-1
-1
-2
-2
-2
-2
-2
-2
-2
-1
-1
-1
-1
-1
-1
0
0
0
0
0
0
0
0
0
0
0
0
0
0
0
0
0
0
0
0
0
-1
-1
-1
0
0
0
0
0
0
0
0
0
0
1
0
0
0
0
0
0
0
0
0
0
0
0
0
1
1
0
0
0
0
0
0
0
0
0
0
0
0
0
0
0
0
0
0
0
0
0
0
0
0
0
0
0
0
0
0
0
0
0
0
0
0
1
1
1
2
2
2
3
3
3
3
4
3
3
2
2
2
0
0
0
-1
-2
-2
-2
-3
-2
-2
-2
-2
-3
-2
-2
-2
-2
-1
-1
-1
-1
-1
-1
-1
-1
0
0
0
0
0
0
0
0
0
0
0
0
0
0
0
0
0
0
0
0
0
0
0
0
0
0
0
0
0
0
0
0
0
0
0
0
0
0
0
0
0
0
0
0
0
0
0
0
0
0
0
0
0
0
0
0
0
0
0
0
0
0
0
0
0
0
0
0
0
0
0
0
0
0
0
0
0
0
0
0
0
0
0
0
0
0
0
0
0
0
0
0
1
1
2
2
2
3
3
3
4
3
3
3
3
2
2
0
0
0
-2
-2
-2
-3
-2
-3
-3
-3
-3
-3
-2
-2
-2
-1
-1
-1
-1
-1
0
0
0
0
0
0
0
0
0
0
0
0
0
0
0
0
0
0
0
0
0
0
0
0
0
0
0
0
0
0
0
0
0
0
0
0
0
0
0
0
0
0
0
0
0
0
0
0
0
0
0
0
0
0
0
0
0
0
0
0
0
0
0
0
0
0
0
0
0
0
0
0
0
0
0
0
0
0
0
0
0
0
0
0
0
0
0
0
0
0
0
0
0
1
1
2
2
2
3
3
3
4
4
4
3
3
2
2
1
0
0
-1
-1
-2
-3
-3
-3
-2
-2
-3
-3
-3
-2
-2
-2
-2
-1
-1
-1
-1
-1
-1
0
0
0
0
0
0
0
0
0
0
0
0
0
0
0
0
0
0
0
0
0
0
0
0
0
0
0
0
0
0
0
0
0
0
0
0
0
0
0
0
0
0
0
0
0
0
0
0
0
0
0
0
0
0
0
0
0
0
0
0
0
0
0
0
0
0
0
0
0
0
0
0
0
0
0
0
0
0
0
0
0
0
0
0
0
0
1
1
2
2
3
3
4
4
5
5
5
6
6
4
4
3
3
1
1
0
-1
-2
-3
-3
-4
-4
-3
-4
-4
-4
-3
-4
-4
-3
-3
-2
-2
-2
-2
-2
-1
-1
-1
-1
0
0
0
0
0
0
0
0
0
0
0
0
0
0
0
0
0
0
0
0
0
0
0
0
0
0
0
0
0
0
0
-1
-1
-1
-1
-1
-1
-1
-1
-1
-1
-1
-1
-1
0
0
0
0
0
1
1
1
1
1
1
1
1
1
1
1
1
1
0
0
0
0
0
0
0
0
0
0
0
0
0
0
0
0
0
0
0
1
2
2
3
4
4
5
6
6
6
7
7
7
7
6
5
4
3
3
2
0
0
0
-2
-2
-2
-4
-4
-3
-4
-4
-5
-5
-5
-5
-6
-5
-5
-5
-4
-4
-4
-3
-3
-2
-2
-1
-1
0
-1
-1
-1
-1
-1
-1
-1
-2
-2
-2
-2
-2
-2
-2
-2
-2
-2
-2
-2
-2
-1
-1
-1
-1
0
-1
0
0
0
1
1
1
0
0
0
1
1
0
1
1
1
1
0
0
0
2
2
2
1
0
0
0
0
0
1
1
1
1
0
0
0
0
1
1
1
1
1
1
1
1
1
1
1
1
1
1
2
2
3
4
3
4
5
6
7
8
8
9
9
8
9
8
7
7
6
5
4
3
2
1
0
0
-1
-2
-3
-3
-4
-5
-5
-6
-6
-7
-7
-7
-8
-7
-8
-7
-7
-6
-5
-5
-4
-4
-3
-2
-3
-2
-2
-1
-1
-2
-2
-2
-3
-3
-3
-3
-4
-3
-3
-3
-4
-3
-2
-2
-2
-1
-1
-1
-1
0
0
0
0
1
0
0
1
1
1
1
1
1
1
1
1
1
1
1
1
0
0
1
1
1
1
1
1
1
1
1
1
1
1
1
0
0
1
1
1
1
2
2
2
2
2
2
2
2
2
2
2
3
4
4
5
6
7
7
8
8
9
9
8
9
8
7
6
5
3
2
2
1
1
-1
-1
-2
-3
-4
-4
-5
-6
-5
-6
-6
-7
-7
-7
-7
-7
-7
-6
-6
-5
-4
-4
-4
-4
-3
-3
-2
-3
-2
-2
-3
-3
-3
-4
-4
-3
-3
-3
-3
-3
-2
-3
-3
-2
-2
-2
-1
-1
-1
-1
-1
-1
-1
-1
0
0
1
1
1
1
1
1
1
1
1
1
2
2
2
2
2
2
2
2
2
2
2
3
3
2
2
2
1
1
1
1
1
1
2
2
1
1
1
1
1
1
2
3
3
5
6
6
7
8
8
9
10
10
11
10
9
9
8
7
6
5
4
4
3
1
1
0
0
-1
-1
-2
-3
-3
-4
-5
-5
-6
-5
-5
-6
-7
-6
-7
-7
-6
-7
-6
-6
-6
-6
-6
-6
-5
-4
-5
-4
-4
-4
-4
-4
-4
-4
-3
-4
-4
-5
-5
-5
-5
-5
-6
-5
-5
-4
-4
-4
-3
-3
-2
-2
-1
-2
-2
-1
-1
-1
0
0
0
0
0
0
0
0
1
1
2
2
2
2
2
2
2
2
2
2
3
3
3
2
2
3
2
2
2
2
2
3
3
2
3
3
4
4
3
4
5
6
8
9
9
10
11
11
12
12
12
13
12
12
12
10
9
9
8
7
6
5
5
5
4
4
2
1
1
0
-1
-2
-3
-3
-4
-5
-6
-6
-7
-7
-8
-9
-8
-9
-8
-8
-8
-8
-9
-9
-9
-9
-9
-8
-7
-7
-7
-8
-7
-8
-7
-7
-6
-7
-7
-6
-7
-7
-7
-7
-6
-7
-7
-7
-6
-7
-6
-5
-5
-4
-4
-4
-4
-4
-3
-2
-2
-2
-1
-1
-1
-1
0
0
0
2
2
2
2
2
3
3
3
3
3
2
3
3
2
3
3
3
3
3
3
3
3
3
3
2
3
4
4
5
6
7
7
8
9
11
12
13
14
14
14
14
14
13
13
13
13
13
11
10
10
9
8
7
6
5
4
3
2
0
-1
-2
-3
-5
-5
-6
-6
-7
-8
-8
-8
-9
-9
-9
-9
-9
-8
-9
-8
-9
-9
-8
-8
-8
-7
-6
-6
-6
-5
-5
-5
-5
-5
-5
-5
-4
-5
-5
-5
-6
-5
-5
-6
-6
-6
-6
-5
-5
-5
-5
-5
-6
-5
-5
-5
-4
-3
-3
-2
-2
-2
-2
-1
-1
1
1
1
1
2
2
2
2
2
3
3
3
4
3
3
3
4
3
3
3
3
4
3
3
3
3
4
5
5
5
6
6
8
9
9
11
12
13
13
13
13
14
14
13
14
13
12
12
10
9
8
7
6
4
3
1
1
-1
-2
-2
-4
-4
-5
-5
-6
-7
-6
-7
-7
-8
-7
-8
-8
-8
-8
-8
-8
-8
-7
-8
-7
-7
-6
-6
-5
-5
-4
-5
-4
-4
-3
-4
-3
-4
-3
-4
-4
-4
-5
-5
-4
-5
-5
-6
-5
-5
-5
-5
-4
-5
-5
-4
-4
-4
-3
-3
-2
-2
-2
-1
-1
-1
0
0
0
1
1
1
1
1
1
2
3
4
5
6
7
8
8
8
9
10
11
12
12
12
12
12
12
11
11
10
11
10
9
9
8
7
6
5
4
2
2
0
0
-2
-2
-3
-4
-5
-6
-6
-7
-7
-7
-8
-7
-8
-7
-7
-7
-7
-6
-5
-6
-5
-5
-4
-3
-3
-2
-2
-2
-1
-1
-2
-2
-2
-2
-2
-2
-3
-3
-3
-3
-4
-4
-5
-4
-4
-4
-4
-4
-4
-4
-4
-4
-4
-4
-4
-3
-3
-3
-2
-2
-2
-2
-1
-1
-1
-1
0
0
0
1
1
1
2
2
3
3
4
5
6
8
8
9
10
11
12
12
14
14
15
15
14
14
13
13
12
11
10
9
8
6
5
4
3
2
1
-1
-1
-2
-3
-4
-4
-5
-6
-7
-7
-8
-7
-7
-7
-7
-7
-7
-7
-7
-6
-6
-5
-5
-5
-5
-5
-4
-5
-4
-4
-3
-3
-3
-2
-2
-3
-2
-2
-3
-3
-3
-3
-4
-4
-4
-5
-5
-5
-5
-5
-5
-4
-4
-4
-4
-3
-4
-4
-3
-3
-3
-3
-3
-3
-3
-3
-2
-2
-2
-1
-1
0
0
0
1
1
1
1
1
1
1
2
2
2
1
2
3
4
5
6
7
8
9
10
10
11
12
13
13
13
13
13
13
12
12
11
10
10
8
7
6
5
4
3
2
1
0
-1
-2
-2
-4
-3
-4
-4
-4
-5
-5
-5
-6
-5
-6
-5
-6
-5
-5
-5
-5
-5
-5
-5
-5
-4
-5
-4
-5
-4
-4
-4
-3
-3
-3
-3
-3
-3
-4
-3
-3
-3
-3
-3
-3
-4
-4
-4
-3
-3
-3
-2
-2
-2
-2
-2
-2
-2
-1
-2
-2
-1
-2
-1
-1
-2
-2
-1
-1
0
0
0
1
1
-1
0
-1
-1
0
0
1
0
-1
-1
-1
-1
-1
0
0
0
0
1
1
0
2
2
3
5
5
6
7
7
8
9
9
10
11
11
11
11
10
10
10
9
9
8
7
7
6
4
3
3
1
0
0
-2
-2
-3
-3
-4
-5
-6
-5
-5
-5
-4
-5
-5
-5
-5
-4
-4
-3
-3
-3
-3
-4
-4
-5
-4
-4
-3
-3
-3
-3
-3
-3
-2
-3
-2
-2
-2
-2
-2
-2
-3
-3
-3
-3
-4
-4
-3
-3
-3
-3
-3
-3
-3
-2
-2
-2
-2
-2
-1
-2
-1
-1
-1
-1
0
0
0
0
0
0
1
0
1
0
0
1
1
0
0
0
0
0
0
0
0
0
0
0
0
1
1
1
1
1
2
2
3
4
4
5
5
6
6
7
8
8
9
9
9
8
8
9
8
9
8
7
6
5
5
4
3
3
3
1
0
0
-2
-2
-3
-3
-4
-4
-4
-5
-5
-5
-5
-5
-5
-4
-4
-4
-4
-3
-3
-4
-3
-3
-3
-2
-3
-3
-3
-3
-2
-2
-2
-2
-1
-1
-1
-2
-2
-1
-2
-2
-2
-3
-3
-3
-3
-3
-3
-3
-2
-2
-2
-2
-2
-2
-1
-1
-1
-1
-1
-1
-1
-1
-1
-1
0
0
0
0
0
0
-1
0
0
0
0
0
0
0
0
0
1
1
1
2
0
1
1
1
1
2
2
3
4
3
3
4
5
7
7
7
8
9
8
8
7
7
7
7
7
6
5
4
4
3
2
2
1
1
0
-1
-1
-2
-3
-3
-4
-4
-4
-4
-5
-4
-4
-4
-4
-4
-4
-3
-3
-3
-3
-3
-3
-2
-2
-2
-3
-2
-2
-2
-2
-2
-1
-1
-1
-1
-1
-1
-2
-1
-1
-1
-2
-2
-2
-2
-2
-3
-3
-3
-3
-2
-2
-2
-3
-2
-2
-2
-2
-2
-1
-1
-1
-1
-1
-1
-1
0
0
0
0
0
0
0
0
0
0
0
0
0
0
0
0
0
0
0
0
0
0
0
0
0
0
1
1
1
2
2
3
4
4
4
5
6
7
8
8
9
9
9
9
8
8
8
8
8
7
6
5
4
3
3
2
2
2
1
0
0
-1
-2
-2
-3
-3
-4
-4
-5
-5
-5
-6
-5
-5
-5
-4
-4
-4
-4
-4
-4
-3
-3
-4
-3
-3
-3
-3
-3
-3
-2
-2
-1
-1
-1
-1
-1
-1
-1
-2
-2
-2
-2
-2
-3
-3
-3
-3
-3
-2
-2
-2
-1
-1
-1
-2
-2
-1
-1
-1
-1
-1
-1
-1
-1
-1
-1
-1
0
0
0
0
0
0
0
0
0
0
0
0
0
0
1
1
1
1
0
0
0
0
0
1
1
1
1
0
0
0
1
2
3
3
4
4
4
5
5
6
7
7
8
8
8
8
8
7
8
7
6
6
5
4
5
4
3
2
1
1
0
-1
-1
-2
-2
-2
-3
-4
-5
-5
-5
-5
-5
-4
-4
-4
-3
-4
-4
-3
-4
-3
-3
-2
-2
-2
-2
-2
-3
-3
-2
-2
-2
-1
-1
-1
-1
-1
-2
-2
-2
-1
-2
-2
-2
-2
-2
-2
-2
-2
-2
-1
-2
-2
-2
-1
-1
-1
-1
-1
-1
-1
-1
-1
-2
-1
-1
-1
-1
-1
-1
-1
-1
-1
-1
-1
-1
0
1
1
1
1
0
0
0
0
0
0
0
0
0
-1
0
0
0
1
1
1
1
2
2
3
4
4
4
3
4
5
6
7
7
8
7
7
7
6
6
6
7
6
5
4
3
3
2
1
1
0
0
0
-1
-2
-2
-3
-3
-3
-3
-3
-3
-3
-3
-4
-4
-3
-3
-3
-2
-2
-3
-3
-3
-2
-2
-3
-2
-2
-2
-2
-2
-2
-2
-1
-1
-1
-1
-1
0
0
0
-1
-1
-1
-1
-1
-1
-2
-2
-2
-2
-2
-2
-3
-2
-2
-2
-2
-3
-3
-1
-1
-1
-1
-1
-1
0
0
-1
-1
-1
0
1
0
0
0
0
0
0
0
0
1
1
1
1
0
0
0
0
1
2
2
3
3
3
4
4
5
5
6
6
7
6
6
6
5
5
6
5
5
4
4
3
3
2
1
0
0
0
0
-1
-1
-2
-2
-3
-3
-3
-3
-2
-2
-2
-2
-3
-3
-3
-3
-3
-2
-2
-2
-2
-3
-3
-3
-3
-2
-2
-2
-1
-1
-1
-1
-1
-1
0
0
0
0
-1
-1
-1
-1
-1
-1
-2
-2
-2
-3
-3
-3
-3
-2
-2
-2
-2
-2
-2
-1
-1
-1
0
0
0
0
0
0
0
0
0
0
1
1
0
0
0
0
0
0
0
1
1
1
1
0
0
1
1
2
2
3
3
3
2
3
4
4
5
6
7
7
6
7
6
6
7
7
6
5
5
4
3
2
2
2
2
3
4
3
4
5
6
7
8
9
10
11
12
11
11
11
11
11
11
10
10
9
8
7
6
6
6
4
3
3
2
2
2
1
1
1
1
2
1
2
3
3
4
4
3
3
3
3
2
2
1
0
-1
-2
-2
-3
-4
-4
-4
-5
-5
-5
-6
-6
-6
-7
-7
-8
-9
-8
-9
-10
-10
-11
-11
-11
-11
-11
-11
-11
-11
-11
-11
-11
-11
-11
-11
-10
-10
-10
-9
-8
-7
-7
-6
-5
-4
-3
-2
-1
-1
0
0
0
0
0
0
0
-2
-2
-3
-3
-4
-4
-5
-5
-6
-6
-7
-7
-7
-7
-7
-6
-7
-6
-7
-7
-7
-7
-7
-6
-5
-5
-4
-4
-4
-3
-4
-3
-2
-2
-2
-2
-2
-2
-2
-2
-3
-3
-3
-3
-3
-3
-3
-2
-2
-3
-3
-3
-3
-2
-2
-2
-1
-1
-1
-1
-1
-1
0
0
0
0
0
0
0
0
0
0
0
0
0
0
0
1
1
1
1
1
1
1
1
1
1
1
1
1
0
0
0
0
0
0
0
0
0
1
1
2
2
3
3
3
4
4
4
5
5
5
4
4
3
3
2
2
2
1
1
1
-1
-1
-1
-2
-2
-2
-2
-3
-3
-3
-4
-4
-5
-4
-4
-4
-3
-3
-4
-4
-3
-3
-3
-1
-1
0
0
0
0
1
1
2
2
2
2
3
2
3
3
4
5
5
4
5
5
6
7
7
7
7
7
8
7
7
8
8
8
9
8
8
9
8
8
7
6
7
6
6
6
6
6
6
5
5
5
6
7
7
7
7
6
7
6
6
6
6
5
5
4
3
4
3
3
3
3
3
2
2
3
3
4
4
4
3
3
3
4
3
3
4
4
3
3
2
1
2
1
1
1
0
-1
-1
-3
-4
-5
-5
-6
-5
-6
-6
-6
-6
-6
-5
-5
-4
-3
-2
-3
-2
-2
-2
-1
-1
-1
-1
-1
-1
-1
-2
-2
-1
-2
-2
-2
-3
-3
-4
-4
-4
-4
-4
-3
-3
-3
-2
-3
-3
-2
-2
-2
-2
-2
-2
-2
-2
-2
-2
-2
0
0
1
1
2
2
2
3
3
3
3
3
3
2
2
1
1
0
0
0
-1
-1
-2
-2
-2
-3
-3
-3
-3
-3
-3
-3
-3
-3
-3
-1
-1
0
1
2
3
3
4
5
6
6
7
7
6
7
6
6
5
4
5
3
3
2
2
1
0
0
-1
-2
-2
-3
-4
-5
-5
-6
-7
-8
-9
-8
-8
-9
-8
-9
-9
-9
-9
-9
-9
-8
-8
-7
-8
-8
-8
-9
-8
-8
-7
-8
-7
-6
-7
-6
-6
-6
-6
-5
-5
-5
-5
-5
-5
-5
-5
-4
-4
-4
-3
-3
-2
-1
-1
0
0
2
2
2
3
3
3
3
3
3
3
4
4
5
5
6
6
6
7
8
8
9
9
10
10
10
10
9
9
9
8
7
6
6
6
5
4
3
3
2
2
1
1
1
1
1
1
0
0
0
-1
-1
-1
-1
-1
-1
-1
-1
-1
-1
-1
-1
-1
0
0
0
0
0
0
0
0
0
0
0
0
0
0
0
0
0
0
0
0
0
0
0
0
0
0
0
0
0
0
0
0
0
0
0
0
0
0
0
0
0
0
0
0
0
0
0
0
0
0
0
0
0
0
0
1
1
2
3
3
4
5
6
7
7
8
8
9
9
9
8
7
7
6
6
5
4
4
3
3
2
1
0
0
0
0
-1
-2
-3
-3
-4
-4
-5
-5
-5
-5
-5
-6
-7
-6
-6
-5
-5
-4
-5
-4
-4
-5
-4
-4
-4
-3
-3
-3
-3
-3
-3
-2
-3
-3
-2
-3
-3
-2
-2
-3
-3
-3
-3
-3
-3
-2
-2
-2
-1
-1
0
0
1
2
3
3
3
3
3
3
4
4
4
3
3
3
2
1
1
1
1
1
0
-1
-1
-1
-1
-1
-1
-1
-1
-1
-1
-1
-1
0
0
0
1
1
1
2
2
3
3
4
4
4
4
5
5
4
4
4
3
3
2
2
1
1
1
1
0
0
-1
-1
-2
-3
-3
-4
-4
-4
-4
-4
-5
-5
-5
-4
-3
-3
-2
-2
-1
-1
-1
-1
-1
0
1
3
5
7
10
13
15
18
20
23
26
30
33
36
39
41
41
43
43
44
44
44
43
42
40
38
35
30
26
23
19
15
11
7
4
0
-3
-7
-10
-13
-16
-18
-21
-24
-26
-28
-31
-33
-35
-38
-40
-41
-42
-42
-43
-42
-42
-41
-39
-36
-34
-31
-27
-23
-20
-17
-15
-12
-11
-9
-8
-7
-7
-7
-7
-8
-8
-9
-10
-9
-10
-10
-10
-9
-10
-10
-10
-11
-11
-12
-13
-13
-14
-13
-13
-12
-12
-12
-11
-11
-9
-9
-9
-8
-8
-8
-9
-10
-11
-12
-12
-14
-14
-15
-15
-15
-16
-16
-17
-18
-19
-21
-22
-24
-24
-26
-27
-29
-30
-29
-30
-30
-29
-27
-25
-23
-20
-18
-14
-12
-8
-6
-4
0
4
6
10
14
17
21
24
27
32
36
41
47
51
56
62
66
71
76
82
89
96
103
110
117
123
130
136
142
149
156
162
166
171
174
177
180
183
185
187
189
190
190
188
188
187
184
183
180
176
172
167
162
156
151
145
139
132
125
117
107
95
83
70
54
37
18
-4
-28
-53
-81
-110
-140
-171
-202
-234
-267
-298
-330
-360
-389
-415
-440
-462
-483
-500
-514
-524
-530
-530
-525
-515
-502
-483
-463
-440
-414
-387
-358
-329
-299
-269
-243
-218
-196
-174
-156
-138
-121
-107
-92
-79
-67
-55
-44
-31
-20
-7
5
18
32
46
61
77
93
109
125
141
155
170
184
198
212
224
236
247
256
265
274
282
289
295
301
305
309
311
312
312
311
311
308
305
301
296
292
286
282
275
268
263
256
251
244
240
235
230
225
219
214
206
200
193
184
176
166
155
142
128
113
97
79
60
41
19
-2
-24
-47
-71
-94
-117
-139
-162
-183
-201
-219
-235
-248
-261
-272
-281
-289
-296
-302
-306
-309
-311
-313
-315
-316
-317
-316
-315
-313
-309
-304
-298
-293
-285
-277
-268
-257
-247
-236
-226
-215
-205
-195
-186
-178
-169
-161
-154
-146
-138
-130
-121
-112
-103
-92
-82
-72
-60
-49
-38
-26
-15
-4
8
18
30
41
51
62
74
84
95
105
115
124
132
140
148
156
165
174
183
190
198
204
209
213
217
221
224
228
229
229
227
224
220
215
210
206
201
195
188
181
0
0
0
0
0
0
0
0
0
0
0
0
0
0
0
0
0
0
0
0
0
0
0
0
0
0
0
0
0
0
0
0
0
0
0
0
0
0
0
0
0
0
0
0
0
0
0
0
0
0
0
0
0
0
0
0
0
0
0
0
0
0
0
0
0
0
0
0
0
0
0
0
0
0
0
0
0
0
0
0
0
0
0
0
0
0
0
0
0
0
0
0
0
0
0
0
0
0
0
0
0
0
0
0
0
0
0
0
0
0
0
0
0
0
0
0
0
0
0
0
0
0
0
0
0
0
0
0
0
0
0
0
0
0
0
0
0
0
0
0
0
0
0
0
0
0
0
0
0
0
0
0
0
0
0
0
0
0
0
0
0
0
0
0
0
0
0
0
0
0
0
0
0
0
0
0
0
0
0
0
0
0
0
0
0
0
0
0
0
0
0
0
0
0
0
0
0
0
0
0
0
0
0
0
0
0
0
0
0
0
0
0
0
0
0
0
0
0
0
0
0
0
0
0
0
0
0
0
0
0
0
0
0
0
0
0
0
0
0
0
0
0
0
0
0
0
0
0
0
0
0
0
0
0
0
0
0
0
0
0
0
0
0
0
0
0
0
0
0
0
0
0
0
0
0
0
0
0
0
0
0
0
0
0
0
0
0
0
0
0
0
0
0
0
0
0
0
0
0
0
-470
-454
-436
-418
-403
-387
-371
-356
-342
-327
-315
-301
-288
-276
-264
-253
-241
-230
-220
-209
-199
-190
-180
-171
-162
-154
-145
-137
-130
-122
-115
-108
-101
-94
-88
-82
-77
-71
-65
-60
-54
-49
-46
-41
-36
-32
-29
-25
-21
-17
-13
-10
-7
-4
-1
1
4
6
9
11
14
16
18
19
21
23
25
27
29
29
31
32
34
35
36
36
38
39
40
40
41
41
41
42
43
43
44
44
44
45
45
45
46
46
46
47
47
46
46
46
46
46
47
47
47
46
46
46
47
46
46
46
45
45
45
44
44
43
43
43
41
41
41
41
40
40
40
39
39
38
38
37
37
36
36
36
35
34
34
33
33
33
32
32
31
30
30
29
29
29
28
27
27
26
26
26
26
25
25
25
24
24
23
22
22
22
21
21
21
21
19
19
19
18
18
18
18
17
16
17
16
16
15
15
15
15
14
14
14
14
14
12
12
12
12
12
12
11
10
10
10
10
10
10
9
9
8
8
8
8
8
8
7
7
7
6
6
6
6
6
6
6
6
6
6
6
6
7
7
6
6
6
6
6
6
6
6
6
5
5
5
5
5
5
5
5
5
4
4
4
4
4
4
4
4
4
4
4
3
2
3
2
2
2
2
2
1
1
1
1
1
0
0
1
0
1
0
0
1
1
0
0
0
0
0
0
0
0
0
0
0
1
0
1
0
0
0
0
0
0
0
0
0
0
0
0
0
0
0
0
0
0
0
0
0
0
0
0
0
0
0
0
0
0
0
0
0
0
0
0
0
0
0
0
0
0
0
0
0
0
0
0
0
0
0
0
0
0
0
0
0
1
1
1
1
1
2
1
1
2
1
2
2
2
2
2
1
1
1
1
1
1
1
0
1
1
1
1
0
1
1
1
1
1
1
1
1
1
0
0
0
0
0
0
0
0
0
0
0
0
0
0
0
0
0
0
0
0
0
0
0
0
0
0
0
0
0
0
0
0
0
0
0
0
0
0
0
0
0
0
0
0
0
1
0
0
0
0
0
0
0
0
0
0
0
0
0
0
0
0
0
0
0
0
0
0
0
0
0
0
0
0
0
0
0
0
0
1
1
1
1
2
2
1
1
1
2
2
2
2
2
2
1
1
1
1
1
1
2
2
1
1
1
1
1
1
1
1
2
1
0
0
0
0
0
0
1
0
0
1
1
1
0
0
1
0
0
1
1
1
1
0
0
0
0
0
0
0
0
0
0
1
0
0
0
0
0
0
0
0
0
0
0
0
0
0
0
0
0
0
0
0
0
0
0
0
0
0
0
0
0
0
0
0
0
0
0
0
0
0
0
0
0
0
0
0
0
0
0
0
0
0
1
0
0
0
0
0
1
0
0
1
1
1
1
1
2
2
3
2
3
3
3
3
3
3
3
3
2
3
2
2
2
2
2
2
2
1
2
1
1
2
0
0
0
0
0
0
0
0
0
0
0
0
0
0
1
0
0
0
0
0
0
0
0
0
0
0
0
0
0
0
0
0
-1
-1
-1
-1
-1
-1
0
0
0
0
0
0
0
0
-1
-1
-1
-1
-1
0
0
0
0
0
0
0
0
0
0
0
0
0
0
0
0
0
0
0
0
0
0
0
0
0
0
0
0
0
0
0
0
0
0
0
0
0
0
0
0
0
0
0
0
0
0
0
1
1
2
1
2
3
3
3
3
4
4
4
4
3
3
3
3
3
2
2
3
1
1
2
1
1
1
1
1
1
0
0
0
0
0
0
0
0
0
0
0
0
0
0
0
0
0
0
0
0
0
0
0
0
0
0
0
0
0
0
0
0
-1
0
0
0
0
0
0
0
0
0
0
0
0
0
0
0
0
0
0
0
0
0
0
0
0
0
0
0
0
0
0
0
0
0
0
0
0
0
0
0
0
0
0
0
0
0
0
0
0
0
0
0
0
1
1
0
0
0
0
0
0
0
0
0
0
0
0
0
0
0
1
1
1
2
2
3
2
3
4
4
4
4
3
3
4
3
3
3
2
2
2
1
1
1
1
1
0
1
1
0
0
0
0
0
0
0
0
0
0
0
0
0
0
0
0
0
0
0
0
0
0
0
0
0
0
0
0
0
0
0
0
0
0
0
0
0
0
0
0
0
0
0
0
0
0
0
0
0
0
0
-1
0
0
0
0
0
0
0
0
0
0
0
0
0
0
0
0
0
0
0
0
0
0
0
0
0
0
0
0
0
0
0
0
0
0
0
0
0
0
0
0
0
0
0
0
0
0
0
0
0
1
2
1
2
3
3
3
4
4
4
4
4
4
3
3
4
2
3
2
2
2
2
1
1
2
1
1
1
0
0
0
0
0
0
0
1
0
0
0
1
0
0
0
0
0
0
0
0
0
0
0
0
0
0
0
0
-1
0
0
0
0
-1
0
0
0
0
-1
0
0
0
-1
-1
0
-1
0
0
0
0
0
0
0
0
0
0
0
0
0
0
0
0
0
0
0
0
0
0
0
0
0
0
1
0
0
1
0
0
0
0
0
0
0
0
0
0
0
0
0
0
0
0
0
0
0
0
1
1
1
2
2
3
4
3
5
5
5
6
6
6
6
6
5
5
5
5
4
4
3
3
3
2
3
2
2
1
2
1
1
1
0
0
0
0
0
0
0
0
0
0
0
0
0
0
0
0
0
0
0
0
0
0
0
-1
0
0
-1
-1
0
0
-1
-1
-1
0
-1
0
0
-1
0
-1
0
-1
-1
-1
-1
-2
-1
-1
-1
-1
-1
-1
-1
-1
-1
-1
-1
-1
-1
-1
-1
-1
0
-1
-1
0
0
0
0
0
0
0
0
0
0
0
0
0
0
0
-1
0
0
-1
0
0
0
0
0
0
0
0
1
2
2
3
3
5
5
6
6
7
7
7
8
8
8
8
8
7
8
7
6
7
6
6
6
5
5
5
4
4
3
3
2
3
1
1
0
1
0
0
0
0
0
0
0
0
-1
0
-1
-1
-1
-2
-1
-2
-1
-2
-2
-2
-2
-3
-2
-3
-3
-3
-3
-3
-3
-3
-4
-3
-3
-3
-3
-3
-3
-2
-4
-3
-3
-2
-3
-3
-3
-3
-3
-3
-2
-3
-3
-2
-2
-1
-3
-2
-2
-2
-1
-2
-2
-2
-2
-2
-2
-2
-2
-1
-2
-2
-1
-1
-1
-1
-1
-1
-1
-1
-1
-1
0
0
0
0
0
0
0
0
2
2
3
3
4
5
6
7
8
9
9
9
10
10
10
10
10
10
10
10
10
10
10
10
9
9
8
8
8
7
6
5
5
4
4
3
2
2
1
1
1
0
0
0
0
0
0
0
-1
-1
0
-2
-2
-1
-2
-2
-3
-3
-3
-3
-4
-4
-4
-4
-5
-5
-5
-5
-4
-5
-5
-4
-5
-4
-5
-5
-4
-4
-4
-4
-4
-4
-4
-3
-3
-4
-4
-3
-3
-3
-4
-3
-3
-3
-3
-3
-3
-3
-2
-2
-3
-3
-2
-2
-2
-2
-2
-2
-2
-2
-2
-2
-2
-1
-1
-1
-1
0
-1
-1
0
0
0
1
0
1
3
3
4
4
6
7
7
8
9
9
9
10
10
10
10
10
10
10
10
9
9
9
9
9
8
7
7
7
6
5
4
4
3
3
2
2
1
0
1
0
0
0
0
-1
-1
-1
-1
-1
-2
-2
-2
-3
-3
-3
-4
-4
-4
-4
-5
-5
-5
-4
-5
-5
-5
-5
-5
-5
-6
-6
-5
-6
-5
-5
-6
-6
-6
-5
-5
-5
-4
-5
-5
-4
-4
-4
-4
-4
-4
-4
-3
-3
-2
-3
-3
-3
-2
-2
-2
-2
-2
-1
-2
-2
-1
-1
-2
-2
-1
-1
-1
-1
0
0
-1
0
0
0
1
1
2
4
4
6
6
8
9
9
9
11
11
11
11
12
12
12
12
12
12
13
12
12
11
12
11
11
10
11
10
9
9
8
7
7
6
7
6
5
4
4
4
3
2
3
2
1
1
0
0
0
-1
0
-2
-1
-2
-2
-2
-3
-3
-4
-4
-4
-5
-5
-6
-6
-7
-7
-7
-7
-7
-7
-8
-8
-7
-8
-7
-7
-9
-8
-8
-8
-8
-8
-8
-7
-8
-7
-7
-7
-7
-8
-7
-7
-7
-6
-6
-5
-5
-5
-6
-5
-5
-5
-5
-4
-4
-4
-4
-4
-3
-3
-3
-3
-3
-3
-2
-2
-1
-2
0
0
0
2
3
4
6
7
8
9
11
11
12
13
13
13
14
15
15
16
16
16
17
16
17
17
17
18
17
17
17
16
16
16
15
14
13
13
12
12
11
11
10
8
8
7
6
7
6
5
5
4
3
2
1
2
0
0
0
-1
-2
-2
-3
-3
-4
-4
-5
-5
-7
-7
-7
-8
-8
-8
-9
-10
-10
-11
-11
-11
-11
-11
-11
-11
-12
-12
-12
-12
-12
-12
-12
-12
-12
-12
-12
-12
-12
-11
-12
-10
-10
-10
-10
-10
-10
-9
-10
-9
-9
-9
-9
-8
-8
-8
-7
-7
-7
-7
-6
-6
-6
-6
-6
-6
-6
-4
-3
-2
0
0
1
3
4
6
7
7
9
10
11
12
12
13
14
15
16
16
17
17
17
17
17
17
18
17
16
16
16
16
14
14
13
12
12
11
11
10
9
8
8
7
6
6
5
4
3
4
3
2
1
1
1
0
0
0
-1
-1
-2
-1
-3
-3
-4
-4
-5
-5
-5
-6
-6
-6
-7
-7
-7
-9
-9
-9
-9
-9
-9
-11
-11
-11
-11
-11
-11
-11
-11
-11
-11
-11
-11
-11
-11
-11
-11
-10
-10
-10
-10
-9
-9
-9
-9
-9
-8
-8
-8
-7
-7
-7
-7
-6
-7
-6
-5
-6
-6
-6
-5
-4
-4
-2
-1
-1
0
2
2
4
5
7
8
8
10
11
12
13
13
14
15
15
16
16
17
16
16
16
16
16
15
14
14
13
14
13
12
12
11
11
10
9
9
8
7
6
6
5
5
4
4
3
3
2
2
1
0
1
0
0
0
0
-1
-1
-2
-1
-2
-2
-3
-3
-4
-4
-5
-5
-5
-6
-6
-6
-7
-7
-8
-8
-8
-9
-9
-9
-9
-9
-9
-9
-10
-10
-10
-9
-9
-9
-9
-9
-9
-9
-9
-9
-8
-9
-9
-8
-8
-7
-6
-5
-4
-4
-2
-1
0
0
2
3
3
5
6
7
8
9
9
10
10
11
11
12
12
12
12
12
12
12
12
12
11
10
10
10
9
8
8
7
6
6
6
5
4
3
3
3
2
2
1
2
1
0
1
0
0
0
0
0
0
-1
0
-1
0
-2
-2
-2
-2
-3
-3
-3
-3
-4
-4
-4
-5
-5
-6
-6
-6
-6
-7
-7
-7
-7
-8
-8
-8
-8
-8
-8
-9
-9
-8
-9
-8
-8
-8
-8
-9
-9
-8
-8
-8
-7
-7
-6
-6
-6
-5
-4
-2
-2
0
1
2
4
5
6
7
9
10
11
11
12
13
13
14
14
14
15
14
14
14
14
15
14
13
13
13
12
11
11
10
10
9
8
7
7
7
6
6
5
5
4
4
4
3
3
3
2
2
1
2
2
1
0
0
0
0
0
0
-1
0
-1
-2
-1
-3
-2
-3
-4
-4
-5
-5
-4
-6
-5
-6
-7
-6
-7
-7
-7
-8
-8
-8
-8
-8
-9
-9
-8
-10
-9
-9
-9
-9
-9
-9
-9
-9
-9
-8
-8
-8
-9
-9
-8
-8
-8
-8
-8
-7
-8
-7
-6
-5
-4
-4
-2
0
0
2
2
4
5
6
7
9
9
10
11
11
12
12
13
13
13
13
12
13
12
12
13
12
12
11
11
10
10
9
9
9
8
8
8
7
7
6
6
5
5
5
4
4
4
3
3
2
2
3
2
1
1
0
1
0
0
0
0
-1
-2
-1
-2
-2
-3
-3
-3
-3
-4
-4
-4
-4
-4
-5
-4
-5
-5
-4
-5
-5
-6
-5
-6
-6
-5
-7
-6
-5
-6
-6
-6
-7
-6
-5
-6
-6
-5
-6
-6
-6
-6
-6
-6
-6
-6
-6
-5
-7
-6
-6
-7
-6
-7
-6
-6
-6
-6
-5
-5
-5
-3
-3
-1
0
0
2
2
3
4
6
6
7
7
8
9
10
10
10
10
10
11
11
11
11
11
10
10
10
9
9
8
8
7
7
7
6
5
5
6
5
5
4
4
4
3
3
4
3
3
2
2
1
1
1
0
0
0
0
0
0
0
-1
-1
-1
-2
-1
-3
-2
-3
-2
-3
-4
-3
-4
-4
-5
-4
-5
-5
-5
-5
-5
-6
-5
-5
-6
-5
-7
-6
-5
-6
-6
-6
-6
-6
-5
-6
-5
-5
-6
-5
-5
-5
-5
-5
-6
-5
-5
-6
-5
-5
-6
-5
-5
-5
-6
-5
-5
-5
-5
-4
-5
-4
-4
-4
-3
-2
-2
0
0
1
1
3
4
4
5
6
6
7
7
7
9
9
9
9
9
9
9
9
9
9
9
9
9
8
8
7
7
6
6
6
5
5
5
4
4
3
3
4
3
3
3
2
2
2
2
1
1
1
1
1
0
1
0
0
0
0
0
0
0
-1
-1
-2
-1
-2
-3
-3
-3
-3
-3
-3
-4
-3
-4
-3
-4
-4
-4
-4
-4
-5
-4
-5
-4
-5
-4
-4
-5
-4
-5
-4
-4
-5
-4
-5
-5
-5
-5
-4
-4
-5
-4
-5
-4
-4
-4
-4
-3
-4
-4
-4
-4
-3
-4
-3
-2
-2
-1
0
0
1
1
3
4
4
5
6
7
6
7
7
7
8
8
8
9
8
8
9
8
8
8
8
7
7
7
6
6
5
5
4
5
5
4
3
3
3
3
3
2
2
2
2
2
1
1
1
2
1
1
0
1
1
0
0
0
0
0
0
0
-1
-1
-1
-2
-1
-2
-2
-3
-2
-3
-3
-3
-3
-3
-3
-3
-4
-3
-5
-4
-4
-4
-5
-4
-4
-4
-4
-4
-4
-5
-4
-5
-4
-4
-4
-4
-4
-4
-4
-4
-4
-4
-4
-4
-4
-4
-4
-4
-5
-4
-4
-4
-4
-4
-4
-4
-4
-4
-3
-3
-3
-2
-1
0
0
1
2
3
4
5
6
6
7
7
8
8
8
9
9
9
9
9
9
9
9
9
9
9
9
9
9
8
8
7
7
6
6
6
5
4
4
4
4
3
2
4
3
3
2
2
1
2
1
1
0
0
1
0
0
0
0
0
0
0
0
-1
-1
-1
-2
-2
-2
-2
-2
-3
-3
-3
-4
-3
-3
-3
-4
-3
-4
-3
-4
-4
-4
-4
-4
-4
-4
-4
-5
-4
-5
-4
-5
-4
-5
-5
-4
-5
-4
-5
-4
-5
-4
-3
-5
-4
-4
-4
-4
-4
-3
-4
-4
-4
-4
-4
-4
-4
-4
-3
-4
-4
-3
-3
-3
-3
-2
-2
0
0
1
1
2
4
4
4
5
6
7
7
7
8
8
8
9
8
8
9
9
9
9
9
9
8
8
8
7
7
7
6
6
5
5
4
4
4
3
3
3
3
3
3
3
2
2
1
2
2
1
1
1
2
1
0
0
0
0
0
0
-1
0
-1
-1
-1
-1
-2
-2
-2
-3
-2
-2
-2
-2
-3
-2
-3
-2
-3
-4
-3
-4
-3
-4
-3
-4
-3
-4
-3
-4
-4
-5
-4
-4
-4
-5
-4
-5
-4
-5
-4
-4
-4
-4
-4
-3
-4
-3
-5
-4
-5
-4
-4
-4
-4
-4
-4
-4
-4
-3
-4
-3
-4
-3
-3
-2
-2
-1
0
0
0
1
2
3
3
5
5
5
6
6
6
6
6
7
7
8
7
7
7
7
7
7
6
6
6
6
6
5
5
5
4
4
4
4
4
3
3
3
2
2
3
2
2
2
2
1
2
1
1
0
0
1
0
0
0
0
0
0
0
0
-1
0
0
-1
-1
-1
-1
-1
-1
-2
-2
-2
-2
-3
-2
-3
-3
-3
-3
-3
-4
-4
-4
-4
-4
-3
-4
-4
-4
-3
-4
-4
-4
-4
-4
-4
-4
-3
-4
-3
-4
-3
-3
-3
-3
-3
-3
-3
-4
-3
-4
-3
-3
-2
-2
0
-1
0
1
1
2
3
3
3
4
5
5
5
5
6
6
6
6
6
7
6
6
6
6
6
5
5
6
6
5
5
4
4
4
3
