-8
-8
-8
-8
-7
-8
-7
-7
-7
-7
-6
-6
-6
-6
-5
-5
-5
-5
-4
-4
-3
-4
-3
-3
-3
-2
-2
-2
-2
-1
-1
-1
0
0
1
1
1
1
1
1
1
2
2
2
2
2
2
2
2
2
3
3
3
3
2
3
3
3
3
4
5
7
8
9
11
12
14
16
17
19
20
21
21
22
21
21
20
18
18
17
15
13
12
11
9
8
6
5
4
2
2
0
-1
-2
-2
-4
-5
-6
-7
-8
-9
-9
-9
-10
-10
-11
-10
-11
-11
-11
-10
-10
-10
-10
-11
-10
-10
-10
-10
-10
-10
-10
-9
-10
-9
-9
-9
-8
-8
-8
-7
-6
-7
-6
-6
-6
-6
-6
-5
-4
-4
-5
-4
-5
-5
-4
-4
-3
-3
-2
-2
-2
-2
-3
-2
-2
-1
-1
-1
-1
0
0
0
0
0
0
1
1
1
2
2
2
2
1
1
1
1
1
2
2
3
3
3
3
4
4
5
6
8
9
11
12
14
15
17
18
20
20
22
22
23
22
21
20
19
18
17
15
14
12
11
9
8
6
5
5
4
2
0
-1
-2
-3
-4
-5
-5
-6
-7
-8
-8
-9
-8
-8
-9
-9
-9
-9
-9
-10
-9
-9
-9
-9
-9
-10
-10
-9
-9
-9
-9
-8
-8
-9
-8
-8
-8
-8
-7
-7
-7
-7
-7
-6
-7
-7
-6
-7
-6
-6
-5
-6
-5
-5
-5
-5
-5
-4
-4
-4
-4
-4
-4
-5
-4
-4
-4
-3
-4
-4
-4
-3
-3
-2
-2
-2
-1
-1
-1
0
0
1
1
1
1
1
2
2
2
2
2
2
2
2
3
5
6
8
10
11
13
14
16
18
20
21
22
22
