-1
1
-2
-1
0
1
2
1
1
-2
-1
-2
0
1
1
0
-2
-1
0
2
3
2
-2
-2
-1
-2
2
1
1
-3
-2
-1
-2
1
-1
-3
-2
0
1
2
2
-2
-1
0
1
4
3
0
-1
0
1
5
6
5
-1
0
0
-1
4
3
1
-1
1
1
2
3
-2
-3
-2
-1
2
3
0
-5
-3
-2
1
3
2
-4
-5
-4
-3
3
2
0
-4
-3
-1
0
4
-1
-4
-2
0
3
4
2
-5
-2
0
1
5
3
-3
-4
-3
-2
5
4
0
-5
-3
-1
1
5
-1
-6
-4
-1
2
4
1
-6
-3
-2
1
6
4
-5
-4
-2
-1
6
3
-2
-5
-3
-1
2
4
-4
-5
-3
-1
3
4
-2
-8
-6
-4
1
4
1
-7
-4
-2
0
7
3
-5
-4
-1
1
6
5
-5
-3
-1
3
9
8
-1
-1
1
2
9
8
1
-3
-1
0
3
6
-2
-6
-5
-3
2
3
-3
-11
-10
-8
-2
2
-2
-11
-9
-5
-2
5
1
-9
-7
-2
0
6
2
-8
-7
-3
1
8
5
-6
-5
-1
0
10
5
-4
-7
-2
0
7
5
-6
-5
-1
2
10
8
-3
-5
0
1
10
7
-3
-5
-2
1
7
8
-4
-4
0
4
11
12
1
-3
-1
1
9
10
-1
-4
-1
2
7
10
-3
-5
1
5
11
12
0
-5
-1
0
7
9
-3
-7
-3
-1
5
9
-3
-5
0
4
12
15
2
-2
1
3
12
13
0
-4
-1
3
9
11
-4
-6
-2
3
11
10
-4
-7
-3
-2
6
5
-10
-12
-7
-4
4
2
-13
-12
-7
-2
8
6
-9
-8
-1
1
12
6
-8
-6
-1
2
10
3
-13
-8
-3
1
10
0
-12
-6
-2
3
12
1
-8
-2
1
7
12
-2
-11
-5
-3
6
9
-8
-13
-8
-5
4
5
-11
-11
-4
1
10
8
-8
-5
0
4
14
7
-7
-4
0
4
12
0
-13
-8
-6
2
9
-6
-14
-9
-5
4
7
-9
-11
-5
1
11
10
-7
-5
1
6
17
10
-3
-1
5
10
19
6
-8
-1
1
10
14
-4
-11
-5
0
9
7
-13
-12
-4
2
11
1
-13
-9
-3
3
10
-5
-13
-5
0
8
9
-8
-9
-2
3
14
7
-8
-5
1
7
15
-1
-12
-5
-2
9
10
-9
-12
-5
1
11
1
-16
-11
-6
4
10
-7
-16
-9
-4
6
4
-13
-12
-5
4
13
0
-13
-8
-2
7
11
-5
-11
-5
3
12
6
-10
-8
-1
7
14
0
-9
-4
3
12
12
-4
-8
0
5
14
4
-9
-5
0
8
12
-4
-13
-6
0
10
6
-9
-7
0
8
17
2
-8
0
5
18
16
-2
-3
3
10
18
4
-11
-5
-2
9
10
-10
-13
-5
1
11
-2
-17
-11
-6
6
9
-9
-14
-7
0
10
-1
-17
-11
-6
7
11
-6
-11
-4
4
15
3
-12
-6
0
13
15
-3
-9
-2
5
15
3
-13
-6
-2
11
11
-7
-11
-3
4
13
0
-14
-7
-1
11
9
-9
-11
-3
5
11
-1
-15
-6
-1
10
4
-12
-11
-3
7
8
-5
-15
-7
2
9
1
-15
-9
-2
9
6
-9
-14
-5
6
10
0
-10
-2
9
19
11
-3
-2
7
21
19
3
-3
2
13
19
6
-8
-2
5
18
9
-8
-9
-2
11
12
-3
-14
-6
3
11
1
-16
-9
-3
8
3
-14
-16
-8
4
4
-9
-20
-12
0
3
-4
-17
-11
0
10
3
-11
-12
-3
11
8
-6
-11
-4
9
13
2
-9
-2
7
18
10
-5
-3
5
17
11
-3
-8
-1
10
7
-4
-17
-10
1
4
-4
-18
-12
-1
6
-1
-14
-12
-2
12
7
-6
-9
-3
13
12
1
-6
2
14
18
9
-4
3
15
22
16
0
2
12
21
12
0
-3
5
20
11
-1
-7
-1
14
9
-2
-11
-4
9
4
-5
-21
-14
2
-2
-8
-22
-19
-3
-1
-7
-17
-12
1
6
0
-13
-9
4
8
2
-11
-12
0
8
1
-7
-8
1
12
5
-5
-6
3
12
6
-5
-11
-2
9
2
-7
-14
-6
9
2
-4
-10
-5
10
4
-5
-13
-6
9
2
-5
-17
-11
5
0
-5
-15
-11
7
4
-2
-12
-5
9
7
1
-13
-7
10
7
3
-10
-7
9
11
6
-2
3
18
21
14
2
6
22
23
17
4
4
18
20
12
3
3
16
16
7
-6
-6
9
8
0
-13
-16
1
-1
-7
-16
-15
1
-1
-9
-20
-18
0
-3
-7
-19
-18
-2
-3
-8
-16
-10
6
3
-2
-14
-7
10
6
3
-7
-6
10
4
-2
-9
-3
12
7
1
-11
-5
11
4
2
-8
-3
10
2
-4
-12
-3
9
4
-1
-11
-3
8
1
-2
-9
1
8
1
-6
-12
0
7
1
-3
-9
3
7
0
-5
-7
9
10
3
-5
-9
7
7
2
-4
-4
11
7
3
-8
-4
14
9
7
-3
-1
10
4
1
-6
5
15
12
9
0
12
17
11
9
4
21
21
14
8
1
17
14
7
2
1
14
10
3
-7
-2
7
1
-2
-14
-3
-2
-10
-15
-25
-9
-9
-15
-18
-22
-8
-10
-14
-19
-15
-3
-4
-6
-15
-5
-1
-6
-9
-17
0
1
-5
-5
-9
5
4
-1
-5
-3
9
7
5
-5
3
8
1
-2
-12
3
5
0
-1
-7
6
4
-1
-4
-3
8
5
3
-5
3
5
1
-1
-10
5
5
0
0
-4
9
7
3
-2
4
7
5
3
-7
8
6
2
2
-8
5
1
-4
-6
-1
6
5
3
-7
5
3
-2
-1
-9
7
5
1
-1
-1
4
1
-1
-8
8
9
6
8
-1
13
11
6
5
8
12
7
5
-6
8
8
3
3
-6
1
-3
-9
-13
-4
-1
-3
-4
-15
-4
-6
-10
-8
-9
-4
-5
-8
-16
-2
-2
-4
-3
-10
-3
-5
-9
-11
0
3
2
3
-7
4
3
-1
1
1
4
3
1
-8
4
4
1
2
-3
1
-1
-5
-8
2
3
2
3
-4
3
1
-2
-3
3
5
3
5
-3
3
1
-3
-6
1
2
1
1
-6
-1
-2
-6
-6
0
1
2
3
-5
1
0
-2
0
3
5
5
6
-2
4
1
-3
-4
3
3
2
3
-2
3
3
0
-1
6
7
8
9
2
7
6
3
3
8
7
6
7
-1
1
-1
-6
-10
-3
-4
-5
-3
-7
-5
-5
-8
-12
-3
-4
-5
-2
-4
-1
-2
-4
-6
2
2
2
7
4
5
7
4
-3
2
1
-2
-2
1
1
2
0
-4
1
-1
-3
-4
0
1
2
3
-3
1
0
-1
-1
4
4
6
8
3
3
2
-2
-5
-2
-3
-5
-3
-1
0
0
-1
-4
0
0
0
-1
2
2
2
2
-2
0
-1
-1
-1
4
3
4
5
3
3
4
2
-2
-1
-3
-5
-5
-2
-1
-1
1
-1
1
0
0
-2
1
2
2
3
2
3
3
3
2
5
5
3
5
8
7
6
6
1
0
-2
-5
-7
-8
-10
-11
-11
-9
-8
-6
-5
-4
-3
-2
-1
-3
-2
-1
0
-1
-1
-1
-2
-1
-2
0
1
1
3
5
7
8
9
7
7
7
5
4
2
0
-1
-2
-3
-4
-5
-4
-3
-2
-1
-1
1
2
2
3
3
0
0
0
-2
-3
-3
-4
-3
-3
-3
-1
-1
1
3
4
5
6
5
4
5
4
4
3
2
2
2
-1
-2
-3
-3
-5
-5
-5
-5
-2
-2
-1
1
4
4
6
8
8
5
4
4
1
-2
-3
-4
-4
-4
-4
-4
-2
1
2
4
5
9
7
8
9
7
7
6
5
4
5
2
2
2
1
-3
-4
-4
-4
-9
-9
-9
-11
-11
-12
-11
-10
-6
-6
-3
-1
4
4
5
8
9
4
5
5
3
-1
-2
-4
-6
-8
-10
-11
-11
-6
-7
-5
-3
1
0
2
5
8
5
7
8
8
4
5
4
3
3
1
1
0
2
0
1
3
4
2
2
4
5
1
2
2
2
-3
-3
-4
-6
-9
-10
-11
-12
-11
-12
-12
-10
-6
-6
-4
-2
4
5
7
10
14
11
13
14
14
9
9
8
6
0
-2
-3
-6
-10
-11
-13
-13
-13
-14
-14
-13
-8
-8
-6
-4
2
2
4
7
10
9
10
13
15
10
10
11
11
7
5
5
4
1
0
0
-2
-3
-4
-4
-5
-4
-6
-4
-4
-2
-3
-3
-1
1
-1
0
2
3
0
2
3
4
2
2
3
3
0
0
1
1
-1
-1
-1
-2
-4
-5
-5
-5
-7
-7
-7
-8
-10
-10
-10
-11
-10
-10
-10
-8
-8
-8
-7
-6
-3
-3
-2
0
3
2
3
4
6
6
7
8
10
8
9
10
11
9
9
10
12
9
10
10
11
9
9
10
9
7
7
7
7
5
4
3
3
1
1
1
-1
-1
-1
-2
-3
-4
-4
-4
-4
-4
-4
-4
-4
-3
-3
-3
-3
-2
-2
-2
-2
-2
-2
-2
-3
-3
-4
-4
-4
-4
-4
-4
-4
-4
-4
-4
-5
-4
-4
-3
-3
-3
-2
-2
-2
-2
-1
-2
-2
-1
-1
-1
-1
-1
-1
-2
-2
-2
-1
-1
-1
-1
-1
-1
-1
-1
-1
-1
-1
-1
-1
-2
-3
-2
-2
-2
-3
-3
-2
-3
-3
-2
-2
-2
-3
-1
-1
-1
-3
-2
-1
-3
-2
-1
-1
-1
-2
-1
-1
-1
-2
0
1
0
0
1
0
0
-1
1
1
0
0
2
3
2
2
4
4
4
5
7
6
7
8
9
9
8
8
9
9
8
8
8
8
8
8
8
7
6
7
8
7
6
6
7
6
4
5
4
2
1
1
1
-1
-2
-2
-2
-4
-5
-4
-5
-5
-7
-6
-6
-8
-9
-8
-8
-8
-9
-7
-7
-7
-9
-5
-5
-6
-6
-3
-3
-3
-3
0
0
-1
0
3
2
1
3
4
4
3
3
4
3
0
2
1
0
-3
-2
-2
-3
-7
-5
-5
-6
-9
-7
-8
-8
-11
-6
-6
-7
-7
-2
-2
-1
0
6
7
7
8
13
12
12
14
17
16
13
13
13
10
5
6
6
3
-2
-2
-4
-7
-12
-10
-11
-13
-16
-11
-13
-15
-15
-9
-8
-8
-6
-1
1
1
4
8
8
9
12
15
14
12
13
14
13
8
10
9
7
2
3
1
-2
-6
-4
-5
-7
-8
-4
-6
-7
-6
-1
-2
-3
-1
3
2
0
1
3
1
-2
-1
-1
-2
-6
-4
-5
-7
-11
-7
-8
-9
-9
-3
-3
-2
-1
4
4
4
6
13
11
8
9
12
8
3
2
1
-1
-7
-5
-7
-11
-14
-10
-10
-13
-12
-5
-4
-4
-2
6
4
4
7
12
11
7
10
12
9
4
5
5
1
-2
1
-1
-3
-4
0
-1
-4
-4
2
1
-4
-1
3
0
-5
-3
-2
-4
-9
-7
-6
-8
-9
-2
-3
-4
-1
7
6
3
7
14
13
6
8
10
5
-1
1
-1
-6
-9
-3
-5
-9
-8
0
-1
-3
0
8
7
3
7
11
7
1
4
16
16
15
15
15
15
14
14
14
14
14
14
14
13
13
12
12
12
12
12
11
11
11
10
10
10
9
9
9
9
8
8
7
8
8
7
8
7
7
7
7
7
6
7
6
7
7
6
7
6
6
6
6
6
6
7
6
7
6
6
6
5
5
6
5
6
5
5
4
5
4
5
4
4
4
4
4
4
3
3
3
4
3
3
3
3
3
3
3
2
3
3
3
3
2
2
2
1
1
1
1
1
1
0
0
0
0
0
0
0
0
0
0
0
1
0
0
0
0
1
1
1
1
1
1
1
2
1
2
2
2
2
1
1
2
2
2
2
2
2
2
2
2
2
2
2
2
1
1
1
1
0
-1
-1
-1
-1
-1
-1
-1
-1
-1
-1
-1
-1
0
0
0
0
0
0
0
0
0
0
0
0
0
0
0
0
0
0
0
0
0
-1
-1
-1
-1
-1
-1
-1
-1
-1
-1
-1
-1
-1
0
0
0
0
0
0
0
0
0
0
0
0
0
0
0
0
0
-1
-1
-1
-1
-1
-1
-2
-2
-2
-2
-2
-2
-2
-1
-1
-1
-1
-1
-1
0
0
0
0
0
0
0
0
0
0
0
0
0
0
0
0
1
1
1
1
1
1
1
1
1
1
1
2
1
0
0
0
1
1
1
1
1
1
1
1
0
1
1
1
1
0
0
0
-1
-1
-1
-1
0
0
0
0
-1
-1
-1
-1
-1
0
0
0
0
-1
-1
-1
-1
0
0
0
0
0
0
0
0
0
0
1
1
1
1
1
1
1
1
1
1
1
1
1
0
0
0
0
0
0
0
0
0
0
0
0
0
0
0
0
0
0
0
0
0
0
0
0
0
0
-1
0
-1
-1
-1
-1
-1
-1
-1
-1
-1
-1
-2
-1
-2
-1
0
-1
-1
-1
-1
-1
0
0
0
1
1
1
1
0
1
1
2
2
2
1
1
1
0
0
0
0
0
0
0
-1
-1
-1
-2
-2
-2
-1
-1
-1
-1
-1
-1
-1
-1
-1
-1
0
0
0
0
0
0
0
0
0
0
0
0
0
0
0
0
0
0
0
0
0
0
0
0
0
0
0
0
0
0
0
0
0
0
0
0
0
0
0
0
0
0
0
0
0
0
0
0
0
0
0
0
0
0
0
0
0
0
0
0
0
0
0
0
0
0
0
0
0
0
0
0
0
0
0
0
0
0
0
0
0
0
0
0
0
0
0
0
0
1
1
1
1
1
1
1
1
1
1
1
1
1
0
0
0
-1
-1
-1
-1
-1
-1
-1
-1
-1
-1
-1
-1
-1
0
0
0
0
0
0
0
0
0
0
0
0
0
0
0
0
0
0
0
0
0
0
-1
-1
-1
-1
-1
-1
-2
-2
-2
-3
-3
-3
-4
-3
-3
-3
-3
-3
-3
-2
-2
-2
-1
-1
-1
0
-1
-1
-1
0
0
0
0
0
0
0
0
1
1
2
2
2
1
2
2
2
2
3
3
3
3
3
3
3
3
3
2
2
3
4
3
4
5
5
6
7
7
8
9
10
10
10
10
11
10
10
9
9
8
8
8
7
7
7
6
5
4
4
3
4
3
3
3
2
1
0
0
0
0
-1
-1
-1
-3
-3
-4
-4
-4
-4
-4
-4
-5
-5
-5
-5
-6
-5
-6
-6
-6
-7
-7
-8
-8
-8
-8
-7
-8
-8
-8
-8
-7
-7
-7
-6
-5
-5
-4
-4
-4
-4
-3
-4
-3
-3
-3
-2
-3
-3
-3
-3
-3
-3
-2
-3
-2
-2
-2
-2
-2
-1
-1
-1
-1
-1
-1
-1
0
0
-1
-1
-1
-1
-1
0
0
0
0
0
0
0
1
2
2
2
2
3
2
2
2
3
3
3
3
2
2
2
2
2
1
1
1
1
0
0
0
0
0
0
0
0
0
0
0
0
-1
-1
-1
-1
-1
-1
-2
-2
-2
-2
-2
-3
-3
-2
-2
-2
-2
-3
-3
-2
-2
-2
-2
-3
-2
-2
-2
-2
-2
-3
-2
-2
-2
-3
-3
-3
-2
-3
-3
-3
-4
-4
-3
-3
-3
-4
-3
-3
-3
-2
-1
-1
-1
0
0
0
0
1
2
2
3
3
2
3
3
3
3
4
4
5
4
4
5
4
4
4
3
4
4
4
4
4
4
4
4
3
3
4
4
4
3
3
3
3
3
2
2
3
3
4
3
3
3
3
3
3
2
2
2
2
1
1
0
0
0
1
1
1
1
0
1
1
0
0
0
0
0
0
-1
-1
-1
-1
0
-1
-1
0
0
0
0
0
-1
-1
-1
-1
-1
-1
-1
0
0
0
0
0
0
1
1
1
1
1
1
1
0
0
0
0
-1
-1
-1
-1
-1
-1
-1
-1
-1
-1
-1
-1
-1
0
-1
-1
-1
-1
-1
-1
-1
-1
-1
-1
-1
-1
-1
0
0
0
0
-1
-1
-1
-1
-1
-1
-1
-1
-1
-1
-1
-1
-1
0
0
0
0
0
0
0
0
0
0
0
0
0
0
0
0
0
0
-1
-1
-1
-1
-1
-1
-1
-1
-1
-1
-1
-1
-1
0
0
0
0
0
0
0
0
0
0
0
-1
0
0
0
0
0
-1
-1
-1
-1
-1
-1
-1
0
-2
-2
-2
-2
-2
-1
-1
-1
-1
-1
-1
-1
-1
-1
-1
-1
-1
-1
-1
-1
0
0
0
0
1
1
2
2
3
3
3
3
3
2
2
3
3
2
2
2
2
1
1
1
1
1
1
1
0
1
1
1
2
2
3
3
3
4
4
4
4
4
4
4
4
3
3
2
2
2
0
0
0
0
0
-1
-1
-2
-2
-2
-2
-2
-2
-1
-1
-1
-1
-1
-1
-1
0
0
0
0
0
0
0
0
0
0
-1
-1
-1
-1
-1
-1
-1
-1
-1
-1
-2
-2
-2
-1
-1
-1
-1
-1
-2
-2
-2
-2
-2
-1
-1
-1
-1
-1
-1
-1
-1
0
0
0
0
0
0
0
0
0
0
0
0
0
0
0
0
0
0
0
0
0
0
0
0
0
0
0
0
1
1
1
2
2
2
2
2
2
2
2
2
2
1
1
1
-1
-1
-1
-1
-1
-2
-2
-2
-2
-2
-2
-2
-2
-1
-1
-1
-1
-1
0
0
0
0
0
0
0
0
0
0
0
0
0
0
0
0
0
0
0
0
0
0
0
0
0
0
0
0
0
0
0
-1
-1
-1
0
0
0
0
0
0
0
0
0
0
1
1
1
0
0
0
0
0
0
0
0
0
0
0
0
0
0
0
0
0
0
0
0
0
0
1
1
1
1
2
2
2
2
3
3
3
3
3
2
2
2
2
1
0
0
0
-2
-2
-2
-2
-2
-2
-2
-3
-3
-3
-2
-2
-2
-1
-1
-1
-1
-1
-1
-1
0
0
0
0
0
0
0
0
0
0
0
0
0
0
0
0
0
0
0
0
0
0
0
0
0
0
0
0
0
0
0
0
0
0
0
0
0
0
0
0
0
0
0
0
0
0
0
0
0
0
0
0
0
0
0
0
0
0
0
0
0
0
0
0
0
0
0
0
0
0
0
0
0
0
1
1
1
2
2
3
3
3
3
3
3
3
3
2
2
2
0
0
-1
-1
-2
-2
-2
-2
-2
-2
-2
-3
-3
-2
-2
-2
-2
-1
-1
-1
-1
-1
-1
-1
0
0
0
0
0
0
0
0
0
0
0
0
0
0
0
0
0
0
0
0
0
-1
0
0
0
0
0
0
0
0
0
0
0
0
1
0
0
0
0
0
0
0
0
0
0
0
0
0
0
0
0
0
0
0
0
0
0
0
0
0
0
0
0
0
1
2
3
4
5
7
9
11
14
17
21
24
29
32
36
41
45
50
54
58
62
66
70
73
76
78
81
82
83
84
84
85
85
85
84
82
81
81
80
78
77
76
75
74
71
69
67
65
63
61
58
55
53
51
47
44
41
38
35
32
29
27
23
20
17
13
10
7
4
0
-2
-5
-8
-12
-15
-17
-19
-21
-21
-23
-24
-25
-25
-27
-28
-29
-30
-32
-34
-36
-39
-43
-46
-51
-55
-60
-65
-70
-76
-82
-89
-96
-105
-115
-126
-138
-150
-163
-176
-188
-201
-213
-224
-234
-244
-250
-255
-257
-258
-256
-254
-249
-244
-237
-229
-220
-211
-201
-192
-181
-172
-162
-153
-143
-134
-125
-117
-110
-103
-96
-89
-83
-78
-72
-67
-61
-56
-52
-47
-42
-36
-31
-26
-21
-16
-10
-5
0
5
10
16
21
26
31
36
41
45
50
54
58
62
66
70
74
78
82
86
90
95
100
104
108
112
116
119
122
124
127
129
131
132
132
132
133
133
133
133
133
132
131
130
128
126
125
123
121
117
115
112
109
105
102
97
92
89
85
81
77
74
71
66
63
59
57
54
53
50
47
45
42
40
37
34
33
30
29
26
25
23
22
21
19
18
17
16
15
14
13
12
12
10
10
9
9
9
8
8
7
8
7
8
7
7
7
6
6
5
4
4
3
2
1
1
0
-1
-2
-3
-4
-5
-5
-5
-6
-6
-6
-6
-7
-7
-6
-7
-6
-6
-5
-6
-6
-5
-6
-5
-6
-6
-6
-7
-6
-7
-7
-7
-7
-8
-8
-8
-8
-8
-8
-8
-8
-9
-8
-8
-9
-9
-9
-10
-9
-10
-10
-9
-10
-10
-10
-10
-10
-10
-9
-9
-9
-9
-9
-9
-10
-9
-9
-8
-9
-9
-8
-9
-8
-8
-8
-8
-7
-7
-7
-7
-7
-6
-6
-6
-6
-6
-6
-6
-5
-5
-4
-5
-4
-5
-6
-5
-5
-5
-5
-5
-5
-5
-6
-6
-5
-5
-4
-3
-3
-3
-2
-2
-1
-1
0
1
1
1
1
1
1
0
0
0
0
0
0
-1
-1
0
0
0
-1
-1
0
0
0
0
1
0
0
0
0
0
0
1
1
2
1
1
1
0
1
0
0
-2
-2
-3
-3
-4
-6
-5
-6
-7
-8
-8
-8
-9
-9
-10
-9
-10
-10
-10
-11
-10
-10
-10
-11
-11
-11
-10
-10
-11
-11
-11
-11
-10
-11
-11
-11
-11
-10
-10
-11
-11
-11
-11
-10
-9
-9
-9
-9
-8
-8
-9
-9
-8
-8
-8
-8
-9
-9
-9
-9
-8
-9
-8
-7
-7
-7
-6
-5
-4
-3
-4
-4
-3
-4
-3
-4
-4
-4
-5
-5
-6
-6
-7
-6
-7
-7
-7
-8
-7
-8
-7
-6
-7
-6
-6
-6
-6
-5
-6
-5
-4
-4
-3
-4
-4
-3
-3
-3
-2
-2
-2
0
0
0
0
0
1
2
2
3
3
4
5
5
5
6
7
7
9
10
10
12
13
15
15
17
19
20
21
22
25
26
29
31
32
33
35
36
36
37
37
37
36
35
33
30
28
26
24
20
19
17
14
12
9
8
5
4
2
1
-1
-2
-2
-4
-6
-8
-9
-9
-10
-11
-12
-13
-14
-15
-16
-18
-19
-20
-20
-21
-21
-22
-22
-22
-22
-22
-22
-22
-22
-21
-20
-20
-18
-18
-17
-16
-16
-15
-15
-14
-13
-12
-12
-12
-11
-12
-12
-12
-12
-12
-12
-11
-11
-12
-12
-12
-11
-11
-11
-11
-11
-11
-11
-11
-12
-12
-12
-12
-12
-13
-13
-13
-13
-13
-13
-13
-13
-13
-13
-13
-13
-13
-13
-14
-14
-14
-14
-14
-15
-15
-15
-15
-15
-15
-14
-14
-12
-11
-10
-8
-7
-5
-3
-1
0
2
4
5
7
9
9
10
10
11
12
12
11
12
11
11
10
10
8
8
8
7
7
7
7
7
7
8
8
9
10
11
12
13
14
15
16
16
18
19
20
21
22
22
22
23
23
24
24
23
24
23
22
22
22
21
20
20
19
18
17
16
16
15
14
14
13
12
11
10
10
10
9
9
8
7
7
7
6
5
4
5
5
4
3
2
2
2
2
0
0
0
0
0
-1
-1
-2
-1
0
-1
-1
-1
0
1
1
1
1
2
2
3
2
2
2
2
1
1
-1
-1
-2
-3
-5
-5
-6
-6
-7
-8
-8
-8
-9
-8
-9
-9
-8
-8
-8
-8
-8
-7
-7
-7
-7
-6
-6
-6
-5
-5
-5
-5
-4
-4
-5
-4
-4
-3
-3
-3
-2
-3
-3
-2
-2
-2
-2
-1
-2
-2
-2
-2
-2
-2
-1
-1
-2
-2
-2
-2
-2
-1
-1
-1
-1
-2
-2
-2
-2
-1
-1
-1
-2
-2
-2
-2
-2
-2
-1
-1
0
0
0
1
1
3
3
4
4
5
6
6
7
6
6
6
5
5
4
4
3
2
1
-1
-1
-2
-3
-3
-3
-4
-4
-5
-5
-6
-5
-6
-5
-5
-5
-4
-4
-4
-3
-3
-2
-2
-1
-1
0
0
0
0
0
0
1
1
1
1
1
1
1
1
1
1
1
1
1
0
-1
-1
-1
-1
0
0
0
0
0
0
0
1
1
2
2
3
3
2
2
2
2
2
2
2
1
1
1
1
0
0
0
0
0
0
1
1
1
2
2
3
4
4
5
6
7
7
8
7
7
7
6
6
4
3
3
1
0
-2
-3
-4
-5
-6
-6
-7
-8
-7
-8
-9
-8
-9
-8
-7
-7
-6
-5
-5
-4
-3
-4
-3
-2
-2
-1
-2
-2
-2
-2
-2
-2
-2
-2
-1
-1
-1
-1
-1
0
0
-1
0
0
0
0
0
0
0
0
0
0
0
0
1
0
0
0
1
1
0
0
1
1
1
1
1
2
2
2
2
0
1
2
2
1
1
1
1
2
2
3
4
5
7
6
7
8
8
8
8
8
7
6
5
3
2
0
0
-1
-3
-3
-3
-4
-4
-5
-6
-6
-6
-6
-6
-6
-6
-5
-5
-5
-4
-4
-3
-3
-3
-2
-2
-1
-2
-2
-2
-2
-2
-2
-3
-3
-2
-2
-2
-2
-2
-1
-1
-1
-1
-1
-1
0
0
0
0
0
0
0
0
0
0
1
1
1
1
1
1
1
1
1
1
1
1
1
1
1
1
1
1
1
2
2
2
2
2
2
2
1
2
3
3
4
5
5
6
7
8
8
8
9
9
8
8
8
7
6
5
3
2
1
0
0
-1
-2
-2
-4
-4
-5
-5
-6
-5
-6
-6
-6
-6
-7
-6
-7
-6
-6
-5
-5
-5
-5
-5
-5
-4
-5
-4
-4
-4
-4
-4
-4
-4
-4
-4
-3
-3
-3
-2
-2
-2
-1
-1
-1
-1
-1
0
0
0
0
0
0
1
1
1
1
1
1
1
1
2
2
2
2
2
1
1
1
1
1
1
1
2
1
1
1
1
2
2
2
2
2
3
3
3
3
4
5
6
7
7
8
8
9
9
9
9
9
9
8
7
6
6
5
4
3
2
2
1
0
0
-1
-1
-2
-2
-4
-4
-5
-4
-4
-5
-5
-5
-5
-6
-6
-6
-6
-5
-6
-5
-5
-6
-5
-5
-4
-4
-3
-3
-3
-3
-4
-3
-4
-4
-3
-3
-3
-4
-4
-4
-5
-4
-4
-4
-4
-3
-3
-3
-3
-3
-2
-2
-2
-1
-1
-1
0
0
0
0
0
0
0
0
1
1
1
1
1
1
1
1
1
1
2
2
2
2
2
2
3
3
4
5
5
6
7
7
8
9
9
10
10
10
11
10
10
10
10
9
9
8
7
6
5
5
4
3
3
1
1
0
0
-2
-2
-3
-4
-4
-5
-5
-5
-6
-5
-6
-6
-6
-6
-6
-6
-5
-6
-5
-6
-7
-6
-6
-5
-5
-6
-5
-6
-5
-6
-5
-5
-5
-4
-5
-5
-5
-6
-5
-6
-5
-5
-4
-4
-5
-4
-4
-3
-3
-3
-3
-3
-2
-2
-2
-2
-2
0
0
0
0
0
0
1
1
2
2
2
2
2
2
2
2
2
2
3
4
4
4
5
6
7
7
7
8
9
10
11
10
10
11
11
11
10
10
10
9
8
8
7
7
7
6
5
4
3
3
1
1
1
0
-1
-2
-4
-4
-4
-5
-5
-6
-7
-7
-7
-8
-7
-8
-7
-7
-7
-8
-7
-7
-6
-5
-4
-4
-4
-4
-3
-3
-3
-3
-3
-3
-3
-4
-4
-4
-4
-4
-4
-4
-4
-4
-4
-3
-3
-3
-3
-3
-3
-3
-2
-2
-2
-3
-2
-2
-2
-2
-2
-1
-1
-1
-1
-1
-1
-1
1
1
1
2
2
3
4
5
6
7
8
8
9
8
9
10
10
11
11
11
10
10
9
9
9
9
9
8
7
6
5
4
3
3
1
1
-1
-2
-3
-3
-4
-4
-5
-5
-5
-6
-6
-6
-6
-6
-5
-5
-6
-5
-5
-5
-5
-5
-4
-4
-3
-3
-3
-3
-3
-3
-3
-3
-2
-2
-3
-3
-3
-4
-4
-3
-4
-4
-3
-3
-3
-4
-4
-3
-3
-3
-2
-2
-2
-2
-2
-2
-2
-2
-1
-1
-1
-1
-2
-2
-1
-1
0
0
0
0
0
0
1
1
2
4
5
6
7
7
8
9
10
11
12
12
13
13
13
13
12
11
12
11
10
9
9
8
7
6
5
4
3
1
1
-1
-1
-2
-3
-4
-5
-5
-5
-6
-7
-8
-7
-8
-7
-8
-7
-7
-7
-6
-7
-7
-7
-6
-5
-5
-4
-4
-3
-3
-3
-3
-3
-3
-3
-2
-2
-2
-3
-3
-3
-3
-4
-3
-3
-4
-3
-3
-4
-4
-4
-4
-4
-4
-4
-4
-4
-4
-3
-3
-3
-2
-2
-2
-1
-1
-1
-2
-1
-1
-1
-1
-1
-1
0
0
0
0
1
2
4
5
6
7
8
9
9
9
11
12
13
12
12
12
12
12
11
11
10
10
10
8
7
7
6
5
4
3
2
1
0
-1
-1
-3
-3
-4
-5
-5
-6
-6
-7
-7
-7
-7
-7
-7
-6
-6
-5
-6
-5
-5
-5
-4
-4
-3
-3
-2
-2
-2
-3
-3
-2
-2
-2
-2
-2
-3
-3
-3
-3
-3
-4
-3
-3
-3
-3
-2
-3
-3
-2
-2
-2
-2
-3
-2
-2
-2
-2
-2
-2
-1
-2
-2
-2
-2
-2
-1
-1
-1
-1
-1
-1
-1
-1
0
0
0
0
0
1
1
1
2
2
3
4
5
6
7
7
8
9
9
10
11
11
12
11
11
10
10
9
10
9
8
8
7
6
5
4
3
2
2
0
0
-1
-2
-2
-4
-4
-5
-5
-6
-5
-5
-6
-5
-6
-6
-5
-6
-5
-6
-5
-5
-4
-4
-5
-4
-4
-3
-3
-3
-2
-2
-1
-1
-1
-1
-2
-1
-1
-1
-2
-2
-2
-3
-3
-3
-3
-3
-4
-3
-3
-3
-3
-3
-3
-3
-2
-2
-3
-3
-3
-2
-2
-2
-2
-2
-1
-1
-1
-2
-2
-1
-1
-1
0
0
0
0
0
0
0
0
1
1
2
2
2
1
1
1
1
1
2
2
3
4
5
4
5
5
6
7
8
9
9
9
10
10
10
9
10
10
10
10
9
9
8
8
7
6
5
4
4
2
1
1
-1
-1
-3
-4
-4
-5
-5
-6
-6
-6
-6
-6
-6
-6
-6
-6
-5
-6
-5
-5
-5
-5
-5
-5
-5
-5
-4
-4
-3
-3
-2
-2
-2
-1
-2
-2
-1
-2
-2
-2
-2
-2
-3
-3
-3
-3
-4
-3
-3
-3
-2
-3
-3
-3
-3
-2
-2
-2
-2
-1
-2
-2
-2
-1
0
0
0
-1
-1
-1
-1
-1
-1
0
0
0
-1
-1
-1
-1
0
0
0
0
1
1
1
1
1
1
1
2
2
2
3
4
5
5
5
6
7
8
8
9
9
10
11
10
10
10
9
10
9
8
7
7
7
6
5
4
4
2
1
0
-1
-1
-2
-2
-3
-4
-5
-6
-6
-6
-6
-6
-6
-6
-6
-5
-6
-5
-5
-5
-4
-4
-4
-3
-4
-3
-3
-3
-3
-2
-2
-2
-1
-1
-1
-1
-2
-1
-1
-1
-1
-2
-2
-2
-3
-3
-3
-3
-3
-3
-3
-3
-4
-4
-3
-3
-4
-3
-3
-4
-4
-4
-3
-3
-3
-2
-2
-2
-2
-1
-1
-1
0
1
1
1
1
1
2
2
2
2
2
2
2
2
1
2
2
2
2
1
2
2
3
4
5
5
5
6
6
7
8
9
10
9
10
10
10
10
11
12
11
11
10
10
9
8
9
8
7
6
5
4
2
2
1
0
-2
-3
-3
-5
-5
-5
-5
-5
-4
-3
-2
-2
0
2
3
4
6
7
8
9
10
10
11
11
12
12
12
14
14
15
15
16
16
17
17
17
18
18
18
18
16
16
15
14
13
12
10
9
8
5
4
3
2
1
-1
-3
-4
-6
-7
-8
-9
-11
-11
-13
-15
-16
-17
-17
-18
-19
-19
-20
-21
-21
-21
-21
-20
-19
-19
-18
-17
-16
-15
-14
-13
-11
-11
-9
-9
-8
-7
-7
-6
-7
-7
-6
-7
-7
-7
-6
-7
-7
-7
-8
-8
-9
-10
-10
-11
-11
-11
-13
-14
-14
-14
-15
-15
-15
-15
-14
-14
-14
-13
-13
-12
-11
-11
-10
-10
-9
-9
-8
-8
-7
-7
-7
-7
-6
-7
-6
-7
-7
-8
-7
-8
-8
-9
-9
-9
-9
-10
-10
-11
-11
-11
-11
-13
-13
-13
-14
-14
-16
-16
-17
-18
-18
-19
-20
-20
-20
-20
-20
-19
-19
-18
-17
-16
-14
-13
-10
-8
-7
-4
-2
0
2
4
7
8
11
13
15
16
19
21
23
25
26
28
30
30
32
32
32
32
33
32
32
31
30
30
29
28
28
27
27
26
26
24
22
21
21
20
19
18
17
16
15
14
14
13
13
14
14
13
13
12
12
12
11
11
11
11
10
10
9
9
8
7
8
7
6
6
5
4
3
3
2
2
1
1
0
-1
-2
-3
-3
-4
-4
-4
-5
-5
-5
-6
-7
-6
-7
-6
-6
-6
-6
-7
-7
-7
-7
-7
-7
-6
-7
-6
-7
-6
-7
-6
-5
-6
-5
-6
-6
-5
-6
-5
-5
-5
-5
-4
-5
-5
-4
-5
-4
-4
-4
-2
-2
-1
1
1
2
3
4
5
6
7
8
9
8
8
7
6
6
5
5
4
4
4
2
1
0
0
0
0
-1
-1
-2
-2
-3
-5
-5
-5
-5
-6
-6
-7
-7
-7
-7
-7
-7
-6
-5
-5
-5
-5
-4
-4
-3
-2
-2
-2
-1
-1
0
0
0
2
2
2
2
2
1
2
2
2
2
1
1
2
1
1
1
0
0
0
0
0
-1
-1
-1
-2
-3
-3
-4
-4
-3
-3
-3
-4
-4
-3
-3
-3
-2
-2
-2
-1
-1
-1
-1
-1
0
0
0
0
0
0
0
0
0
0
1
1
1
2
2
3
4
4
5
6
7
7
8
7
8
8
8
8
7
6
6
4
3
2
2
1
1
0
0
-2
-2
-2
-3
-3
-3
-4
-4
-5
-6
-7
-7
-8
-7
-8
-8
-7
-7
-7
-7
-8
-7
-7
-6
-6
-6
-6
-5
-6
-6
-6
-5
-4
-4
-4
-2
-2
-2
-1
-1
-1
0
0
0
0
0
1
1
0
0
0
0
0
0
0
-1
-1
-1
-1
-1
-2
-2
-2
-2
-2
-3
-3
-3
-2
-2
-2
-2
-1
0
0
0
0
0
1
2
2
2
3
3
3
2
2
2
2
2
2
1
0
0
1
0
0
1
2
2
3
4
5
6
7
8
9
9
10
11
11
10
11
10
10
9
8
8
8
7
6
4
3
2
1
0
-1
-2
-3
-3
-4
-5
-6
-6
-5
-6
-6
-5
-5
-5
-5
-4
-5
-4
-4
-3
-3
-3
-2
-2
-2
-2
-1
-1
-2
-1
-1
-1
-1
-2
-2
-2
-3
-3
-3
-3
-4
-3
-3
-3
-3
-3
-2
-2
-3
-2
-2
-2
-2
-1
-1
-1
-1
-1
-1
-1
-1
0
1
